1063.886597
944.206360
825.330505
741.230713
660.216431
601.565674
553.336304
509.778046
470.528137
435.092712
403.038544
373.835754
347.468933
323.513763
301.487396
281.453827
263.309753
246.669373
231.312225
217.296204
204.380844
192.461411
181.443298
171.238449
161.747299
152.926514
144.713608
137.041916
129.841751
123.069695
116.721855
110.778282
105.210693
99.946968
94.986816
90.298462
85.870003
81.663673
77.698845
73.929352
70.355263
66.964058
63.745693
60.698063
57.774834
54.997868
52.367485
49.853886
47.469936
45.182701
43.001842
40.936577
38.955303
37.075562
35.277622
33.562386
31.929043
30.381212
28.893023
27.473797
26.132030
24.845604
23.623692
22.461346
21.362217
20.295357
19.290586
18.336189
17.424770
16.561068
15.735805
14.957870
14.214488
13.513906
12.854408
12.200717
11.596414
11.030529
10.482397
9.969032
9.475794
9.019291
8.577664
8.166514
7.766732
7.408070
7.049847
6.720061
6.401234
6.104468
5.829621
5.560218
5.334464
5.088914
4.855896
4.646368
4.443216
4.277274
4.083937
3.929411
3.760822
3.613183
3.547288
3.399053
3.236171
3.114039
2.999815
2.886602
2.792386
2.693761
2.607123
2.549120
2.464758
2.391840
2.315374
2.260689
2.307802
2.140983
2.079417
2.022716
1.973251
1.925523
1.880657
1.835354
1.805605
1.760572
1.722107
1.690765
1.653034
1.620846
1.592188
1.565969
1.539346
1.513521
1.500410
1.468779
1.449016
1.421304
1.408357
1.379249
1.377877
1.349655
1.336510
1.321598
1.301605
1.283176
1.273039
1.250856
1.249048
1.226069
1.222819
1.198247
1.197115
1.172118
1.164771
1.156219
1.152595
1.135014
1.121726
1.112738
1.099831
1.104758
1.087716
1.078644
1.086168
1.058903
1.051555
1.044730
1.050906
1.036564
1.024328
1.022442
1.021809
1.001369
0.999861
0.997877
0.993316
0.983130
0.980376
0.970632
0.973338
0.969170
0.957765
0.951584
0.951898
0.946237
0.940398
0.938673
0.936786
0.941172
0.928685
0.932201
0.920263
0.919001
0.915316
0.915389
0.914377
0.909821
0.911318
0.902786
0.900874
0.898488
0.895108
0.889702
0.909654
0.890692
0.890181
0.894219
0.879270
0.876674
0.876571
0.882996
0.865046
0.866950
0.864870
0.857609
0.859342
0.861030
0.855264
0.851028
0.849570
0.852910
0.845258
0.846602
0.840644
0.840072
0.838045
0.840121
0.832756
0.835624
0.822458
0.823386
0.831660
0.820111
0.818608
0.812056
0.811452
0.812509
0.807351
0.804441
