0.339318
0.366248
0.342908
0.379713
0.252244
0.050269
0.050269
0.050269
0.050269
0.050269
0.052065
0.124776
0.333932
0.333932
0.334829
0.333932
0.339318
0.340215
0.429084
0.432675
0.433573
0.433573
0.432675
0.433573
0.431777
0.433573
0.429982
0.430880
0.429982
0.477558
0.532316
0.538600
0.539497
0.543986
0.543088
0.544883
0.547576
0.544883
0.550269
0.550269
0.557451
0.553860
0.560144
0.557451
0.569120
0.565530
0.578097
0.568223
0.562837
0.567325
0.570018
0.588869
0.594255
0.580790
0.578995
0.587074
0.589767
0.583483
0.601436
0.609515
0.594255
0.597846
0.602334
0.616697
0.613106
0.605925
0.612208
0.607720
0.609515
0.605027
0.614004
0.605925
0.602334
0.624776
0.588869
0.610413
0.615799
0.618492
0.611311
0.627469
0.616697
0.614901
0.612208
0.634650
0.626571
0.614901
0.636445
0.621185
0.626571
0.629264
0.617594
0.640036
0.682226
0.628366
0.630162
0.614004
0.623878
0.645422
0.633752
0.638241
0.652603
0.634650
0.666068
0.625673
0.628366
0.627469
0.637343
0.640036
0.635548
0.646320
0.637343
0.639138
0.660682
0.661580
0.659785
0.667864
0.620287
0.656194
0.678636
0.680431
0.657989
0.672352
0.688510
0.684919
0.681329
0.686715
0.678636
0.704668
0.707361
0.700180
0.701077
0.704668
0.706463
0.698384
0.687612
0.694794
0.692998
0.711849
0.711849
0.719928
0.692101
0.706463
0.719030
0.711849
0.700180
0.717235
0.710952
0.711849
0.717235
0.727109
0.702873
0.749551
0.719030
0.745960
0.738779
0.729802
0.740574
0.744165
0.736086
0.742370
0.742370
0.754937
0.739677
0.739677
0.718133
0.754937
0.745960
0.758528
0.763914
0.735188
0.751347
0.761221
0.762119
0.775584
0.769300
0.763914
0.758528
0.776481
0.783662
0.780072
0.764812
0.780970
0.768402
0.777379
0.784560
0.775584
0.781867
0.793537
0.780970
0.767505
0.798923
0.801616
0.786355
0.785458
0.798923
0.779174
0.770198
0.783662
0.790844
0.794434
0.789946
0.783662
0.808797
0.799820
0.789048
0.798025
0.786355
0.788151
0.816876
0.803411
0.809695
0.791741
0.806104
0.824955
0.817774
0.815978
0.819569
0.818671
0.814183
0.829443
0.827648
0.805206
0.816876
0.812388
0.838420
0.818671
0.820467
0.838420
0.824955
0.814183
0.848294
0.840215
0.830341
0.818671
0.830341
0.835727
0.833932
0.826750
0.847397
0.848294
