983.950623
878.600586
788.225098
705.601624
632.846191
569.138916
513.098267
463.029480
418.235901
378.356995
342.629150
310.510742
281.639923
255.683838
232.338760
211.317444
192.365234
175.272293
159.818695
145.863190
133.241394
121.827225
111.488503
102.105675
93.584572
85.847298
78.807236
72.395950
66.552338
61.222439
56.354122
51.905056
47.838638
44.117027
40.709034
37.587852
34.719296
32.089447
29.671932
27.450647
25.413347
23.524734
21.791180
20.205763
18.739429
17.397583
16.148813
14.992175
13.930532
12.955932
12.065930
11.240366
10.476087
9.771997
9.120995
8.529593
7.977467
7.469594
6.995442
6.588354
6.160419
5.793791
5.453700
5.133153
4.846028
4.580249
4.336859
4.110705
3.907881
3.718179
3.541937
3.377362
3.224993
3.090501
2.966319
2.894722
2.749866
2.635372
2.535643
2.451857
2.367237
2.291104
2.220944
2.156616
2.096021
2.026333
1.969607
1.916003
1.867810
1.823013
1.777654
1.735017
1.700321
1.664425
1.624675
1.593862
1.559848
1.531482
1.502505
1.472778
1.446228
1.417346
1.397655
1.370471
1.350523
1.328702
1.308242
1.287057
1.268326
1.249477
1.236797
1.217086
1.200280
1.193937
1.180737
1.166801
1.150088
1.135094
1.125991
1.114136
1.101698
1.106822
1.079226
1.069739
1.060769
1.051339
1.043008
1.042160
1.029254
1.020472
1.011676
1.006828
1.001141
0.998398
0.989598
0.985798
0.973641
0.969009
0.966357
0.957784
0.957246
0.954736
0.945334
0.943834
0.940909
0.932925
0.931474
0.926540
0.924468
0.930796
0.926116
0.915961
0.908371
0.907843
0.907900
0.905325
0.904116
0.895249
0.891231
0.894851
0.887121
0.887175
0.886966
0.879912
0.884018
0.890298
0.874910
0.865764
0.864960
0.859968
0.863359
0.868835
0.855782
0.855797
0.847985
0.849142
0.854300
0.844751
0.843851
0.839892
0.843138
0.838762
0.834965
0.839163
0.838731
0.821097
0.820409
0.829180
0.818153
0.832304
0.822682
0.822288
0.806970
0.803456
0.810636
0.808087
0.801415
0.795376
0.795679
0.796389
0.791271
0.785980
0.786295
0.800434
0.782421
0.786021
0.792811
0.775046
0.774935
0.774819
0.769543
0.772403
0.784332
0.780183
0.762687
0.762250
0.762911
0.754968
0.755481
0.758208
0.758116
0.753279
0.744534
0.769685
0.745939
0.748931
0.744805
0.737273
0.738788
0.746116
0.732263
0.732010
0.737343
0.728305
0.721668
0.740238
0.717810
0.720305
0.721704
0.721981
