0.357271
0.342908
0.327648
0.356373
0.404847
0.447935
0.330341
0.404847
0.419210
0.338420
0.377020
0.380610
0.393178
0.427289
0.453321
0.453321
0.445242
0.473070
0.500000
0.517056
0.529623
0.527828
0.534111
0.540395
0.539497
0.539497
0.542190
0.545781
0.550269
0.558348
0.564632
0.572711
0.573609
0.580790
0.580790
0.577199
0.579892
0.591562
0.595153
0.595153
0.613106
0.607720
0.632855
0.631957
0.632855
0.649910
0.637343
0.645422
0.647217
0.662478
0.643627
0.657092
0.673250
0.672352
0.673250
0.663375
0.689408
0.673250
0.689408
0.683124
0.717235
0.717235
0.721723
0.725314
0.736984
0.736984
0.722621
0.735188
0.726212
0.738779
0.730700
0.742370
0.742370
0.734291
0.732495
0.712747
0.757630
0.734291
0.745960
0.754040
0.756733
0.753142
0.739677
0.736984
0.765709
0.754937
0.752244
0.764812
0.745960
0.756733
0.749551
0.762119
0.752244
0.771095
0.775584
0.776481
0.781867
0.771993
0.760323
0.785458
0.763914
0.761221
0.776481
0.768402
0.802513
0.755835
0.771095
0.779174
0.777379
0.804309
0.771993
0.785458
0.793537
0.808797
0.767505
0.760323
0.787253
0.788151
0.783662
0.776481
0.810592
0.788151
0.783662
0.804309
0.803411
0.807899
0.812388
0.790844
0.817774
0.810592
0.802513
0.789946
0.787253
0.815081
0.793537
0.781867
0.806104
0.811490
0.805206
0.805206
0.817774
0.813285
0.817774
0.808797
0.798025
0.833034
0.803411
0.812388
0.831239
0.804309
0.826750
0.824057
0.830341
0.843806
0.813285
0.834829
0.812388
0.831239
0.827648
0.825853
0.833034
0.850090
0.816876
0.846499
0.812388
0.806104
0.831239
0.844704
0.848294
0.854578
0.840215
0.815978
0.842908
0.828546
0.864452
0.850987
0.850090
0.842908
0.838420
0.842908
0.837522
0.843806
0.863555
0.848294
0.846499
0.866248
0.862657
0.848294
0.857271
0.845601
0.850090
0.837522
0.857271
0.865350
0.853680
0.844704
0.868941
0.880610
0.867145
0.879713
0.866248
0.881508
0.869838
0.848294
0.868941
0.859964
0.876122
0.868941
0.871634
0.872531
0.885996
0.876122
0.848294
0.857271
0.878815
0.891382
0.879713
0.877917
0.887792
0.877020
0.886894
0.907540
0.890485
0.859066
0.889587
0.884201
0.873429
0.901257
0.878815
0.877917
0.894973
0.912926
0.879713
0.884201
0.895871
0.882406
0.900359
0.901257
0.896768
0.883303
