944.971008
819.195435
715.714233
633.074890
559.568665
494.364410
436.741089
385.833130
340.895721
301.199829
266.154999
234.992615
207.640076
183.519196
162.242111
143.469238
126.889099
112.259567
99.352852
87.960503
77.904305
69.034676
61.203030
54.271557
48.142262
42.738705
37.971790
33.766521
30.045921
26.763369
23.859095
21.283083
19.007914
16.998779
15.227034
13.650329
12.264437
11.030274
9.938682
8.978776
8.124265
7.365711
6.707009
6.103952
5.578472
5.114704
4.698540
4.330378
4.003137
3.719082
3.458974
3.227232
3.025363
2.849217
2.683751
2.530957
2.403224
2.282867
2.181253
2.076100
1.989460
1.907204
1.831934
1.764575
1.705348
1.646037
1.597395
1.551705
1.507876
1.474135
1.468359
1.405384
1.377430
1.345549
1.320917
1.298990
1.278326
1.256970
1.233925
1.218992
1.205835
1.187605
1.170300
1.158481
1.145209
1.136430
1.123166
1.117596
1.101482
1.097278
1.085991
1.080825
1.067597
1.066486
1.056834
1.061879
1.042024
1.037555
1.043748
1.028862
1.029802
1.018344
1.017316
1.020311
1.007506
1.009212
1.008116
0.998387
0.997837
0.992898
0.993372
0.989776
0.987867
0.986957
0.984892
0.980960
0.985502
0.976076
0.972571
0.969155
0.968809
0.975039
0.966383
0.965417
0.968593
0.956264
0.959428
0.952735
0.950857
0.950473
0.953048
0.946782
0.940568
0.947585
0.936418
0.940565
0.940735
0.933878
0.931103
0.929976
0.927141
0.923779
0.925276
0.920147
0.919921
0.917899
0.913177
0.916342
0.911736
0.908972
0.902776
0.901239
0.900853
0.898022
0.896649
0.896350
0.888102
0.887902
0.888896
0.902945
0.887271
0.886456
0.889570
0.874482
0.875589
0.879400
0.877184
0.865671
0.866593
0.887190
0.860322
0.863635
0.854496
0.853254
0.856019
0.847789
0.857856
0.850930
0.843623
0.844950
0.845317
0.844241
0.834105
0.836777
0.847957
0.838817
0.829190
0.826562
0.828781
0.823469
0.822776
0.823957
0.815359
0.814702
0.814500
0.815989
0.814858
0.806441
0.805665
0.801714
0.798808
0.798012
0.803062
0.805268
0.799317
0.790306
0.791041
0.799067
0.791482
0.793165
0.784761
0.792200
0.782029
0.781453
0.772594
0.772955
0.774497
0.783683
0.771664
0.784854
0.781064
0.769183
0.769120
0.763299
0.761599
0.766348
0.760280
0.764276
0.761492
0.753903
0.748488
0.755286
0.753154
0.754324
0.749955
0.743906
0.742286
0.739673
0.740020
0.750187
