0.406643
0.337522
0.192101
0.086176
0.192101
0.270197
0.275583
0.277379
0.280969
0.280969
0.280969
0.380610
0.359964
0.393178
0.400359
0.405745
0.414722
0.427289
0.431777
0.438959
0.440754
0.441652
0.442549
0.442549
0.463196
0.520646
0.535907
0.539497
0.543088
0.544883
0.546679
0.552962
0.564632
0.573609
0.564632
0.575404
0.578097
0.589767
0.624776
0.629264
0.622083
0.642729
0.626571
0.640934
0.653501
0.664273
0.679533
0.667864
0.692101
0.662478
0.677738
0.691203
0.702873
0.692101
0.669659
0.674147
0.699282
0.692101
0.707361
0.696589
0.712747
0.722621
0.708259
0.706463
0.727109
0.728007
0.709156
0.712747
0.736086
0.719928
0.677738
0.722621
0.730700
0.739677
0.728905
0.728007
0.744165
0.725314
0.737881
0.731598
0.741472
0.737881
0.740574
0.752244
0.761221
0.763914
0.750449
0.734291
0.755835
0.742370
0.753142
0.740574
0.764812
0.737881
0.755835
0.759426
0.772891
0.761221
0.752244
0.765709
0.733393
0.765709
0.782765
0.754040
0.771095
0.745960
0.776481
0.766607
0.775584
0.776481
0.780970
0.769300
0.770198
0.763016
0.791741
0.793537
0.745960
0.773788
0.774686
0.765709
0.765709
0.763016
0.760323
0.771095
0.785458
0.798025
0.784560
0.785458
0.777379
0.784560
0.786355
0.795332
0.782765
0.778277
0.789946
0.797127
0.763914
0.798025
0.799820
0.778277
0.786355
0.784560
0.802513
0.791741
0.787253
0.812388
0.807899
0.799820
0.799820
0.794434
0.824057
0.809695
0.799820
0.813285
0.805206
0.806104
0.824955
0.804309
0.796230
0.766607
0.826750
0.798923
0.802513
0.807002
0.832136
0.811490
0.813285
0.830341
0.818671
0.788151
0.821364
0.816876
0.818671
0.831239
0.816876
0.825853
0.823160
0.814183
0.824955
0.836625
0.821364
0.833034
0.842011
0.832136
0.823160
0.811490
0.825853
0.831239
0.831239
0.833034
0.839318
0.825853
0.850987
0.834829
0.855476
0.833034
0.833034
0.850090
0.841113
0.852783
0.852783
0.855476
0.839318
0.850987
0.838420
0.853680
0.846499
0.835727
0.840215
0.840215
0.862657
0.839318
0.856373
0.848294
0.872531
0.868043
0.864452
0.850090
0.864452
0.864452
0.835727
0.849192
0.853680
0.853680
0.873429
0.853680
0.869838
0.843806
0.849192
0.862657
0.866248
0.848294
0.853680
0.861759
0.857271
0.877917
0.876122
0.879713
0.870736
0.863555
