0.348294
0.403950
0.449731
0.429084
0.451526
0.468582
0.486535
0.444345
0.294434
0.251346
0.268402
0.280072
0.326750
0.329443
0.329443
0.332136
0.331239
0.385996
0.383303
0.429084
0.431777
0.447038
0.473070
0.491921
0.490126
0.496409
0.509874
0.531418
0.535907
0.541293
0.546679
0.553860
0.569120
0.572711
0.578097
0.577199
0.578097
0.590664
0.587074
0.595153
0.605027
0.610413
0.613106
0.617594
0.622083
0.615799
0.622083
0.614004
0.623878
0.621185
0.638241
0.637343
0.640934
0.642729
0.628366
0.663375
0.665171
0.658887
0.660682
0.653501
0.661580
0.659785
0.679533
0.684919
0.682226
0.684919
0.690305
0.708259
0.687612
0.702873
0.693896
0.701975
0.710054
0.682226
0.687612
0.695691
0.718133
0.710054
0.715440
0.725314
0.706463
0.712747
0.696589
0.729802
0.710952
0.692101
0.735188
0.737881
0.721723
0.736984
0.710952
0.744165
0.725314
0.711849
0.694794
0.701077
0.729802
0.724416
0.729802
0.735188
0.745960
0.733393
0.741472
0.717235
0.756733
0.749551
0.753142
0.750449
0.729802
0.730700
0.743267
0.749551
0.744165
0.761221
0.762119
0.754937
0.783662
0.787253
0.751347
0.780970
0.770198
0.774686
0.780970
0.777379
0.780072
0.780072
0.794434
0.762119
0.787253
0.763016
0.776481
0.797127
0.785458
0.764812
0.765709
0.808797
0.788151
0.778277
0.785458
0.781867
0.789946
0.801616
0.804309
0.812388
0.803411
0.812388
0.808797
0.822262
0.800718
0.796230
0.807002
0.797127
0.820467
0.817774
0.804309
0.815978
0.815081
0.816876
0.827648
0.823160
0.820467
0.815081
0.812388
0.840215
0.830341
0.839318
0.812388
0.839318
0.819569
0.828546
0.844704
0.828546
0.856373
0.838420
0.859964
0.839318
0.852783
0.835727
0.849192
0.838420
0.849192
0.842011
0.845601
0.835727
0.855476
0.863555
0.860862
0.845601
0.857271
0.846499
0.845601
0.847397
0.871634
0.859066
0.861759
0.832136
0.872531
0.860862
0.856373
0.863555
0.871634
0.869838
0.863555
0.861759
0.859964
0.871634
0.877917
0.877917
0.869838
0.868941
0.868941
0.878815
0.866248
0.885099
0.883303
0.871634
0.881508
0.879713
0.867145
0.876122
0.874327
0.866248
0.885996
0.881508
0.882406
0.890485
0.895871
0.870736
0.880610
0.882406
0.881508
0.870736
0.896768
0.877917
0.900359
0.885099
0.884201
0.881508
0.874327
0.881508
