1055.458984
917.328857
813.518799
728.954163
656.658386
594.732056
539.503906
490.775574
447.841248
410.850037
377.172424
346.809937
319.504364
294.867340
272.548950
252.269821
233.811188
216.984512
201.599304
187.478485
174.574905
162.720993
151.831711
141.799133
132.548187
123.998650
116.085785
108.741127
101.923271
95.591721
89.697639
84.202904
79.075645
74.299408
69.830467
65.649445
61.736610
58.080551
54.635471
51.408669
48.390949
45.532711
42.869995
40.358166
37.998650
35.762939
33.669678
31.696989
29.851740
28.103298
26.450712
24.909275
23.450094
22.074459
20.784176
19.565397
18.404900
17.345064
16.323614
15.364602
14.478845
13.621281
12.836840
12.097071
11.391673
10.733848
10.110422
9.558072
9.000421
8.488395
8.010463
7.566731
7.139025
6.821043
6.390326
6.040888
5.711150
5.407043
5.122484
4.864079
4.610361
4.369555
4.152301
3.948723
3.761266
3.585679
3.415316
3.261235
3.118237
2.982347
2.857251
2.750471
2.631814
2.529039
2.440824
2.358334
2.259155
2.184741
2.109083
2.043303
1.973483
1.914412
1.858608
1.821110
1.758050
1.719619
1.669232
1.627686
1.592432
1.555446
1.518618
1.486643
1.462016
1.424058
1.399831
1.384717
1.352785
1.329310
1.313977
1.288228
1.267980
1.248962
1.234276
1.221860
1.201472
1.194953
1.171734
1.161200
1.139344
1.128268
1.115838
1.100644
1.089891
1.105101
1.085067
1.070168
1.058188
1.055872
1.041777
1.032871
1.021262
1.011242
1.007427
0.996438
0.991701
0.985590
0.975606
0.973385
0.962506
0.959813
0.951560
0.947324
0.934883
0.929394
0.925365
0.918308
0.910999
0.908415
0.901654
0.901117
0.896259
0.891721
0.890538
0.878752
0.884731
0.875123
0.880657
0.869868
0.876410
0.868590
0.855400
0.853429
0.849033
0.851701
0.846250
0.841484
0.835924
0.853041
0.829241
0.831833
0.823646
0.831685
0.821342
0.824883
0.814472
0.816506
0.810316
0.814127
0.814591
0.810659
0.810633
0.810443
0.803705
0.794365
0.794591
0.802199
0.789638
0.787382
0.786748
0.793958
0.780068
0.780161
0.776178
0.780918
0.780555
0.772131
0.768393
0.768484
0.766853
0.766486
0.776245
0.756623
0.758931
0.761124
0.755811
0.753382
0.747523
0.749254
0.762805
0.745870
0.741932
0.750871
0.739268
0.740716
0.739834
0.734431
0.733191
0.741880
0.733757
0.728067
0.728937
0.731211
0.724905
0.724094
0.719866
0.722201
0.727453
0.720462
0.733617
0.723102
