0.347397
0.327648
0.369838
0.260323
0.136445
0.124776
0.066427
0.066427
0.066427
0.066427
0.066427
0.171454
0.277379
0.285458
0.290844
0.292639
0.298025
0.298025
0.298923
0.298923
0.428187
0.429982
0.430880
0.432675
0.432675
0.432675
0.438061
0.456014
0.488330
0.506284
0.526930
0.537702
0.538600
0.542190
0.544883
0.552065
0.562837
0.563734
0.569120
0.573609
0.578097
0.586176
0.583483
0.585278
0.589767
0.600539
0.604129
0.605027
0.608618
0.614901
0.617594
0.614901
0.621185
0.622083
0.632855
0.623878
0.633752
0.634650
0.639138
0.635548
0.637343
0.633752
0.638241
0.644524
0.645422
0.649910
0.659785
0.693896
0.653501
0.651706
0.660682
0.652603
0.659785
0.636445
0.691203
0.666966
0.644524
0.665171
0.674147
0.692998
0.674147
0.666966
0.701975
0.711849
0.692998
0.701077
0.709156
0.696589
0.649910
0.711849
0.679533
0.707361
0.721723
0.716338
0.730700
0.714542
0.709156
0.739677
0.710054
0.742370
0.728007
0.722621
0.666966
0.715440
0.736984
0.713645
0.718133
0.729802
0.720826
0.715440
0.732495
0.724416
0.719928
0.728007
0.745960
0.736086
0.752244
0.728905
0.717235
0.726212
0.758528
0.743267
0.756733
0.751347
0.751347
0.728007
0.779174
0.746858
0.767505
0.742370
0.771993
0.788151
0.760323
0.757630
0.802513
0.773788
0.771095
0.755835
0.766607
0.780970
0.784560
0.796230
0.790844
0.802513
0.798923
0.803411
0.807899
0.805206
0.782765
0.821364
0.807899
0.820467
0.828546
0.824955
0.804309
0.827648
0.807899
0.821364
0.818671
0.804309
0.849192
0.820467
0.836625
0.828546
0.832136
0.830341
0.851885
0.807899
0.839318
0.816876
0.807899
0.848294
0.833034
0.832136
0.857271
0.831239
0.833034
0.857271
0.828546
0.851885
0.844704
0.855476
0.822262
0.864452
0.846499
0.838420
0.864452
0.854578
0.844704
0.859066
0.870736
0.831239
0.875224
0.859066
0.834829
0.852783
0.847397
0.850090
0.860862
0.870736
0.857271
0.866248
0.866248
0.877917
0.851885
0.850090
0.865350
0.865350
0.852783
0.848294
0.845601
0.852783
0.877917
0.865350
0.869838
0.877020
0.862657
0.876122
0.880610
0.868043
0.872531
0.875224
0.884201
0.834829
0.854578
0.883303
0.887792
0.883303
0.877020
0.890485
0.890485
0.880610
0.895871
0.891382
0.874327
0.902154
0.889587
0.884201
0.880610
0.900359
