995.458679
894.549072
801.649719
718.331665
649.876221
591.430054
538.502380
490.485901
446.967957
407.578918
371.920837
339.349823
309.958649
283.322144
259.152283
237.203629
217.244095
199.093307
182.556229
167.493698
153.527435
141.006622
129.570831
119.123688
109.567101
100.811707
92.781807
85.425102
78.684456
72.500099
66.827568
61.623222
56.844604
52.451580
48.398067
44.662041
41.227592
38.073143
35.167774
32.499653
30.037735
27.767241
25.687403
23.759184
21.985497
20.351774
18.853216
17.465227
16.190445
15.008932
13.926460
12.924867
12.009609
11.158103
10.374681
9.657242
8.995667
8.380816
7.828061
7.302907
6.827773
6.386711
5.984090
5.618227
5.271815
4.955333
4.665338
4.412027
4.155168
3.928880
3.730761
3.535674
3.358346
3.208941
3.049916
2.908699
2.797582
2.671888
2.563939
2.462396
2.371267
2.280309
2.194843
2.119174
2.047826
1.985821
1.925601
1.875005
1.902603
1.771766
1.730598
1.683154
1.642317
1.608701
1.592442
1.544106
1.513712
1.487558
1.458053
1.428934
1.404576
1.388712
1.528100
1.371234
1.341686
1.318738
1.298106
1.277901
1.271620
1.259103
1.236369
1.222181
1.209887
1.196263
1.181244
1.175648
1.155753
1.146911
1.143150
1.127494
1.120202
1.112363
1.099723
1.092722
1.086391
1.082633
1.063166
1.060114
1.047237
1.057262
1.038721
1.022865
1.019616
1.015562
1.007536
0.997094
0.992899
0.989183
0.985560
0.974800
0.974906
0.962296
0.961843
0.960386
0.945583
0.948585
0.948595
0.932492
0.933069
0.921930
0.921771
0.911882
0.905280
0.908945
0.905190
0.899120
0.897613
0.894188
0.898273
0.906938
0.881052
0.882765
0.875611
0.873469
0.871728
0.870432
0.867701
0.878273
0.855647
0.863008
0.862988
0.846688
0.849828
0.850155
0.841057
0.853552
0.840534
0.835561
0.841687
0.827307
0.831100
0.822533
0.832105
0.817238
0.821701
0.820101
0.810484
0.810195
0.815935
0.808226
0.806889
0.823901
0.798370
0.796031
0.812253
0.800284
0.797314
0.794339
0.787851
0.787759
0.791702
0.780380
0.778047
0.774678
0.783028
0.783005
0.778812
0.773078
0.777003
0.772882
0.778566
0.779115
0.758434
0.760424
0.758761
0.759165
0.761886
0.752665
0.745200
0.767864
0.750851
0.742779
0.737303
0.771267
0.756182
0.735565
0.735231
0.739449
0.732242
0.732234
0.725207
0.731566
0.720117
0.717994
0.734495
0.723688
0.715958
0.721108
0.718479
0.708893
