0.324955
0.420108
0.452424
0.447935
0.441652
0.308797
0.237882
0.261221
0.307899
0.324955
0.332136
0.327648
0.330341
0.337522
0.343806
0.350987
0.356373
0.377020
0.377917
0.379713
0.377917
0.387792
0.432675
0.463196
0.471275
0.492819
0.495512
0.506284
0.547576
0.544883
0.554758
0.554758
0.556553
0.555655
0.559246
0.558348
0.554758
0.561041
0.561041
0.569120
0.572711
0.579892
0.587074
0.586176
0.587971
0.601436
0.605027
0.604129
0.609515
0.621185
0.614004
0.605027
0.597846
0.625673
0.622083
0.627469
0.638241
0.627469
0.646320
0.644524
0.640934
0.644524
0.645422
0.659785
0.658887
0.639138
0.639138
0.632855
0.636445
0.670557
0.677738
0.653501
0.666068
0.663375
0.630162
0.645422
0.639138
0.677738
0.657092
0.640934
0.679533
0.649013
0.693896
0.657989
0.701975
0.689408
0.678636
0.689408
0.690305
0.719030
0.698384
0.728007
0.685817
0.719030
0.691203
0.736984
0.674147
0.721723
0.736086
0.728905
0.745063
0.745960
0.742370
0.735188
0.745063
0.776481
0.737881
0.745063
0.756733
0.753142
0.745960
0.771993
0.766607
0.763016
0.763016
0.764812
0.796230
0.766607
0.777379
0.732495
0.788151
0.791741
0.795332
0.798025
0.769300
0.777379
0.824057
0.789048
0.810592
0.806104
0.808797
0.784560
0.806104
0.811490
0.814183
0.777379
0.789048
0.804309
0.802513
0.798025
0.831239
0.792639
0.818671
0.842908
0.808797
0.821364
0.840215
0.808797
0.798923
0.838420
0.788151
0.799820
0.806104
0.824057
0.833932
0.839318
0.843806
0.832136
0.829443
0.837522
0.842011
0.846499
0.829443
0.849192
0.823160
0.833932
0.831239
0.828546
0.851885
0.833932
0.829443
0.835727
0.855476
0.850090
0.850987
0.837522
0.855476
0.827648
0.829443
0.850987
0.840215
0.851885
0.849192
0.857271
0.857271
0.843806
0.867145
0.845601
0.849192
0.873429
0.854578
0.856373
0.835727
0.864452
0.877917
0.868043
0.849192
0.875224
0.870736
0.868941
0.859964
0.885996
0.861759
0.862657
0.875224
0.877020
0.865350
0.864452
0.875224
0.868941
0.873429
0.855476
0.856373
0.891382
0.859964
0.859964
0.869838
0.870736
0.886894
0.872531
0.877020
0.869838
0.877020
0.880610
0.866248
0.870736
0.865350
0.874327
0.880610
0.859964
0.884201
0.876122
0.879713
0.885996
0.877020
0.870736
0.894075
0.869838
0.875224
0.892280
