1012.105286
881.707947
792.247437
716.337891
648.686401
587.131653
537.672302
491.861572
450.930939
414.199097
381.096497
351.270996
324.304108
299.913635
277.763062
257.669769
239.343262
222.573318
207.288269
193.306702
180.476181
168.671127
157.657990
147.619354
138.368927
129.793488
121.846115
114.437302
107.540581
101.147629
95.175125
89.600983
84.391129
79.512245
74.927032
70.627701
66.595833
62.794643
59.219707
55.844601
52.665085
49.670837
46.842243
44.195690
41.703709
39.325996
37.093006
34.989788
33.005211
31.134693
29.372589
27.708456
26.149904
24.640688
23.237274
21.920128
20.673559
19.498232
18.388947
17.344542
16.357710
15.437848
14.567534
13.748874
12.969994
12.246632
11.561896
10.930264
10.319463
9.749625
9.219592
8.723750
8.250822
7.807570
7.422251
7.010146
6.642441
6.305298
5.977382
5.674735
5.386055
5.133048
4.877959
4.637482
4.410619
4.198975
4.028949
3.836914
3.665898
3.497872
3.346487
3.203079
3.074878
2.935611
2.825263
2.715227
2.651435
2.514200
2.412785
2.331932
2.247414
2.178106
2.100719
2.039468
1.977037
1.924088
1.866263
1.813129
1.773704
1.719894
1.675081
1.632617
1.588278
1.558796
1.540909
1.485713
1.450574
1.416734
1.398965
1.532819
1.352302
1.317053
1.299341
1.276341
1.268452
1.238167
1.218644
1.201074
1.185331
1.173145
1.153848
1.151004
1.128860
1.118043
1.104845
1.098785
1.084240
1.083187
1.064032
1.057729
1.040442
1.039740
1.024452
1.020941
1.015844
1.003466
1.002568
0.992475
0.985750
0.980837
0.977865
0.967334
0.959495
0.950866
0.944340
0.939912
0.932799
0.925721
0.925102
0.913259
0.913227
0.902744
0.903452
0.901349
0.894653
0.894085
0.888783
0.881138
0.878073
0.879664
0.876388
0.867113
0.859475
0.857225
0.851381
0.855566
0.842273
0.859013
0.848273
0.834332
0.843404
0.829546
0.833254
0.821925
0.819208
0.823008
0.811895
0.818586
0.811048
0.807205
0.807903
0.813785
0.811312
0.797852
0.795630
0.792727
0.795308
0.785621
0.783207
0.783564
0.801128
0.778164
0.779863
0.776381
0.777323
0.772632
0.767395
0.765756
0.773149
0.766300
0.764905
0.762299
0.772635
0.754578
0.754968
0.761645
0.752605
0.748664
0.748453
0.747023
0.746559
0.742298
0.742010
0.735166
0.741856
0.750918
0.742828
0.753595
0.729658
0.740231
0.736218
0.728300
0.725654
0.727112
0.726340
0.727117
0.715727
0.728354
0.722016
0.713831
