980.196289
856.469971
761.826355
682.158325
609.634644
545.492554
489.157715
438.740967
394.649597
355.135132
319.941711
288.458405
260.275726
235.105865
212.544113
192.288651
174.106659
157.768127
143.064728
129.824905
117.902695
107.111839
97.366646
88.562141
80.615829
73.438049
66.947968
61.061932
55.738235
50.916553
46.553661
42.579418
38.974747
35.703896
32.718376
30.001722
27.533209
25.287683
23.234978
21.372601
19.667805
18.115091
16.704659
15.411893
14.228920
13.154722
12.169291
11.264243
10.439103
9.690257
8.996309
8.361237
7.783401
7.257768
6.773403
6.335814
5.926727
5.553677
5.206843
4.897137
4.609878
4.332689
4.089154
3.869935
3.664497
3.472040
3.300569
3.141418
2.989690
2.862448
2.731047
2.619996
2.509622
2.432734
2.328291
2.250753
2.160958
2.090355
2.022799
1.959089
1.905863
1.851321
1.801150
1.757237
1.708333
1.671189
1.625226
1.588560
1.556945
1.525871
1.505970
1.481287
1.454359
1.420413
1.407195
1.373466
1.360737
1.334201
1.324749
1.300384
1.290554
1.268005
1.263092
1.236352
1.241364
1.206978
1.194807
1.191401
1.184074
1.163179
1.151076
1.132971
1.131805
1.118200
1.111217
1.097022
1.097852
1.085756
1.073557
1.066359
1.057557
1.054822
1.041947
1.039743
1.028933
1.034336
1.015374
1.010109
1.002524
1.003033
1.002289
0.986459
0.981623
0.991375
0.985192
0.967444
0.971405
0.960433
0.953947
0.945822
0.966067
0.942225
0.934430
0.950746
0.928108
0.926056
0.921534
0.915219
0.913929
0.917267
0.910795
0.903701
0.903789
0.905339
0.899977
0.899872
0.884791
0.883974
0.895514
0.883415
0.867854
0.877817
0.865021
0.877735
0.856370
0.858860
0.851863
0.847640
0.861243
0.842172
0.855014
0.839167
0.833731
0.850721
0.826040
0.822860
0.834463
0.824682
0.816266
0.817653
0.824587
0.807685
0.809821
0.819789
0.799855
0.809370
0.790843
0.795419
0.792023
0.784588
0.793549
0.824397
0.784897
0.801833
0.781931
0.777712
0.781336
0.773343
0.770462
0.768150
0.763257
0.757107
0.771706
0.757564
0.767693
0.757244
0.757004
0.753449
0.751256
0.743121
0.751069
0.747514
0.749153
0.744699
0.735703
0.733067
0.759453
0.739682
0.738936
0.730928
0.729375
0.720871
0.723455
0.717037
0.744149
0.720558
0.720621
0.716826
0.713058
0.715579
0.724725
0.725321
0.719709
0.709508
0.709438
0.703928
0.698258
0.705564
0.699365
0.697880
