0.197487
0.308797
0.364452
0.422801
0.429982
0.448833
0.412029
0.332136
0.305206
0.343806
0.376122
0.395871
0.430880
0.444345
0.439856
0.444345
0.442549
0.447935
0.446140
0.447935
0.448833
0.470377
0.482944
0.517056
0.529623
0.534111
0.541293
0.555655
0.557451
0.564632
0.563734
0.565530
0.572711
0.574506
0.575404
0.588869
0.594255
0.593357
0.609515
0.609515
0.618492
0.623878
0.630162
0.638241
0.639138
0.652603
0.645422
0.635548
0.658887
0.650808
0.661580
0.654399
0.662478
0.662478
0.664273
0.644524
0.677738
0.643627
0.654399
0.695691
0.692101
0.660682
0.680431
0.697487
0.671454
0.680431
0.704668
0.673250
0.707361
0.688510
0.692101
0.703770
0.709156
0.672352
0.698384
0.683124
0.708259
0.686715
0.693896
0.712747
0.726212
0.706463
0.697487
0.716338
0.732495
0.725314
0.717235
0.733393
0.741472
0.722621
0.736984
0.723519
0.752244
0.741472
0.730700
0.722621
0.723519
0.761221
0.724416
0.734291
0.710952
0.735188
0.716338
0.751347
0.726212
0.762119
0.756733
0.758528
0.714542
0.775584
0.745960
0.767505
0.742370
0.759426
0.761221
0.779174
0.756733
0.772891
0.778277
0.761221
0.766607
0.782765
0.788151
0.754040
0.796230
0.748653
0.787253
0.802513
0.795332
0.779174
0.794434
0.794434
0.809695
0.761221
0.807899
0.807899
0.785458
0.818671
0.823160
0.827648
0.763914
0.812388
0.832136
0.763914
0.811490
0.814183
0.831239
0.823160
0.813285
0.835727
0.833932
0.820467
0.823160
0.804309
0.813285
0.815978
0.844704
0.847397
0.836625
0.832136
0.851885
0.836625
0.851885
0.808797
0.842908
0.831239
0.845601
0.859066
0.829443
0.854578
0.843806
0.855476
0.847397
0.846499
0.861759
0.873429
0.828546
0.873429
0.871634
0.850987
0.834829
0.882406
0.865350
0.845601
0.863555
0.849192
0.874327
0.885099
0.872531
0.882406
0.866248
0.842908
0.867145
0.845601
0.861759
0.882406
0.852783
0.862657
0.867145
0.869838
0.893178
0.889587
0.860862
0.887792
0.875224
0.872531
0.875224
0.894075
0.902154
0.902154
0.864452
0.871634
0.893178
0.886894
0.894075
0.903052
0.843806
0.886894
0.874327
0.885099
0.903052
0.908438
0.903052
0.913824
0.858169
0.913824
0.888689
0.905745
0.902154
0.890485
0.894075
0.867145
0.870736
0.889587
0.893178
0.899461
0.917415
0.888689
0.917415
0.896768
