0.333932
0.388689
0.415619
0.427289
0.427289
0.437163
0.434470
0.445242
0.464991
0.491023
0.503591
0.527828
0.538600
0.562837
0.570916
0.576302
0.581688
0.590664
0.592460
0.596948
0.591562
0.597846
0.597846
0.600539
0.614901
0.630162
0.623878
0.631059
0.644524
0.641831
0.653501
0.652603
0.663375
0.665171
0.651706
0.648115
0.665171
0.663375
0.666068
0.663375
0.662478
0.658887
0.661580
0.661580
0.661580
0.670557
0.658887
0.661580
0.654399
0.668761
0.675943
0.686715
0.682226
0.688510
0.687612
0.693896
0.684919
0.696589
0.699282
0.690305
0.694794
0.703770
0.719030
0.710952
0.721723
0.707361
0.709156
0.708259
0.700180
0.724416
0.710952
0.715440
0.700180
0.705566
0.694794
0.702873
0.705566
0.715440
0.712747
0.712747
0.705566
0.719030
0.704668
0.706463
0.701077
0.707361
0.718133
0.714542
0.722621
0.710952
0.719928
0.720826
0.723519
0.722621
0.721723
0.723519
0.713645
0.725314
0.729802
0.731598
0.730700
0.717235
0.729802
0.735188
0.735188
0.736984
0.746858
0.724416
0.745960
0.736086
0.754937
0.752244
0.775584
0.762119
0.758528
0.763016
0.771993
0.759426
0.780970
0.771095
0.776481
0.766607
0.762119
0.781867
0.766607
0.780072
0.786355
0.777379
0.780970
0.792639
0.782765
0.791741
0.780970
0.789048
0.775584
0.788151
0.799820
0.799820
0.800718
0.784560
0.802513
0.787253
0.823160
0.809695
0.828546
0.812388
0.828546
0.821364
0.801616
0.821364
0.827648
0.824955
0.822262
0.811490
0.817774
0.818671
0.825853
0.825853
0.824057
0.824057
0.819569
0.830341
0.850987
0.829443
0.837522
0.835727
0.831239
0.826750
0.854578
0.833034
0.837522
0.855476
0.836625
0.836625
0.843806
0.840215
0.853680
0.846499
0.833932
0.859964
0.832136
0.858169
0.849192
0.861759
0.828546
0.850090
0.877917
0.869838
0.855476
0.867145
0.836625
0.856373
0.855476
0.863555
0.859066
0.850987
0.868043
0.872531
0.859066
0.846499
0.866248
0.869838
0.864452
0.868941
0.880610
0.871634
0.859964
0.882406
0.885996
0.887792
0.878815
0.882406
0.878815
0.889587
0.870736
0.888689
0.871634
0.863555
0.887792
0.891382
0.883303
0.868043
0.890485
0.886894
0.878815
0.885099
0.873429
0.893178
0.885099
0.877917
0.885996
0.894973
0.895871
0.886894
0.900359
0.895871
0.888689
0.901257
0.905745
0.903950
