943.003845
829.137817
733.320312
650.106201
576.846558
511.346039
453.329895
402.126648
356.712616
316.530029
280.856354
249.228256
221.158661
196.227051
174.118149
154.482925
137.079514
121.631393
107.940758
95.785606
85.015091
75.456589
66.990700
59.487984
52.829308
46.942055
41.736736
37.131069
33.054356
29.443972
26.252417
23.433313
20.933067
18.732435
16.789886
15.067557
13.547301
12.203433
11.014700
9.965718
9.036601
8.214341
7.487936
6.842323
6.267532
5.761365
5.307273
4.904790
4.548238
4.230353
3.943148
3.680169
3.454849
3.250989
3.066289
2.891843
2.737335
2.602210
2.482914
2.376521
2.278200
2.177020
2.090172
2.019194
1.949074
1.890577
1.835174
1.785276
1.737646
1.694264
1.655074
1.619818
1.584766
1.553930
1.524033
1.497724
1.473415
1.446734
1.423172
1.402373
1.383220
1.365938
1.347899
1.329333
1.315014
1.301349
1.286388
1.273211
1.260246
1.250759
1.239688
1.229798
1.219299
1.212533
1.200993
1.194705
1.188145
1.178491
1.171070
1.164054
1.154926
1.147822
1.138790
1.132030
1.122214
1.113958
1.106044
1.101250
1.093177
1.086764
1.081804
1.076254
1.067460
1.064725
1.061304
1.055340
1.049412
1.049902
1.042981
1.036526
1.032575
1.029275
1.025919
1.020890
1.019004
1.015975
1.007784
1.008452
1.004762
1.000615
0.997573
0.991683
0.990727
0.987512
0.986274
0.980988
0.974333
0.972245
0.970070
0.968454
0.961031
0.958071
0.950405
0.952106
0.943356
0.943120
0.939402
0.936183
0.934227
0.926035
0.921835
0.924504
0.922061
0.925454
0.916586
0.914052
0.908553
0.907689
0.907775
0.909332
0.902187
0.896152
0.892742
0.892798
0.889185
0.884981
0.892311
0.881494
0.878785
0.880834
0.874187
0.873882
0.872733
0.870521
0.865611
0.864596
0.861404
0.856550
0.860996
0.853533
0.866568
0.851039
0.850743
0.841839
0.844489
0.840307
0.838370
0.831688
0.828662
0.822750
0.831964
0.821950
0.820634
0.813392
0.813666
0.816734
0.809897
0.807836
0.804989
0.812615
0.802964
0.798601
0.796696
0.797821
0.794190
0.793532
0.795989
0.785527
0.784863
0.783913
0.782987
0.777944
0.779751
0.777381
0.771194
0.767614
0.773699
0.775361
0.764513
0.763323
0.761797
0.766983
0.757378
0.758236
0.758774
0.757854
0.755618
0.748513
0.747316
0.750429
0.745674
0.740406
0.742144
0.742509
0.735478
0.738143
0.738912
0.731609
0.728799
0.727038
