992.752075
874.510254
787.555298
697.572144
619.741638
561.994690
508.595825
460.602814
417.459869
378.649902
343.718689
312.241486
283.874542
258.274780
235.184998
214.027420
195.117416
178.056686
162.606522
148.622910
135.790558
124.028664
113.598869
104.152374
95.558174
87.746910
80.639435
74.163101
68.259651
62.827065
57.868977
53.354118
49.238708
45.484684
42.035599
38.875153
35.977322
33.317783
30.884647
28.643734
26.589378
24.707930
22.987663
21.356541
19.883383
18.524952
17.271107
16.142963
15.045440
14.060451
13.152946
12.315619
11.542497
10.807583
10.143379
9.516411
8.959645
8.415061
7.922856
7.463482
7.036177
6.642561
6.283643
5.937464
5.622424
5.325942
5.057755
4.800359
4.568575
4.338910
4.132817
3.944086
3.763694
3.622020
3.452333
3.299690
3.162923
3.031837
2.916085
2.820372
2.707320
2.631297
2.527792
2.434575
2.356022
2.280929
2.234224
2.150928
2.083241
2.127530
1.983646
1.923887
1.885552
1.829446
1.783528
1.745359
1.707848
1.672689
1.638779
1.613097
1.581687
1.545096
1.526278
1.494642
1.472881
1.439805
1.424102
1.400012
1.389760
1.372388
1.353385
1.330710
1.322406
1.302361
1.280886
1.276245
1.255375
1.241180
1.231673
1.230672
1.214271
1.202526
1.194507
1.194047
1.176293
1.168220
1.168691
1.161626
1.146542
1.137768
1.132457
1.130567
1.115320
1.113578
1.105762
1.104305
1.098744
1.094191
1.094414
1.083344
1.087771
1.078426
1.069904
1.069165
1.063561
1.057314
1.055754
1.051780
1.049155
1.044097
1.043464
1.037999
1.035464
1.026694
1.029285
1.024862
1.026529
1.014531
1.016341
1.012880
1.007872
1.004339
0.998584
1.003838
0.992332
0.992307
0.996248
0.989355
0.986217
0.990796
0.982634
0.983031
0.969844
0.967643
0.972765
0.965760
0.961622
0.964359
0.965068
0.952263
0.955661
0.955335
0.945309
0.945359
0.946102
0.939741
0.932223
0.932261
0.933839
0.936369
0.935351
0.921944
0.923837
0.917262
0.917697
0.912758
0.919433
0.908852
0.904657
0.901933
0.896931
0.900106
0.897033
0.899404
0.890321
0.895906
0.933520
0.890824
0.880819
0.880634
0.880113
0.872341
0.870941
0.871325
0.866493
0.864609
0.865965
0.866941
0.858269
0.858159
0.856134
0.852669
0.863834
0.843925
0.851141
0.856975
0.841450
0.841866
0.840280
0.830776
0.833114
0.827147
0.826052
0.821695
0.827824
0.822784
0.821171
0.821191
0.825555
0.810888
