0.355476
0.361759
0.274686
0.227110
0.093357
0.059246
0.059246
0.059246
0.059246
0.059246
0.117594
0.117594
0.117594
0.117594
0.127469
0.245063
0.245063
0.245063
0.245063
0.247756
0.245961
0.431777
0.433573
0.433573
0.432675
0.434470
0.432675
0.432675
0.431777
0.445242
0.487433
0.513465
0.525135
0.535907
0.535907
0.539497
0.542190
0.552065
0.553860
0.556553
0.561041
0.557451
0.549372
0.569120
0.566427
0.567325
0.573609
0.555655
0.574506
0.575404
0.570018
0.587971
0.577199
0.579892
0.584381
0.586176
0.587074
0.596948
0.605027
0.605925
0.614901
0.617594
0.626571
0.615799
0.605027
0.618492
0.596948
0.617594
0.625673
0.624776
0.626571
0.632855
0.622083
0.603232
0.638241
0.632855
0.630162
0.622980
0.632855
0.641831
0.638241
0.608618
0.632855
0.644524
0.640036
0.633752
0.627469
0.639138
0.643627
0.648115
0.654399
0.661580
0.652603
0.657989
0.651706
0.649013
0.648115
0.655296
0.660682
0.654399
0.653501
0.673250
0.659785
0.659785
0.669659
0.673250
0.687612
0.668761
0.675943
0.679533
0.674147
0.684919
0.666966
0.672352
0.692998
0.701975
0.701077
0.695691
0.686715
0.692998
0.689408
0.683124
0.691203
0.679533
0.694794
0.708259
0.695691
0.701077
0.725314
0.693896
0.710054
0.701975
0.707361
0.710054
0.708259
0.712747
0.709156
0.705566
0.694794
0.720826
0.696589
0.726212
0.715440
0.730700
0.723519
0.718133
0.730700
0.730700
0.712747
0.731598
0.736984
0.728007
0.727109
0.748653
0.747756
0.737881
0.734291
0.752244
0.736984
0.735188
0.745063
0.751347
0.762119
0.732495
0.768402
0.748653
0.756733
0.749551
0.771993
0.790844
0.769300
0.769300
0.780072
0.784560
0.795332
0.791741
0.773788
0.776481
0.745063
0.770198
0.765709
0.789048
0.778277
0.788151
0.770198
0.775584
0.777379
0.787253
0.775584
0.771993
0.778277
0.785458
0.788151
0.790844
0.805206
0.802513
0.786355
0.809695
0.783662
0.825853
0.792639
0.781867
0.809695
0.784560
0.811490
0.789946
0.791741
0.818671
0.803411
0.810592
0.793537
0.813285
0.825853
0.810592
0.814183
0.804309
0.805206
0.806104
0.815978
0.818671
0.818671
0.808797
0.786355
0.829443
0.798923
0.807002
0.831239
0.810592
0.819569
0.837522
0.848294
0.828546
0.815978
0.846499
0.831239
0.833932
0.850090
0.826750
0.843806
0.847397
