996.293518
869.255920
768.960205
685.482605
611.515686
546.503052
489.700775
439.291840
394.390869
354.735321
319.252808
287.861145
259.841980
234.833435
212.521942
192.569351
174.687637
158.640427
144.237305
131.331131
119.685150
109.224709
99.795891
91.291656
83.618378
76.668823
70.385918
64.696579
59.539745
54.845901
50.584099
46.705959
43.183678
39.959904
37.021374
34.324062
31.855932
29.595991
27.522804
25.620680
23.871220
22.257553
20.778111
19.413208
18.147408
16.979033
15.896783
14.892435
13.948462
13.090107
12.293587
11.554456
10.875784
10.240709
9.638489
9.089357
8.563432
8.083026
7.630497
7.207187
6.819107
6.454952
6.115001
5.798866
5.501808
5.222254
4.959788
4.722734
4.491526
4.273578
4.069939
3.885835
3.708584
3.545233
3.387606
3.241709
3.102473
2.980855
2.847475
2.734404
2.623756
2.523998
2.424524
2.342273
2.258251
2.182693
2.105455
2.034050
1.969178
1.905532
1.850270
1.795908
1.744583
1.698298
1.653423
1.607698
1.570675
1.530656
1.496823
1.465011
1.433762
1.406991
1.378473
1.353243
1.328320
1.309231
1.294833
1.267372
1.245770
1.225328
1.209478
1.195835
1.178478
1.165450
1.148273
1.136062
1.122912
1.109551
1.097733
1.088272
1.076972
1.064026
1.057449
1.048375
1.038173
1.026946
1.020055
1.011501
1.004832
0.996596
0.998101
0.981738
0.980211
0.975142
0.966220
0.957468
0.956612
0.950522
0.943619
0.941765
0.931909
0.928064
0.922043
0.924411
0.914180
0.910743
0.915170
0.905091
0.900352
0.895598
0.889963
0.892155
0.888081
0.878290
0.875687
0.870806
0.877369
0.869279
0.860723
0.861461
0.860292
0.853450
0.849163
0.845145
0.845675
0.841054
0.840158
0.837543
0.843318
0.831949
0.825929
0.837942
0.823190
0.816562
0.819124
0.825001
0.815349
0.816054
0.810207
0.806656
0.799378
0.820090
0.800105
0.800905
0.793937
0.796046
0.786522
0.791490
0.784965
0.779399
0.787601
0.780546
0.775741
0.770348
0.777492
0.778039
0.766187
0.766646
0.767451
0.757548
0.759732
0.761222
0.761899
0.755755
0.753005
0.751803
0.746437
0.748959
0.746757
0.743371
0.740504
0.744245
0.735973
0.746962
0.731062
0.730754
0.734272
0.737461
0.735442
0.737216
0.739880
0.723640
0.721332
0.720646
0.720270
0.711751
0.712658
0.716304
0.719339
0.714128
0.711491
0.711032
0.702982
0.706448
0.701431
0.699727
0.701038
0.694032
0.700220
0.691018
