0.298025
0.359066
0.433573
0.491921
0.497307
0.493716
0.510772
0.513465
0.526930
0.512567
0.537702
0.532316
0.538600
0.553860
0.568223
0.564632
0.567325
0.584381
0.591562
0.602334
0.614901
0.616697
0.633752
0.631957
0.631957
0.643627
0.654399
0.656194
0.662478
0.668761
0.665171
0.678636
0.680431
0.686715
0.682226
0.700180
0.695691
0.708259
0.719928
0.709156
0.723519
0.740574
0.740574
0.733393
0.754040
0.763016
0.756733
0.757630
0.780072
0.785458
0.817774
0.807899
0.778277
0.815978
0.800718
0.806104
0.819569
0.801616
0.805206
0.833034
0.798923
0.824955
0.827648
0.807899
0.822262
0.823160
0.820467
0.792639
0.807899
0.816876
0.833034
0.810592
0.819569
0.809695
0.805206
0.793537
0.798923
0.798025
0.804309
0.791741
0.793537
0.805206
0.831239
0.802513
0.814183
0.807002
0.811490
0.815978
0.797127
0.805206
0.804309
0.828546
0.810592
0.814183
0.813285
0.819569
0.818671
0.812388
0.824057
0.802513
0.806104
0.807002
0.807899
0.809695
0.800718
0.790844
0.778277
0.789048
0.813285
0.805206
0.808797
0.798025
0.810592
0.801616
0.816876
0.803411
0.813285
0.800718
0.824955
0.798025
0.807899
0.814183
0.802513
0.812388
0.804309
0.824955
0.808797
0.824955
0.820467
0.822262
0.802513
0.823160
0.811490
0.824955
0.818671
0.821364
0.816876
0.815081
0.826750
0.816876
0.829443
0.831239
0.843806
0.819569
0.844704
0.834829
0.824955
0.817774
0.847397
0.840215
0.837522
0.820467
0.824057
0.845601
0.865350
0.844704
0.836625
0.846499
0.856373
0.871634
0.853680
0.855476
0.855476
0.859964
0.858169
0.862657
0.865350
0.859066
0.868941
0.854578
0.866248
0.836625
0.871634
0.878815
0.894075
0.870736
0.870736
0.861759
0.859066
0.889587
0.886894
0.857271
0.894973
0.871634
0.878815
0.879713
0.891382
0.874327
0.894075
0.891382
0.872531
0.888689
0.888689
0.889587
0.879713
0.882406
0.895871
0.889587
0.898564
0.895871
0.886894
0.885996
0.901257
0.882406
0.892280
0.901257
0.894075
0.900359
0.895871
0.903052
0.903950
0.893178
0.899461
0.899461
0.915619
0.900359
0.906643
0.901257
0.886894
0.900359
0.906643
0.895871
0.917415
0.895871
0.916517
0.912926
0.916517
0.909336
0.899461
0.922801
0.891382
0.897666
0.903950
0.903052
0.901257
0.894075
0.901257
0.922801
0.920108
0.911131
