1018.416931
872.317871
768.860229
681.250854
611.181458
543.105347
486.661713
437.271484
394.826050
356.978088
323.144012
292.925995
265.907440
241.753769
220.085785
200.646622
183.202682
167.473114
153.260910
140.498947
128.986649
118.569862
109.133614
100.583748
92.806953
85.740082
79.310547
73.437416
68.094612
63.210155
58.733150
54.634117
50.873264
47.412708
44.229210
41.298767
38.589832
36.092247
33.773777
31.644030
29.664755
27.829031
26.118702
24.535196
23.060680
21.688038
20.414593
19.216610
18.100557
17.060719
16.085495
15.172704
14.317482
13.518946
12.759363
12.058479
11.396867
10.783119
10.199748
9.644527
9.136197
8.645696
8.189047
7.760415
7.358256
6.978966
6.625676
6.284595
5.973141
5.671981
5.392556
5.137508
4.888664
4.653063
4.439064
4.235448
4.040293
3.862251
3.693151
3.528677
3.383505
3.237942
3.105790
2.982751
2.864448
2.755530
2.653107
2.557921
2.462562
2.380082
2.299089
2.225752
2.155006
2.087134
2.024102
1.968802
1.914373
1.862586
1.854469
1.779092
1.729458
1.692360
1.649984
1.618651
1.599357
1.557951
1.532800
1.500987
1.472907
1.449252
1.435292
1.418406
1.392851
1.368333
1.350182
1.331455
1.321018
1.305846
1.290186
1.271672
1.261369
1.244751
1.245906
1.224920
1.215083
1.206113
1.195212
1.184658
1.178444
1.169459
1.159443
1.150659
1.141247
1.133347
1.122907
1.115611
1.107765
1.099408
1.095958
1.087739
1.083722
1.080633
1.070910
1.067986
1.063100
1.062083
1.053976
1.047318
1.041991
1.037348
1.036902
1.033006
1.028295
1.024826
1.023830
1.021430
1.019011
1.013258
1.004791
1.002042
1.000574
0.998901
0.994253
0.996906
0.992723
0.995208
0.982425
0.988784
0.990700
0.976733
0.975070
0.970496
0.976015
0.974531
0.964938
0.965599
0.962405
0.958456
0.951950
0.959538
0.949497
0.961370
0.948456
0.939430
0.945057
0.944968
0.937947
0.932003
0.933027
0.932710
0.925897
0.921590
0.932786
0.918909
0.917139
0.920545
0.914181
0.921255
0.922021
0.912362
0.913628
0.900401
0.904161
0.899331
0.894496
0.904860
0.893469
0.893921
0.889685
0.884533
0.883468
0.880764
0.880096
0.875502
0.892656
0.879294
0.875519
0.873720
0.868224
0.863585
0.871577
0.863512
0.865879
0.864081
0.858649
0.854398
0.863198
0.855674
0.850793
0.847668
0.853230
0.853092
0.847191
0.847368
0.838796
0.838434
0.837138
0.837953
0.836960
0.835024
