0.276596
0.379110
0.405222
0.451644
0.464217
0.481625
0.352998
0.373308
0.347195
0.360735
0.367505
0.370406
0.371373
0.368472
0.371373
0.372340
0.424565
0.425532
0.493230
0.497099
0.500000
0.502901
0.514507
0.514507
0.516441
0.516441
0.519342
0.532882
0.534816
0.537718
0.544487
0.547389
0.555126
0.544487
0.554159
0.568665
0.564797
0.577369
0.581238
0.587041
0.583172
0.595745
0.587041
0.592843
0.598646
0.607350
0.598646
0.598646
0.605416
0.618955
0.594778
0.615087
0.634429
0.632495
0.630561
0.616054
0.632495
0.606383
0.611219
0.649903
0.620890
0.633462
0.623791
0.637331
0.633462
0.642166
0.629594
0.641199
0.630561
0.648936
0.654739
0.635397
0.636364
0.665377
0.647002
0.641199
0.646035
0.649903
0.641199
0.661509
0.649903
0.650870
0.645068
0.661509
0.653772
0.679884
0.663443
0.680851
0.671180
0.649903
0.691489
0.669246
0.686654
0.668279
0.674081
0.690522
0.685687
0.664410
0.647002
0.666344
0.691489
0.713733
0.683752
0.676015
0.707930
0.675048
0.671180
0.705996
0.681818
0.686654
0.687621
0.676983
0.670213
0.693424
0.692456
0.693424
0.706963
0.702128
0.690522
0.697292
0.726306
0.704062
0.722437
0.718569
0.713733
0.708897
0.743714
0.725339
0.708897
0.712766
0.724371
0.729207
0.714700
0.717602
0.731141
0.748549
0.738878
0.749516
0.754352
0.734043
0.742747
0.733075
0.767892
0.735977
0.763056
0.732108
0.746615
0.761122
0.764990
0.757253
0.754352
0.773694
0.766925
0.772727
0.777563
0.746615
0.761122
0.754352
0.771760
0.775629
0.771760
0.762089
0.764023
0.757253
0.757253
0.754352
0.772727
0.766925
0.753385
0.793037
0.787234
0.788201
0.767892
0.779497
0.790135
0.778530
0.781431
0.784333
0.791103
0.778530
0.782398
0.762089
0.789168
0.791103
0.784333
0.775629
0.777563
0.794971
0.792070
0.794004
0.800774
0.798839
0.770793
0.801741
0.807544
0.784333
0.800774
0.790135
0.782398
0.792070
0.815280
0.803675
0.795938
0.801741
0.798839
0.809478
0.809478
0.816248
0.830754
0.823017
0.808511
0.822050
0.808511
0.828820
0.789168
0.829787
0.828820
0.808511
0.843327
0.822050
0.807544
0.825919
0.826886
0.815280
0.823017
0.829787
0.804642
0.834623
0.832689
0.840426
0.819149
0.846228
0.823985
0.847195
0.844294
0.832689
0.825919
0.823985
0.827853
0.820116
