0.295938
0.408124
0.427466
0.443907
0.450677
0.461315
0.429400
0.354932
0.374275
0.399420
0.426499
0.427466
0.423598
0.430367
0.433269
0.460348
0.462282
0.462282
0.464217
0.466151
0.461315
0.464217
0.490329
0.512573
0.524178
0.530948
0.532882
0.540619
0.543520
0.549323
0.550290
0.552224
0.561896
0.567698
0.576402
0.577369
0.579304
0.587041
0.601547
0.609284
0.597679
0.619923
0.610251
0.607350
0.609284
0.631528
0.622824
0.625725
0.630561
0.640232
0.629594
0.652805
0.650870
0.634429
0.656673
0.661509
0.666344
0.669246
0.684720
0.683752
0.672147
0.697292
0.692456
0.698259
0.696325
0.687621
0.714700
0.691489
0.703095
0.731141
0.707930
0.724371
0.726306
0.700193
0.721470
0.725339
0.741780
0.736944
0.742747
0.746615
0.744681
0.766925
0.756286
0.749516
0.734043
0.754352
0.755319
0.761122
0.729207
0.769826
0.762089
0.758220
0.728240
0.761122
0.750484
0.767892
0.765957
0.748549
0.760155
0.768859
0.737911
0.749516
0.770793
0.760155
0.768859
0.757253
0.769826
0.759188
0.727273
0.762089
0.769826
0.743714
0.761122
0.762089
0.753385
0.755319
0.760155
0.768859
0.758220
0.774661
0.779497
0.778530
0.778530
0.763056
0.780464
0.784333
0.762089
0.760155
0.771760
0.773694
0.761122
0.764990
0.774661
0.772727
0.780464
0.772727
0.768859
0.784333
0.748549
0.799807
0.765957
0.792070
0.775629
0.772727
0.782398
0.782398
0.795938
0.794971
0.795938
0.774661
0.793037
0.781431
0.790135
0.782398
0.779497
0.782398
0.781431
0.800774
0.788201
0.792070
0.801741
0.768859
0.787234
0.774661
0.800774
0.782398
0.801741
0.800774
0.787234
0.814313
0.805609
0.770793
0.805609
0.807544
0.813346
0.803675
0.824952
0.804642
0.800774
0.779497
0.794971
0.823017
0.823017
0.789168
0.811412
0.833656
0.818182
0.799807
0.823017
0.795938
0.808511
0.830754
0.840426
0.836557
0.815280
0.848162
0.817215
0.819149
0.822050
0.819149
0.831721
0.842360
0.829787
0.817215
0.819149
0.849130
0.842360
0.845261
0.819149
0.838491
0.847195
0.830754
0.835590
0.840426
0.841393
0.848162
0.827853
0.841393
0.829787
0.848162
0.854932
0.843327
0.858801
0.845261
0.850097
0.848162
0.848162
0.853965
0.831721
0.858801
0.842360
0.852031
0.846228
0.853965
0.857834
0.843327
0.823985
0.825919
0.863636
0.870406
