1016.304565
900.691772
812.909241
736.297974
669.610535
610.534363
556.997986
509.104828
466.361481
427.741486
392.597015
360.872955
332.006927
305.717712
281.732239
259.811920
239.805542
221.492172
204.720245
189.331665
175.207932
162.214371
150.248627
139.229080
129.072235
119.706818
111.058067
103.076248
95.687523
88.855209
82.538429
76.683517
71.255768
66.226662
61.567387
57.236771
53.220448
49.500076
46.036114
42.821785
39.839607
37.072445
34.495911
32.106041
29.883354
27.812103
25.891853
24.112860
22.459091
20.918892
19.493839
18.173374
16.928461
15.795331
14.728867
13.743730
12.838280
11.998273
11.217281
10.483132
9.817368
9.192866
8.616157
8.080163
7.578855
7.124676
6.706513
6.299466
5.932129
5.602898
5.289808
4.997681
4.733621
4.480824
4.254392
4.035205
3.843351
3.664692
3.519773
3.328803
3.184844
3.051912
2.934040
2.822754
2.707093
2.617092
2.514924
2.436945
2.342927
2.269668
2.189999
2.128952
2.074855
2.015098
1.955441
1.901295
1.856462
1.813207
1.769091
1.734971
1.699974
1.662913
1.628506
1.599951
1.572709
1.540370
1.514321
1.487389
1.470993
1.448459
1.423336
1.401723
1.387265
1.360344
1.346993
1.331625
1.311093
1.296300
1.289305
1.273211
1.259060
1.245059
1.239038
1.220558
1.210621
1.200693
1.190455
1.182686
1.171600
1.167343
1.159716
1.145878
1.137069
1.135587
1.121569
1.123264
1.112002
1.103857
1.105243
1.089161
1.088040
1.078068
1.073386
1.069080
1.055631
1.059927
1.046965
1.045415
1.041750
1.037332
1.031229
1.025778
1.021147
1.020617
1.016491
1.007602
1.010058
1.000443
0.999624
0.996651
0.992920
0.996487
0.995818
0.988404
0.980861
0.986857
0.973625
0.973724
0.971942
0.963503
0.961757
0.972253
0.956056
0.954974
0.953797
0.952920
0.947790
0.952410
0.944571
0.954760
0.947970
0.939266
0.932957
0.947585
0.930186
0.923802
0.936189
0.925027
0.928901
0.926046
0.919823
0.918142
0.909969
0.904637
0.907591
0.903053
0.899574
0.906075
0.898191
0.902135
0.897783
0.889469
0.885562
0.886356
0.887814
0.878430
0.879311
0.885904
0.875584
0.871353
0.869570
0.873978
0.874233
0.863705
0.866841
0.861911
0.859976
0.855330
0.853123
0.852914
0.844429
0.843628
0.840746
0.847878
0.837039
0.839945
0.844261
0.834576
0.835914
0.827547
0.835855
0.834773
0.823124
0.825107
0.817670
0.824908
0.825331
0.873734
0.812190
0.814194
