994.877136
881.837341
782.427246
699.919067
628.303772
564.597595
508.450470
458.116730
413.791046
373.506622
337.438202
305.024017
275.896484
249.658951
226.027023
204.734756
185.548462
168.224152
152.580139
138.450119
125.687210
114.136597
103.688721
94.232063
85.666649
77.896507
70.861435
64.482300
58.698128
53.445801
48.687157
44.358021
40.438976
36.873009
33.635979
30.701122
28.035164
25.607670
23.405926
21.403490
19.583023
17.934607
16.427767
15.066459
13.825296
12.692394
11.670239
10.732446
9.889807
9.112271
8.419526
7.782409
7.210113
6.691813
6.216766
5.796147
5.396833
5.044872
4.723670
4.435891
4.170734
3.929336
3.713894
3.514570
3.328740
3.162991
3.006503
2.871641
2.756684
2.626854
2.534946
2.422754
2.328264
2.250623
2.168616
2.094826
2.034904
1.979120
1.913287
1.865716
1.813943
1.767316
1.721826
1.688674
1.644636
1.615823
1.578983
1.551145
1.520141
1.489563
1.461119
1.438618
1.412470
1.393338
1.369701
1.347504
1.332620
1.310440
1.284966
1.270667
1.251337
1.239055
1.224208
1.211537
1.200631
1.184854
1.181492
1.161784
1.144189
1.134315
1.116121
1.103399
1.097696
1.088416
1.084669
1.064164
1.052449
1.045615
1.038812
1.035215
1.023537
1.018545
1.012488
1.006412
1.014581
1.001931
0.993632
0.982699
0.978373
0.977257
0.973495
0.966022
0.961928
0.961825
0.956559
0.954267
0.955186
0.951512
0.942417
0.939153
0.932920
0.937319
0.931285
0.931734
0.924408
0.939542
0.919328
0.911893
0.912460
0.906826
0.914731
0.902894
0.904482
0.901217
0.901232
0.905455
0.892638
0.918624
0.889658
0.881871
0.880930
0.882413
0.878448
0.878228
0.869516
0.873986
0.871325
0.871220
0.865578
0.870699
0.863827
0.856530
0.864014
0.852924
0.866331
0.855454
0.844415
0.849454
0.846632
0.840092
0.839858
0.841533
0.833123
0.836052
0.830613
0.845380
0.831203
0.831636
0.828783
0.823966
0.822414
0.824953
0.825333
0.819106
0.812323
0.807768
0.807576
0.806356
0.824686
0.799394
0.812573
0.793151
0.815835
0.802839
0.790412
0.790609
0.788562
0.788016
0.794953
0.785086
0.783221
0.779877
0.780455
0.778290
0.780292
0.774943
0.793525
0.768327
0.770628
0.765970
0.763910
0.765184
0.774126
0.758852
0.758742
0.760140
0.757553
0.747146
0.752786
0.751051
0.749690
0.752803
0.743382
0.751035
0.747394
0.748249
0.735730
0.736342
0.745007
0.729479
