0.290135
0.284333
0.338491
0.376209
0.401354
0.453578
0.453578
0.380077
0.233075
0.334623
0.401354
0.433269
0.446809
0.471954
0.474855
0.487427
0.497099
0.501934
0.503868
0.506770
0.510638
0.507737
0.515474
0.513540
0.515474
0.519342
0.522244
0.536750
0.537718
0.555126
0.545455
0.558994
0.568665
0.574468
0.568665
0.578337
0.586074
0.582205
0.588008
0.584139
0.592843
0.609284
0.614120
0.623791
0.622824
0.632495
0.635397
0.654739
0.651838
0.651838
0.661509
0.655706
0.662476
0.656673
0.672147
0.669246
0.680851
0.670213
0.679884
0.680851
0.690522
0.692456
0.705029
0.705996
0.709865
0.707930
0.717602
0.713733
0.711799
0.701161
0.689555
0.718569
0.730174
0.711799
0.719536
0.730174
0.723404
0.724371
0.721470
0.718569
0.755319
0.735977
0.737911
0.726306
0.752418
0.758220
0.737911
0.728240
0.764990
0.758220
0.757253
0.767892
0.761122
0.756286
0.752418
0.756286
0.756286
0.764990
0.777563
0.767892
0.780464
0.767892
0.777563
0.764023
0.765957
0.794004
0.777563
0.771760
0.777563
0.768859
0.795938
0.780464
0.791103
0.780464
0.771760
0.795938
0.794971
0.792070
0.824952
0.805609
0.798839
0.795938
0.796905
0.817215
0.795938
0.790135
0.808511
0.818182
0.818182
0.814313
0.824952
0.823985
0.823985
0.809478
0.809478
0.806576
0.794971
0.797872
0.825919
0.807544
0.827853
0.806576
0.829787
0.809478
0.821083
0.823017
0.826886
0.827853
0.838491
0.849130
0.825919
0.844294
0.814313
0.825919
0.816248
0.843327
0.825919
0.794971
0.838491
0.839458
0.841393
0.834623
0.848162
0.836557
0.858801
0.842360
0.846228
0.849130
0.842360
0.848162
0.875242
0.855899
0.861702
0.852998
0.859768
0.863636
0.872340
0.848162
0.860735
0.856867
0.852998
0.839458
0.854932
0.868472
0.883946
0.829787
0.865571
0.855899
0.866538
0.866538
0.884913
0.866538
0.835590
0.872340
0.869439
0.874275
0.879110
0.887814
0.860735
0.881045
0.871373
0.881045
0.832689
0.867505
0.877176
0.882979
0.875242
0.883946
0.875242
0.889749
0.887814
0.892650
0.889749
0.879110
0.893617
0.893617
0.842360
0.880077
0.891683
0.883946
0.890716
0.901354
0.873308
0.889749
0.880077
0.885880
0.903288
0.892650
0.892650
0.881045
0.902321
0.893617
0.901354
0.884913
0.887814
0.897485
0.894584
0.896518
0.903288
0.892650
