974.971802
859.875916
762.887024
681.566772
610.484314
547.602905
491.723022
441.910797
397.943085
358.764526
323.754791
292.642395
264.798492
239.851013
217.479691
197.396790
179.330612
163.108841
148.498322
135.342560
123.445435
112.693108
102.986023
94.183853
86.201584
78.969971
72.391136
66.422905
60.982029
56.017262
51.501545
47.369061
43.592201
40.142624
36.987152
34.092758
31.443272
29.011362
26.775589
24.724428
22.849550
21.124260
19.544994
18.091251
16.755579
15.520420
14.389111
13.352664
12.394303
11.515557
10.705420
9.959120
9.267579
8.634521
8.043829
7.511881
7.004715
6.548533
6.122970
5.734329
5.365515
5.028304
4.724907
4.440069
4.176232
3.939583
3.713653
3.507397
3.321447
3.146358
2.987013
2.835907
2.702116
2.575774
2.464357
2.353259
2.256506
2.164485
2.079436
2.005615
1.933278
1.872539
1.809586
1.751194
1.701891
1.652423
1.604797
1.569138
1.530761
1.494267
1.458874
1.428114
1.401534
1.373275
1.355145
1.328658
1.313235
1.289698
1.268776
1.255507
1.237419
1.222317
1.209079
1.198741
1.185662
1.172960
1.160569
1.146964
1.138209
1.127770
1.124388
1.113507
1.103274
1.094638
1.084807
1.081545
1.070089
1.063907
1.060685
1.048798
1.049325
1.044968
1.036397
1.026698
1.019876
1.012791
1.013441
1.010025
0.997139
0.995727
0.987417
0.986274
0.982739
0.971150
0.970967
0.962852
0.962630
0.962868
0.967610
0.948069
0.942412
0.942915
0.943160
0.932366
0.929178
0.929823
0.924207
0.919481
0.927324
0.922603
0.915624
0.915169
0.911333
0.909196
0.913840
0.899790
0.898665
0.899569
0.901827
0.893377
0.886995
0.894120
0.879680
0.877746
0.876659
0.874971
0.878596
0.869759
0.864515
0.866455
0.864148
0.864415
0.856491
0.861090
0.853114
0.853674
0.850193
0.848274
0.849471
0.844557
0.841038
0.836481
0.837856
0.843370
0.838523
0.839049
0.830429
0.826989
0.831225
0.821667
0.824588
0.821770
0.814946
0.815832
0.820281
0.809047
0.813427
0.805539
0.802067
0.805312
0.801558
0.799367
0.803325
0.793071
0.794227
0.794443
0.785790
0.785255
0.787641
0.788352
0.786336
0.784434
0.781655
0.778280
0.775978
0.782460
0.785921
0.777293
0.773705
0.768750
0.766850
0.771114
0.762931
0.761013
0.768432
0.759243
0.754820
0.755705
0.752089
0.756323
0.752029
0.745021
0.750129
0.746836
0.743515
0.738909
0.739600
0.737041
0.737649
0.734956
