0.365571
0.348162
0.390716
0.427466
0.433269
0.408124
0.437137
0.480658
0.504836
0.523211
0.551257
0.558027
0.570600
0.564797
0.580271
0.579304
0.597679
0.609284
0.607350
0.607350
0.606383
0.613153
0.612186
0.619923
0.619923
0.615087
0.603482
0.609284
0.613153
0.642166
0.646035
0.661509
0.668279
0.661509
0.677950
0.681818
0.680851
0.705029
0.697292
0.728240
0.723404
0.734043
0.735010
0.739845
0.736944
0.739845
0.740812
0.749516
0.765957
0.743714
0.748549
0.756286
0.756286
0.743714
0.754352
0.743714
0.749516
0.747582
0.760155
0.755319
0.751451
0.765957
0.764990
0.765957
0.777563
0.764990
0.778530
0.773694
0.774661
0.772727
0.771760
0.775629
0.775629
0.767892
0.761122
0.778530
0.764023
0.774661
0.773694
0.788201
0.776596
0.772727
0.781431
0.788201
0.781431
0.763056
0.775629
0.758220
0.775629
0.771760
0.780464
0.780464
0.787234
0.786267
0.776596
0.784333
0.769826
0.789168
0.784333
0.780464
0.787234
0.790135
0.784333
0.775629
0.791103
0.789168
0.785300
0.795938
0.790135
0.793037
0.782398
0.788201
0.798839
0.794004
0.801741
0.793037
0.794004
0.801741
0.812379
0.802708
0.784333
0.783366
0.793037
0.802708
0.795938
0.808511
0.798839
0.789168
0.807544
0.802708
0.816248
0.808511
0.816248
0.816248
0.819149
0.829787
0.811412
0.804642
0.792070
0.818182
0.819149
0.823017
0.802708
0.818182
0.822050
0.817215
0.822050
0.825919
0.800774
0.810445
0.822050
0.813346
0.817215
0.816248
0.803675
0.822050
0.821083
0.839458
0.806576
0.818182
0.838491
0.828820
0.839458
0.838491
0.835590
0.840426
0.825919
0.852998
0.848162
0.826886
0.834623
0.854932
0.845261
0.837524
0.853965
0.833656
0.852031
0.843327
0.861702
0.838491
0.865571
0.857834
0.853965
0.850097
0.830754
0.852031
0.850097
0.863636
0.872340
0.866538
0.872340
0.872340
0.866538
0.856867
0.838491
0.869439
0.870406
0.860735
0.865571
0.870406
0.858801
0.859768
0.866538
0.868472
0.867505
0.871373
0.878143
0.877176
0.884913
0.866538
0.863636
0.864603
0.858801
0.873308
0.864603
0.890716
0.884913
0.883946
0.886847
0.882979
0.873308
0.863636
0.887814
0.884913
0.875242
0.876209
0.881045
0.888781
0.900387
0.894584
0.877176
0.895551
0.881045
0.895551
0.900387
0.895551
0.883946
0.888781
0.889749
0.893617
