0.333656
0.390716
0.426499
0.440039
0.438104
0.443907
0.418762
0.468085
0.438104
0.410058
0.358801
0.354932
0.378143
0.393617
0.419729
0.425532
0.447776
0.459381
0.463250
0.463250
0.463250
0.461315
0.463250
0.467118
0.468085
0.468085
0.486460
0.516441
0.516441
0.518375
0.522244
0.528046
0.527079
0.533849
0.527079
0.535783
0.534816
0.541586
0.540619
0.555126
0.562863
0.557060
0.567698
0.590909
0.574468
0.593810
0.597679
0.584139
0.603482
0.592843
0.600580
0.616054
0.617021
0.600580
0.606383
0.624758
0.626692
0.611219
0.621857
0.605416
0.618955
0.620890
0.624758
0.644101
0.617988
0.641199
0.619923
0.639265
0.639265
0.626692
0.649903
0.648936
0.648936
0.664410
0.663443
0.664410
0.656673
0.676983
0.668279
0.671180
0.683752
0.660542
0.679884
0.664410
0.668279
0.678917
0.686654
0.704062
0.702128
0.705029
0.708897
0.696325
0.679884
0.701161
0.726306
0.711799
0.709865
0.725339
0.710832
0.690522
0.723404
0.729207
0.719536
0.724371
0.733075
0.740812
0.716634
0.734043
0.720503
0.725339
0.717602
0.737911
0.728240
0.738878
0.745648
0.735010
0.743714
0.743714
0.727273
0.735977
0.746615
0.736944
0.756286
0.748549
0.737911
0.736944
0.739845
0.733075
0.717602
0.748549
0.742747
0.751451
0.739845
0.741780
0.764990
0.741780
0.745648
0.755319
0.762089
0.745648
0.752418
0.756286
0.762089
0.744681
0.764990
0.775629
0.761122
0.754352
0.749516
0.766925
0.754352
0.774661
0.770793
0.765957
0.777563
0.774661
0.751451
0.761122
0.761122
0.768859
0.781431
0.797872
0.774661
0.775629
0.793037
0.800774
0.783366
0.783366
0.794004
0.766925
0.792070
0.787234
0.794971
0.774661
0.798839
0.808511
0.790135
0.782398
0.787234
0.815280
0.787234
0.789168
0.790135
0.809478
0.794971
0.812379
0.808511
0.809478
0.828820
0.775629
0.810445
0.830754
0.802708
0.792070
0.797872
0.825919
0.814313
0.788201
0.816248
0.823985
0.825919
0.812379
0.808511
0.834623
0.809478
0.820116
0.824952
0.803675
0.798839
0.827853
0.806576
0.824952
0.827853
0.817215
0.838491
0.836557
0.847195
0.826886
0.823017
0.832689
0.846228
0.839458
0.821083
0.842360
0.845261
0.848162
0.852998
0.842360
0.828820
0.821083
0.843327
0.803675
0.846228
0.854932
0.842360
0.861702
0.853965
0.826886
0.827853
0.857834
