986.762451
891.671570
816.523926
741.657837
679.172363
623.866272
574.554565
529.419250
488.376251
451.618866
417.365784
386.234802
357.684998
331.410767
307.253448
285.003296
264.457550
245.465591
227.897797
211.670486
196.647202
182.718582
169.798737
157.806732
146.679413
136.347198
126.732574
117.786301
109.487473
101.750786
94.573662
87.904671
81.690186
75.915047
70.544395
65.546318
60.897717
56.565056
52.541714
48.813850
45.332195
42.087650
39.094460
36.291306
33.691216
31.288040
29.055008
26.976374
25.050695
23.272848
21.622461
20.090639
18.675920
17.357517
16.150976
15.014443
13.982807
13.017457
12.132742
11.312574
10.552290
9.848773
9.199860
8.606705
8.059419
7.542554
7.085033
6.653389
6.256273
5.891005
5.555910
5.245828
4.961524
4.697174
4.452374
4.223972
4.019816
3.833122
3.647878
3.490533
3.329687
3.187033
3.050126
2.927676
2.814506
2.693194
2.592417
2.501369
2.417137
2.340049
2.280842
2.198036
2.146714
2.079163
2.022037
1.972644
1.925977
1.874507
1.836716
1.799319
1.750976
1.719218
1.680090
1.651535
1.613984
1.592330
1.564869
1.534650
1.506174
1.484619
1.469451
1.441184
1.418463
1.406986
1.377940
1.361802
1.341043
1.326785
1.315591
1.296899
1.279918
1.265733
1.255472
1.241323
1.234034
1.217761
1.204215
1.198084
1.194262
1.175314
1.167418
1.155956
1.155797
1.144616
1.135571
1.124285
1.116946
1.108837
1.103028
1.097148
1.091932
1.083506
1.080080
1.076782
1.065617
1.063464
1.057002
1.054405
1.064405
1.044491
1.045476
1.038343
1.031546
1.032057
1.032007
1.020997
1.028706
1.017523
1.015933
1.006669
1.005083
1.002592
1.000277
0.996438
0.990687
0.993253
0.987899
0.984293
0.984221
0.984712
0.974092
0.980281
0.976609
0.970337
0.972356
0.965267
0.959504
0.962755
0.957888
0.955891
0.955391
0.960338
0.957776
0.951091
0.950442
0.963013
0.951773
0.938509
0.941869
0.946089
0.934724
0.930445
0.932382
0.934166
0.927753
0.922447
0.919490
0.929129
0.916211
0.916108
0.912479
0.913724
0.909345
0.905759
0.903821
0.902141
0.896929
0.901523
0.909904
0.888863
0.893800
0.899889
0.889846
0.887588
0.881971
0.878283
0.876086
0.878560
0.874827
0.872286
0.870117
0.872202
0.866094
0.866916
0.859085
0.868440
0.856320
0.855941
0.851949
0.854723
0.850554
0.858427
0.847767
0.839842
0.840804
0.836519
0.836068
0.840401
0.836923
0.833265
