0.359768
0.367505
0.404255
0.421663
0.441006
0.475822
0.488395
0.517408
0.505803
0.504836
0.523211
0.525145
0.517408
0.530948
0.520309
0.519342
0.529014
0.527079
0.527079
0.514507
0.527079
0.530948
0.531915
0.531915
0.536750
0.541586
0.538685
0.538685
0.539652
0.538685
0.549323
0.535783
0.545455
0.548356
0.554159
0.549323
0.558027
0.565764
0.558994
0.567698
0.568665
0.588008
0.589942
0.599613
0.605416
0.624758
0.625725
0.635397
0.640232
0.654739
0.643133
0.650870
0.644101
0.678917
0.669246
0.658607
0.679884
0.713733
0.690522
0.704062
0.698259
0.687621
0.704062
0.705996
0.706963
0.703095
0.707930
0.718569
0.727273
0.711799
0.742747
0.734043
0.730174
0.739845
0.719536
0.734043
0.731141
0.737911
0.735010
0.737911
0.735977
0.736944
0.747582
0.754352
0.748549
0.760155
0.725339
0.765957
0.773694
0.778530
0.770793
0.771760
0.747582
0.758220
0.772727
0.772727
0.779497
0.727273
0.776596
0.794971
0.770793
0.757253
0.767892
0.776596
0.774661
0.789168
0.783366
0.768859
0.766925
0.780464
0.773694
0.782398
0.781431
0.768859
0.782398
0.778530
0.800774
0.810445
0.809478
0.801741
0.800774
0.792070
0.789168
0.796905
0.826886
0.794971
0.811412
0.812379
0.808511
0.822050
0.798839
0.830754
0.829787
0.810445
0.816248
0.839458
0.834623
0.815280
0.829787
0.830754
0.809478
0.798839
0.824952
0.843327
0.805609
0.841393
0.828820
0.823985
0.840426
0.834623
0.826886
0.834623
0.856867
0.852031
0.840426
0.837524
0.828820
0.843327
0.845261
0.845261
0.819149
0.853965
0.852998
0.851064
0.840426
0.861702
0.854932
0.865571
0.853965
0.844294
0.829787
0.822050
0.874275
0.830754
0.847195
0.827853
0.847195
0.853965
0.861702
0.869439
0.858801
0.853965
0.843327
0.852031
0.854932
0.859768
0.868472
0.852998
0.860735
0.869439
0.868472
0.839458
0.868472
0.872340
0.820116
0.861702
0.877176
0.839458
0.869439
0.863636
0.867505
0.872340
0.857834
0.878143
0.865571
0.882979
0.879110
0.877176
0.877176
0.859768
0.868472
0.859768
0.871373
0.882979
0.847195
0.867505
0.851064
0.877176
0.882012
0.872340
0.878143
0.882012
0.893617
0.882012
0.861702
0.876209
0.869439
0.879110
0.881045
0.883946
0.890716
0.873308
0.882979
0.884913
0.866538
0.882012
0.882012
0.878143
0.860735
0.885880
