1005.695374
895.037659
800.933838
722.934021
657.350708
599.055725
546.850586
500.363495
458.476746
420.746399
386.864532
356.418671
328.829529
303.872711
281.156006
260.493073
241.642014
224.351852
208.541840
194.038879
180.693146
168.402054
157.071579
146.616913
136.950607
127.985626
119.694908
111.980286
104.817520
98.156357
91.949448
86.168007
80.772278
75.734276
71.021187
66.610466
62.497478
58.630962
55.021969
51.622101
48.426956
45.432785
42.635571
40.007160
37.544403
35.222225
33.052280
31.012209
29.095776
27.295473
25.610367
24.029205
22.542526
21.143402
19.832493
18.607733
17.445150
16.361681
15.354452
14.396029
13.504054
12.677792
11.885910
11.170792
10.487471
9.850236
9.249990
8.688103
8.176072
7.690392
7.229826
6.799245
6.408280
6.038922
5.691110
5.364905
5.069125
4.788276
4.528184
4.289886
4.061335
3.850861
3.660485
3.472895
3.306542
3.143246
3.001479
2.860983
2.728958
2.613454
2.507513
2.417077
2.317026
2.226757
2.145944
2.073750
2.018561
1.952046
1.876769
1.823699
1.767994
1.720211
1.675964
1.629692
1.590484
1.555511
1.515036
1.489698
1.454754
1.427071
1.399116
1.377829
1.350811
1.332205
1.307477
1.291642
1.274182
1.248715
1.225635
1.210667
1.191120
1.189885
1.168288
1.158073
1.140745
1.129214
1.122093
1.103955
1.094279
1.082738
1.075292
1.061629
1.062841
1.051270
1.037997
1.029887
1.022107
1.023988
1.010736
0.998110
0.995311
0.990281
0.981367
0.975851
0.976877
0.969245
0.959970
0.952336
0.946340
0.942075
0.939077
0.938913
0.930112
0.928717
0.917187
0.915354
0.912510
0.907671
0.910789
0.904634
0.910261
0.896211
0.886005
0.890667
0.881863
0.879551
0.873537
0.881582
0.865509
0.866184
0.868597
0.868028
0.852446
0.864173
0.856605
0.862688
0.847878
0.847648
0.842580
0.843028
0.838888
0.837251
0.838568
0.831151
0.831435
0.825870
0.820005
0.826216
0.823075
0.820021
0.813812
0.825023
0.809802
0.813781
0.835119
0.809474
0.801850
0.817895
0.802737
0.809268
0.800274
0.803379
0.802794
0.795291
0.794405
0.796941
0.789404
0.793536
0.782720
0.787396
0.781810
0.787989
0.780291
0.776582
0.791518
0.774942
0.780817
0.773977
0.768483
0.771231
0.788514
0.763306
0.776197
0.760325
0.770943
0.756417
0.775334
0.761608
0.754738
0.751273
0.751938
0.754051
0.748541
0.766181
0.759693
0.761309
0.749492
0.746250
0.757998
0.740117
