987.604980
871.757263
781.396179
693.436340
619.224243
553.156982
495.855347
445.089691
399.665375
358.952362
322.448090
289.714996
260.355865
234.032959
210.412323
189.221268
170.214661
153.155319
137.824936
124.072029
111.716393
100.620140
90.669014
81.726067
73.705009
66.497581
60.024448
54.200359
48.961506
44.251366
40.017429
36.216465
32.799995
29.729490
26.976599
24.490883
22.260117
20.248957
18.441444
16.819183
15.357953
14.038610
12.851507
11.781486
10.817839
9.948590
9.158372
8.449722
7.809615
7.232159
6.708603
6.217759
5.790677
5.399764
5.045537
4.724458
4.433486
4.170043
3.928061
3.710324
3.514021
3.327205
3.157116
2.999742
2.860721
2.740687
2.613579
2.505924
2.403997
2.320637
2.273018
2.168024
2.085331
2.024711
1.958100
1.898003
1.853782
1.793506
1.751864
1.701423
1.657208
1.621449
1.586740
1.552428
1.523471
1.492364
1.474864
1.434441
1.401829
1.373043
1.352882
1.337868
1.320090
1.306766
1.282998
1.262328
1.252389
1.233072
1.218935
1.205014
1.193705
1.177341
1.165783
1.157453
1.150650
1.147192
1.129955
1.131170
1.122061
1.114259
1.099234
1.095071
1.085822
1.080648
1.075474
1.073287
1.067457
1.063090
1.054005
1.054377
1.051896
1.044672
1.039014
1.038488
1.035212
1.025160
1.027501
1.031129
1.020288
1.019182
1.019128
1.016602
1.008191
1.005957
1.003332
1.013032
1.000175
0.994763
0.990958
0.995941
0.995345
0.989337
0.981437
0.977461
0.974635
0.974194
0.978514
0.970731
0.965611
0.976855
0.957941
0.957790
0.956434
0.952641
0.946862
0.955786
0.937834
0.938372
0.936009
0.931015
0.931350
0.930250
0.923989
0.922751
0.921252
0.925653
0.919790
0.911888
0.923188
0.903634
0.912137
0.901202
0.911674
0.893706
0.893878
0.895610
0.886293
0.889140
0.886758
0.879585
0.879248
0.885122
0.877530
0.874055
0.877038
0.879523
0.865961
0.864787
0.858692
0.852015
0.853492
0.853743
0.853504
0.852678
0.845213
0.848831
0.835707
0.835140
0.837257
0.837702
0.842954
0.824334
0.828086
0.821790
0.831219
0.835575
0.815970
0.810656
0.816862
0.805989
0.800505
0.803930
0.800743
0.798243
0.802060
0.794711
0.794921
0.787584
0.808608
0.792199
0.787374
0.785246
0.781615
0.779004
0.778385
0.775828
0.770074
0.768591
0.766458
0.764927
0.766680
0.764687
0.768504
0.759870
0.765781
0.768633
0.756877
0.756221
0.749604
0.755532
