0.346228
0.443907
0.480658
0.434236
0.384913
0.316248
0.353965
0.376209
0.381044
0.401354
0.446809
0.444874
0.445841
0.443907
0.441973
0.438104
0.430367
0.433269
0.444874
0.447776
0.450677
0.472921
0.496132
0.502901
0.498066
0.505803
0.507737
0.512573
0.514507
0.517408
0.533849
0.542553
0.541586
0.561896
0.568665
0.566731
0.580271
0.587041
0.593810
0.599613
0.589942
0.594778
0.599613
0.607350
0.629594
0.618955
0.631528
0.633462
0.649903
0.645068
0.682785
0.662476
0.683752
0.686654
0.668279
0.676983
0.685687
0.683752
0.684720
0.699226
0.677950
0.676015
0.690522
0.687621
0.681818
0.682785
0.712766
0.688588
0.711799
0.711799
0.700193
0.672147
0.701161
0.681818
0.711799
0.726306
0.677950
0.697292
0.742747
0.704062
0.713733
0.709865
0.708897
0.726306
0.722437
0.728240
0.741780
0.735010
0.754352
0.748549
0.733075
0.760155
0.725339
0.705029
0.727273
0.730174
0.716634
0.736944
0.718569
0.760155
0.725339
0.747582
0.757253
0.740812
0.740812
0.745648
0.748549
0.753385
0.726306
0.757253
0.760155
0.746615
0.760155
0.752418
0.755319
0.761122
0.759188
0.747582
0.765957
0.764990
0.788201
0.769826
0.768859
0.745648
0.756286
0.775629
0.762089
0.773694
0.778530
0.763056
0.750484
0.751451
0.777563
0.783366
0.764990
0.772727
0.767892
0.772727
0.787234
0.768859
0.778530
0.784333
0.797872
0.790135
0.785300
0.782398
0.806576
0.778530
0.783366
0.755319
0.796905
0.782398
0.802708
0.801741
0.803675
0.759188
0.806576
0.794004
0.804642
0.812379
0.812379
0.797872
0.803675
0.822050
0.817215
0.794004
0.797872
0.833656
0.788201
0.819149
0.788201
0.821083
0.797872
0.845261
0.816248
0.837524
0.847195
0.833656
0.838491
0.839458
0.821083
0.817215
0.858801
0.823985
0.843327
0.794971
0.836557
0.836557
0.860735
0.865571
0.846228
0.840426
0.869439
0.849130
0.850097
0.817215
0.860735
0.859768
0.843327
0.862669
0.848162
0.858801
0.852998
0.864603
0.830754
0.852031
0.853965
0.863636
0.848162
0.858801
0.874275
0.868472
0.878143
0.882979
0.872340
0.857834
0.861702
0.875242
0.826886
0.867505
0.868472
0.858801
0.875242
0.870406
0.867505
0.874275
0.869439
0.873308
0.875242
0.883946
0.875242
0.885880
0.873308
0.868472
0.871373
0.888781
0.870406
0.889749
0.878143
0.885880
