949.005188
830.529541
733.750000
650.710571
576.910950
512.248535
455.211517
404.623260
359.961975
320.492523
285.563629
254.607086
227.130844
202.740677
181.059128
161.763275
144.606110
129.326538
115.732254
103.621841
92.818130
83.187805
74.601646
66.938942
60.094257
53.998318
48.520622
43.664024
39.307972
35.384605
31.912409
28.793941
25.984907
23.498161
21.272068
19.262920
17.476255
15.875165
14.452449
13.167489
12.023313
10.986904
10.068734
9.237128
8.496365
7.830957
7.229768
6.687833
6.200696
5.757510
5.358077
5.002735
4.678225
4.385634
4.117462
3.868054
3.647280
3.449642
3.264029
3.094451
2.937056
2.790106
2.664093
2.545559
2.443874
2.342722
2.250973
2.170547
2.095306
2.028577
1.963118
1.890391
1.841959
1.787120
1.740113
1.699643
1.659189
1.619461
1.584870
1.551378
1.520388
1.492120
1.462982
1.438230
1.413408
1.393468
1.368739
1.351084
1.328983
1.312807
1.293831
1.277202
1.264578
1.244954
1.232808
1.221352
1.207434
1.194211
1.183661
1.177986
1.160500
1.153562
1.142849
1.130603
1.124827
1.114556
1.106738
1.097561
1.091187
1.081231
1.077490
1.078016
1.061997
1.056616
1.051845
1.043092
1.037907
1.032409
1.032423
1.026850
1.015707
1.012188
1.004768
1.003349
0.992977
0.988041
0.983174
0.978534
0.973674
0.971214
0.965208
0.963206
0.959989
0.956727
0.951409
0.946337
0.940488
0.939946
0.929980
0.933444
0.925524
0.922180
0.915773
0.919145
0.917282
0.908803
0.905967
0.900642
0.899942
0.896703
0.893028
0.887376
0.888223
0.882791
0.889764
0.877524
0.874957
0.870708
0.876372
0.865857
0.863593
0.863683
0.858669
0.856041
0.855856
0.848773
0.851111
0.848957
0.840908
0.845625
0.842565
0.834313
0.832959
0.831479
0.831855
0.824011
0.823935
0.825660
0.820135
0.817238
0.819891
0.816244
0.814876
0.802670
0.805958
0.803400
0.798729
0.794509
0.793682
0.790407
0.789047
0.793617
0.784955
0.780889
0.790348
0.774359
0.776348
0.778383
0.774424
0.769216
0.769997
0.787524
0.761261
0.763786
0.761565
0.757187
0.761493
0.762659
0.754129
0.745790
0.745973
0.745862
0.759872
0.744747
0.745248
0.739484
0.737948
0.740557
0.736790
0.738294
0.739969
0.733169
0.726797
0.725490
0.723075
0.726438
0.721336
0.718620
0.715509
0.720681
0.715836
0.712210
0.714483
0.709292
0.711576
0.709838
0.708864
0.702471
0.711573
0.701142
