0.374275
0.402321
0.421663
0.416828
0.429400
0.437137
0.431335
0.440039
0.461315
0.476789
0.491296
0.514507
0.517408
0.530948
0.538685
0.539652
0.542553
0.549323
0.558994
0.554159
0.558994
0.566731
0.568665
0.571567
0.584139
0.591876
0.593810
0.596712
0.609284
0.626692
0.626692
0.638298
0.659574
0.661509
0.662476
0.677950
0.683752
0.684720
0.691489
0.695358
0.693424
0.712766
0.698259
0.724371
0.718569
0.707930
0.713733
0.713733
0.703095
0.719536
0.720503
0.713733
0.705029
0.719536
0.719536
0.719536
0.722437
0.710832
0.723404
0.732108
0.732108
0.742747
0.729207
0.736944
0.765957
0.738878
0.745648
0.748549
0.739845
0.733075
0.726306
0.746615
0.733075
0.756286
0.752418
0.738878
0.750484
0.747582
0.773694
0.761122
0.749516
0.756286
0.758220
0.760155
0.752418
0.750484
0.771760
0.744681
0.763056
0.766925
0.760155
0.751451
0.759188
0.766925
0.763056
0.749516
0.761122
0.760155
0.754352
0.762089
0.765957
0.761122
0.758220
0.762089
0.770793
0.757253
0.764023
0.773694
0.779497
0.775629
0.778530
0.764023
0.766925
0.769826
0.793037
0.790135
0.777563
0.776596
0.782398
0.776596
0.789168
0.798839
0.792070
0.773694
0.785300
0.796905
0.799807
0.804642
0.805609
0.797872
0.814313
0.799807
0.812379
0.789168
0.794004
0.806576
0.816248
0.809478
0.818182
0.832689
0.823017
0.817215
0.833656
0.813346
0.804642
0.821083
0.820116
0.823017
0.840426
0.834623
0.837524
0.834623
0.827853
0.839458
0.822050
0.835590
0.841393
0.831721
0.819149
0.838491
0.839458
0.854932
0.856867
0.846228
0.838491
0.852031
0.852031
0.851064
0.864603
0.860735
0.841393
0.868472
0.859768
0.847195
0.843327
0.859768
0.869439
0.855899
0.853965
0.870406
0.857834
0.843327
0.855899
0.884913
0.856867
0.860735
0.882979
0.872340
0.869439
0.868472
0.879110
0.867505
0.864603
0.897485
0.850097
0.880077
0.869439
0.875242
0.868472
0.884913
0.881045
0.879110
0.890716
0.878143
0.881045
0.893617
0.886847
0.888781
0.887814
0.899420
0.893617
0.887814
0.892650
0.891683
0.886847
0.891683
0.910058
0.882979
0.905222
0.877176
0.881045
0.893617
0.897485
0.895551
0.894584
0.901354
0.900387
0.903288
0.902321
0.906190
0.910058
0.910058
0.908124
0.910058
0.903288
0.904255
0.903288
0.901354
0.913926
0.911992
