992.443665
881.977966
778.457336
697.862976
627.324707
567.255493
515.023254
467.673706
425.358582
387.364990
353.555420
323.067627
295.560944
270.766785
248.409470
228.164886
209.828400
193.154388
178.003067
164.219406
151.646729
140.166748
129.669174
120.051399
111.242027
103.154510
95.726372
88.892563
82.591988
76.790131
71.434959
66.486771
61.911949
57.680561
53.760574
50.134762
46.775047
43.653587
40.756950
38.076488
35.579037
33.258472
31.103065
29.100660
27.230619
25.492817
23.878649
22.360367
20.952826
19.637016
18.407631
17.272358
16.208599
15.216493
14.294518
13.430479
12.625315
11.878146
11.177910
10.529953
9.924384
9.357037
8.826004
8.326252
7.860094
7.422910
7.019672
6.639644
6.278925
5.948600
5.632071
5.344129
5.076382
4.822125
4.580808
4.356793
4.150901
3.957268
3.777399
3.614610
3.454557
3.304284
3.156018
3.024478
2.895092
2.781259
2.674302
2.566278
2.470332
2.380698
2.296610
2.218523
2.149629
2.077776
2.017613
1.953381
1.900030
1.844189
1.796097
1.748912
1.700883
1.658034
1.622571
1.578246
1.540132
1.502295
1.474354
1.443534
1.409221
1.394515
1.366037
1.330841
1.308587
1.290876
1.266258
1.245476
1.230251
1.207198
1.209799
1.177393
1.158166
1.148274
1.139737
1.121009
1.105162
1.102006
1.085012
1.066056
1.057263
1.047968
1.042444
1.029792
1.030819
1.018208
1.005116
0.999568
0.992593
0.984916
0.972931
0.973414
0.967815
0.958650
0.955724
0.956377
0.944560
0.942382
0.936403
0.930023
0.931400
0.921828
0.917442
0.911006
0.908185
0.904631
0.900885
0.899064
0.892336
0.889305
0.890118
0.888309
0.884009
0.875874
0.882489
0.868576
0.866239
0.864893
0.872284
0.864467
0.863063
0.851729
0.864676
0.851000
0.862633
0.845127
0.858768
0.852587
0.842419
0.855399
0.839473
0.836593
0.836629
0.834844
0.834121
0.824906
0.827218
0.830231
0.822838
0.821873
0.825982
0.822550
0.818293
0.827760
0.810589
0.811829
0.814753
0.811746
0.802884
0.805930
0.803463
0.797303
0.795839
0.797675
0.793100
0.800994
0.798575
0.801347
0.793390
0.785068
0.786726
0.784986
0.790311
0.785655
0.778279
0.781183
0.773076
0.769274
0.769861
0.775296
0.778927
0.774424
0.776801
0.762558
0.769976
0.758060
0.756610
0.756931
0.755159
0.751190
0.749660
0.749326
0.757431
0.765159
0.750902
0.747091
0.742796
0.748266
0.746190
0.749196
0.734612
0.734276
