0.394584
0.380077
0.410058
0.452611
0.467118
0.478723
0.486460
0.510638
0.513540
0.510638
0.503868
0.514507
0.533849
0.532882
0.538685
0.545455
0.542553
0.551257
0.556093
0.561896
0.568665
0.567698
0.573501
0.580271
0.582205
0.592843
0.594778
0.588008
0.606383
0.595745
0.597679
0.609284
0.624758
0.623791
0.635397
0.650870
0.665377
0.661509
0.666344
0.675048
0.658607
0.671180
0.669246
0.673114
0.674081
0.675048
0.696325
0.686654
0.675048
0.710832
0.702128
0.705996
0.696325
0.720503
0.704062
0.728240
0.719536
0.733075
0.734043
0.721470
0.714700
0.710832
0.728240
0.695358
0.728240
0.727273
0.732108
0.734043
0.735977
0.735977
0.739845
0.717602
0.757253
0.758220
0.741780
0.738878
0.747582
0.746615
0.742747
0.722437
0.743714
0.748549
0.756286
0.742747
0.759188
0.740812
0.752418
0.762089
0.769826
0.775629
0.770793
0.771760
0.758220
0.758220
0.765957
0.760155
0.764023
0.751451
0.765957
0.762089
0.778530
0.780464
0.749516
0.757253
0.761122
0.776596
0.788201
0.781431
0.796905
0.794971
0.786267
0.802708
0.800774
0.777563
0.787234
0.787234
0.785300
0.794971
0.770793
0.797872
0.818182
0.803675
0.789168
0.801741
0.795938
0.829787
0.793037
0.802708
0.810445
0.803675
0.790135
0.814313
0.823017
0.823985
0.814313
0.819149
0.810445
0.807544
0.825919
0.825919
0.815280
0.824952
0.812379
0.819149
0.835590
0.833656
0.817215
0.828820
0.795938
0.813346
0.829787
0.841393
0.842360
0.835590
0.831721
0.813346
0.852998
0.849130
0.852998
0.835590
0.832689
0.838491
0.823017
0.852031
0.843327
0.853965
0.836557
0.849130
0.853965
0.860735
0.820116
0.845261
0.828820
0.866538
0.842360
0.864603
0.856867
0.836557
0.874275
0.857834
0.839458
0.867505
0.857834
0.856867
0.864603
0.847195
0.866538
0.858801
0.855899
0.843327
0.857834
0.861702
0.879110
0.868472
0.855899
0.852031
0.870406
0.866538
0.863636
0.880077
0.872340
0.883946
0.876209
0.848162
0.858801
0.841393
0.855899
0.880077
0.870406
0.867505
0.853965
0.865571
0.878143
0.875242
0.897485
0.886847
0.879110
0.891683
0.856867
0.873308
0.872340
0.880077
0.865571
0.888781
0.880077
0.886847
0.889749
0.888781
0.883946
0.882012
0.891683
0.855899
0.892650
0.870406
0.897485
0.892650
0.877176
0.894584
0.882979
0.886847
