0.344294
0.344294
0.404255
0.383946
0.373308
0.449710
0.149903
0.138298
0.347195
0.335590
0.350097
0.352998
0.356867
0.360735
0.361702
0.370406
0.375242
0.379110
0.381044
0.382012
0.382979
0.434236
0.462282
0.465184
0.465184
0.483559
0.501934
0.505803
0.505803
0.518375
0.526112
0.530948
0.527079
0.538685
0.549323
0.548356
0.557060
0.551257
0.566731
0.565764
0.567698
0.576402
0.583172
0.574468
0.587041
0.596712
0.601547
0.600580
0.614120
0.610251
0.616054
0.617988
0.625725
0.632495
0.656673
0.645068
0.650870
0.653772
0.652805
0.662476
0.675048
0.680851
0.676983
0.690522
0.632495
0.680851
0.676983
0.683752
0.694391
0.713733
0.703095
0.717602
0.706963
0.704062
0.706963
0.705996
0.712766
0.699226
0.736944
0.723404
0.710832
0.746615
0.711799
0.733075
0.722437
0.732108
0.726306
0.731141
0.723404
0.735977
0.743714
0.740812
0.735010
0.743714
0.722437
0.730174
0.749516
0.741780
0.723404
0.735977
0.721470
0.730174
0.747582
0.739845
0.756286
0.764990
0.756286
0.751451
0.750484
0.752418
0.775629
0.781431
0.754352
0.758220
0.750484
0.768859
0.765957
0.785300
0.763056
0.758220
0.780464
0.766925
0.765957
0.769826
0.769826
0.759188
0.776596
0.780464
0.790135
0.785300
0.788201
0.807544
0.779497
0.787234
0.771760
0.783366
0.788201
0.809478
0.808511
0.798839
0.806576
0.802708
0.793037
0.809478
0.789168
0.794971
0.804642
0.815280
0.801741
0.789168
0.793037
0.793037
0.805609
0.816248
0.800774
0.805609
0.805609
0.810445
0.813346
0.810445
0.831721
0.806576
0.822050
0.831721
0.822050
0.804642
0.829787
0.819149
0.817215
0.827853
0.836557
0.816248
0.826886
0.836557
0.823017
0.815280
0.822050
0.833656
0.841393
0.852031
0.845261
0.813346
0.825919
0.855899
0.824952
0.849130
0.824952
0.829787
0.846228
0.811412
0.836557
0.821083
0.847195
0.855899
0.858801
0.831721
0.837524
0.857834
0.835590
0.864603
0.845261
0.852031
0.866538
0.846228
0.857834
0.852031
0.858801
0.849130
0.843327
0.854932
0.827853
0.850097
0.845261
0.876209
0.855899
0.867505
0.842360
0.852031
0.866538
0.882979
0.866538
0.859768
0.874275
0.870406
0.884913
0.852998
0.853965
0.860735
0.890716
0.860735
0.874275
0.864603
0.877176
0.872340
0.862669
0.884913
0.872340
0.883946
0.876209
0.874275
