992.674377
876.157288
779.343384
704.973206
633.282410
570.453613
514.079895
466.261536
423.310791
384.739563
349.998657
318.734955
290.596466
265.207031
242.114731
221.390244
202.641663
185.664825
170.282913
156.327026
143.648544
132.033936
121.463333
111.860916
103.105537
95.112259
87.797997
81.112411
74.977219
69.344543
64.168617
59.414616
55.039280
51.006016
47.295685
43.864922
40.712723
37.786346
35.085350
32.593399
30.290138
28.154337
26.179281
24.350328
22.654051
21.085890
19.621914
18.271624
17.021206
15.857177
14.782456
13.783351
12.859203
11.999359
11.205164
10.459251
9.771074
9.140212
8.558412
8.010879
7.497501
7.028387
6.600998
6.200044
5.869463
5.490472
5.177681
4.880011
4.615860
4.356663
4.125585
3.914288
3.718058
3.534889
3.366708
3.215214
3.062797
2.930638
2.816485
2.698148
2.586738
2.487623
2.402805
2.323357
2.243675
2.164746
2.097029
2.030517
1.991112
1.919930
1.867031
1.831852
1.779177
1.738671
1.696218
1.688120
1.629333
1.598899
1.562918
1.529316
1.527880
1.475581
1.443753
1.428862
1.408083
1.377532
1.361858
1.339636
1.334084
1.303334
1.286229
1.270728
1.254471
1.242309
1.233432
1.212260
1.204232
1.184267
1.172767
1.163253
1.149664
1.140409
1.130717
1.127120
1.112129
1.114764
1.097573
1.088966
1.076049
1.077410
1.061489
1.054561
1.046428
1.039441
1.036996
1.027264
1.024255
1.016430
1.002279
1.001181
0.998348
0.992106
0.995239
0.981229
0.976000
0.970868
0.962110
0.957939
0.960582
0.962319
0.963588
0.955158
0.941914
0.939441
0.933082
0.933369
0.927775
0.919986
0.917888
0.915025
0.912641
0.910569
0.907323
0.902888
0.903642
0.905931
0.896863
0.893058
0.890845
0.891778
0.882702
0.884370
0.882243
0.878313
0.873629
0.878324
0.871439
0.875723
0.867865
0.868505
0.859139
0.863645
0.856772
0.850315
0.856679
0.852461
0.851210
0.847883
0.848005
0.854663
0.842206
0.842647
0.830952
0.830976
0.828710
0.832438
0.830402
0.827450
0.823519
0.819130
0.819573
0.817023
0.812596
0.812914
0.809228
0.815502
0.804751
0.811411
0.806901
0.800389
0.811225
0.796822
0.799287
0.793572
0.794474
0.788924
0.792370
0.794915
0.785202
0.794393
0.787011
0.801484
0.781734
0.775672
0.775671
0.781315
0.772003
0.771974
0.772209
0.774374
0.762439
0.761154
0.761997
0.763669
0.762163
0.760273
0.767415
0.756526
0.752295
0.751819
