0.429482
0.789339
0.865340
0.915328
0.926039
0.934711
0.947717
0.955624
0.958429
0.960469
0.961999
0.964040
0.965315
0.964295
0.967355
0.972966
0.973476
0.975006
0.978322
0.979342
0.980872
0.983168
0.983933
0.984698
0.985718
0.985463
0.986738
0.987248
0.988523
0.988268
0.989543
0.989033
0.990054
0.988268
0.990819
0.990819
0.990819
0.990054
0.990054
0.990309
0.990054
0.990309
0.989799
0.989288
0.989543
0.990054
0.989799
0.989033
0.988778
0.990054
0.989543
0.989033
0.989033
0.989799
0.989799
0.988778
0.989799
0.989543
0.988778
0.989288
0.988268
0.989543
0.989288
0.988523
0.988013
0.988268
0.988523
0.987758
0.988013
0.988268
0.988013
0.988268
0.987503
0.987503
0.987503
0.988013
0.988268
0.988268
0.987248
0.987758
0.987503
0.988013
0.988268
0.987758
0.987503
0.987503
0.987503
0.987503
0.987503
0.987503
0.986993
0.985208
0.986483
0.986993
0.986738
0.987503
0.986993
0.985973
0.988268
0.986993
0.986738
0.986993
0.987758
0.987758
0.987248
0.987758
0.988268
0.988268
0.988268
0.987758
0.986228
0.987758
0.987758
0.988523
0.987758
0.986993
0.989288
0.989288
0.988778
0.988778
0.988778
0.989543
0.989033
0.989799
0.988523
0.989543
0.990054
0.989033
0.989288
0.989288
0.990054
0.989799
0.990564
0.990054
0.989799
0.991074
0.990564
0.991329
0.990309
0.990054
0.990564
0.990819
0.991329
0.992604
0.992349
0.991584
0.991329
0.991329
0.992859
0.992859
0.990564
0.990564
0.992604
0.991074
0.993114
0.992604
0.993624
0.992349
0.993879
0.993879
0.993624
0.994134
0.993624
0.993369
0.993879
0.994134
0.993879
0.993879
0.994134
0.994134
0.993879
0.994389
0.994134
0.994134
0.994134
0.994389
0.994134
0.994644
0.994389
0.994644
0.994134
0.994134
0.994134
0.994644
0.994644
0.994899
0.994644
0.994389
0.994134
0.994389
0.994389
0.994389
0.995664
0.994389
0.995919
0.994389
0.994134
0.995409
0.995154
0.994899
0.994644
0.995154
0.995409
0.994899
0.994389
0.995664
0.994899
0.997450
0.995664
0.994899
0.995154
0.995154
0.995409
0.995664
0.995154
0.995919
0.995664
0.996174
0.996684
0.996684
0.997195
0.996430
0.994644
0.996430
0.995409
0.995154
0.995664
0.996684
0.995919
0.997450
0.996940
0.996430
0.997195
0.997195
0.996940
0.996684
0.996430
0.996940
0.997195
0.997450
