419.254486
370.507141
330.343170
294.645111
262.998199
234.827957
209.760391
187.444626
167.574875
149.859894
134.073776
119.987640
107.419296
96.198418
86.182861
77.237175
69.241241
62.099430
55.711464
50.003746
44.900703
40.334782
36.253372
32.599194
29.331438
26.406725
23.787342
21.442768
19.346594
17.466974
15.784238
14.275227
12.923812
11.713554
10.625811
9.651594
8.778048
7.993374
7.288920
6.655718
6.087205
5.576033
5.115210
4.700695
4.327419
3.990216
3.685893
3.411433
3.162716
2.937120
2.732943
2.547685
2.379107
2.225250
2.085368
1.957626
1.840231
1.732825
1.634295
1.543457
1.459740
1.382261
1.310775
1.244509
1.183071
1.125393
1.071427
1.021608
0.974496
0.930515
0.889015
0.849838
0.813575
0.779421
0.746252
0.715576
0.685798
0.658293
0.632203
0.607070
0.583391
0.560427
0.538931
0.518337
0.498718
0.480164
0.462231
0.445465
0.428942
0.413220
0.398382
0.384451
0.371048
0.358409
0.346192
0.334652
0.323840
0.313478
0.303601
0.293962
0.284939
0.276243
0.268170
0.260314
0.252450
0.245245
0.238224
0.231838
0.225690
0.219725
0.214346
0.208777
0.203773
0.198888
0.194369
0.190039
0.185823
0.181735
0.178348
0.174289
0.170993
0.168033
0.165208
0.161937
0.159421
0.156141
0.154231
0.151242
0.148724
0.147195
0.144035
0.141819
0.139705
0.137788
0.136183
0.134267
0.132304
0.130520
0.129078
0.127444
0.125653
0.123713
0.122248
0.120917
0.119457
0.118252
0.116755
0.115441
0.114346
0.112520
0.112111
0.110609
0.109035
0.108485
0.106642
0.105543
0.104327
0.103798
0.102124
0.100903
0.100187
0.098881
0.098184
0.097194
0.096398
0.095127
0.094599
0.093556
0.092238
0.091734
0.090961
0.089867
0.089107
0.087976
0.087196
0.086416
0.085936
0.085078
0.083973
0.083567
0.082884
0.082648
0.081646
0.080425
0.079731
0.079463
0.078214
0.078076
0.077591
0.077242
0.076690
0.076640
0.074958
0.074740
0.073644
0.073261
0.072284
0.071644
0.071264
0.070408
0.069736
0.069354
0.068840
0.068648
0.068361
0.067220
0.067026
0.066709
0.065955
0.065301
0.065547
0.064269
0.064488
0.063343
0.063045
0.062651
0.062183
0.061810
0.061316
0.060137
0.059863
0.059307
0.059881
0.058319
0.058026
0.057952
0.056988
0.056640
0.056139
0.055872
0.055277
0.056267
0.054752
0.054266
0.053799
0.053254
0.053107
0.052359
0.052620
0.052254
