0.618465
0.852844
0.911247
0.924254
0.940576
0.953328
0.964805
0.966590
0.968630
0.968375
0.970416
0.972201
0.973731
0.974241
0.977557
0.976792
0.978322
0.979087
0.980107
0.980617
0.981637
0.980107
0.981127
0.980872
0.982402
0.983423
0.982657
0.982913
0.985208
0.986993
0.985718
0.986483
0.985718
0.984953
0.985973
0.986483
0.985973
0.986993
0.986483
0.985973
0.985718
0.984698
0.985718
0.984953
0.985463
0.984953
0.984698
0.984953
0.983933
0.985208
0.986483
0.986228
0.985208
0.986993
0.985973
0.985973
0.986228
0.986993
0.986228
0.985463
0.985718
0.983678
0.986483
0.986993
0.986738
0.985973
0.986993
0.984953
0.984953
0.985718
0.983678
0.984953
0.986483
0.983933
0.986993
0.984188
0.984443
0.986483
0.984188
0.986483
0.986228
0.986483
0.986228
0.986483
0.983678
0.984698
0.985973
0.986993
0.984188
0.985463
0.986228
0.986993
0.987248
0.986483
0.986738
0.986993
0.987503
0.987248
0.987758
0.987758
0.987758
0.988013
0.988523
0.988013
0.988523
0.987503
0.987758
0.988778
0.989033
0.989033
0.989543
0.989033
0.989288
0.989543
0.989543
0.990054
0.989543
0.989543
0.990309
0.990819
0.990309
0.990564
0.990564
0.990819
0.990819
0.990819
0.990309
0.991329
0.990054
0.990819
0.991074
0.991074
0.991329
0.991074
0.991074
0.991329
0.991839
0.991074
0.991074
0.991329
0.991074
0.991074
0.991584
0.991074
0.991329
0.991074
0.991329
0.992094
0.991839
0.991329
0.992094
0.992094
0.992859
0.991584
0.992349
0.992349
0.992604
0.992604
0.992604
0.992604
0.992094
0.992349
0.993114
0.993369
0.993114
0.993114
0.993369
0.994389
0.993879
0.993114
0.993879
0.993369
0.993624
0.994134
0.994134
0.994134
0.994134
0.993369
0.994389
0.994134
0.993114
0.994134
0.994134
0.994389
0.994644
0.994644
0.995409
0.994389
0.994389
0.996430
0.993624
0.994389
0.995154
0.994389
0.994899
0.995919
0.995664
0.995664
0.995154
0.994389
0.995919
0.995919
0.996174
0.996174
0.994644
0.996430
0.997195
0.997450
0.996684
0.996430
0.995664
0.996684
0.996684
0.996430
0.996174
0.996174
0.996174
0.996940
0.996430
0.996174
0.996940
0.996430
0.996684
0.997195
0.996174
0.996684
0.996940
0.996940
0.997450
0.996940
0.997195
0.996940
0.997450
0.996430
0.997195
0.996940
0.997705
0.997450
0.997195
0.996940
