411.429535
359.617859
315.542511
276.734039
242.659576
212.813873
186.636658
163.689835
143.552902
125.897644
110.417633
96.848038
84.945793
74.521507
65.389915
57.392185
50.387207
44.253315
38.881691
34.188061
30.077719
26.477419
23.330297
20.576393
18.167450
16.060518
14.217756
12.606286
11.194691
9.960040
8.880019
7.934865
7.105946
6.379993
5.743371
5.184365
4.692837
4.260010
3.878510
3.541610
3.243953
2.979806
2.745163
2.536304
2.349907
2.181990
2.031883
1.896885
1.774643
1.663503
1.562726
1.470728
1.386085
1.308516
1.236626
1.170729
1.109748
1.051949
0.999346
0.949222
0.902908
0.859573
0.818193
0.780041
0.743622
0.709554
0.677209
0.646514
0.617351
0.590419
0.564577
0.540819
0.517374
0.495931
0.475532
0.455249
0.436396
0.418791
0.402388
0.386663
0.371424
0.357922
0.344423
0.332013
0.320376
0.308774
0.298444
0.289482
0.279448
0.270279
0.261928
0.253961
0.246030
0.238640
0.232044
0.225656
0.220863
0.214543
0.208764
0.203720
0.198912
0.194235
0.189758
0.185648
0.181723
0.179203
0.175233
0.171277
0.167726
0.165492
0.161797
0.159036
0.156226
0.153654
0.151421
0.148739
0.146910
0.144645
0.142815
0.140246
0.138392
0.136510
0.134629
0.132948
0.131440
0.129228
0.127967
0.126572
0.125400
0.123397
0.121773
0.120638
0.119952
0.117648
0.116755
0.115639
0.113794
0.112481
0.111555
0.109818
0.109085
0.107873
0.106389
0.105238
0.104590
0.103373
0.103390
0.100767
0.099523
0.098341
0.096784
0.095998
0.095053
0.094153
0.092652
0.091709
0.091100
0.090235
0.089244
0.088233
0.087611
0.086834
0.085538
0.084522
0.084265
0.082886
0.082898
0.082311
0.080347
0.080177
0.078742
0.078978
0.077890
0.076883
0.076117
0.075043
0.074557
0.074620
0.072936
0.072655
0.073009
0.071339
0.070566
0.069910
0.069290
0.068719
0.067840
0.067640
0.067374
0.066601
0.066674
0.065039
0.064373
0.064589
0.063360
0.063049
0.063108
0.062186
0.061172
0.061160
0.060719
0.060528
0.059663
0.059015
0.058079
0.057739
0.057797
0.057478
0.056547
0.055952
0.055723
0.055378
0.054358
0.053875
0.053516
0.053280
0.052699
0.052205
0.051880
0.052142
0.051064
0.050784
0.050543
0.050069
0.049409
0.049491
0.049312
0.049059
0.048171
0.048197
0.047529
0.046932
0.046771
0.046881
0.046311
0.045746
0.045139
0.044899
0.045373
0.044795
