431.585388
390.120087
351.894867
317.217041
286.212555
258.116211
232.729431
209.778458
189.161743
170.571945
153.822189
138.723099
125.148621
112.928223
101.889847
91.967758
83.012016
74.954033
67.678909
61.134811
55.231224
49.906235
45.092377
40.773167
36.862999
33.340271
30.172371
27.309250
24.727930
22.405874
20.309362
18.424625
16.717358
15.187214
13.804544
12.556234
11.432198
10.416744
9.502848
8.676109
7.932079
7.260210
6.653329
6.105938
5.607438
5.158942
4.752676
4.385633
4.052597
3.752601
3.478368
3.229239
3.003438
2.799565
2.609398
2.438524
2.283431
2.139671
2.008819
1.889628
1.778826
1.676690
1.583124
1.495999
1.415659
1.341406
1.272377
1.207336
1.147261
1.091219
1.038607
0.989169
0.943316
0.899487
0.858386
0.820043
0.783178
0.748912
0.716121
0.685113
0.655947
0.628127
0.601602
0.576475
0.552797
0.530063
0.508597
0.488277
0.468726
0.450405
0.432946
0.416106
0.400191
0.385108
0.370776
0.357300
0.344306
0.331988
0.320229
0.309517
0.298672
0.288845
0.279466
0.270954
0.261855
0.254064
0.246376
0.239150
0.232324
0.226000
0.220063
0.214082
0.208555
0.203645
0.198614
0.194221
0.189705
0.185247
0.181137
0.177284
0.173733
0.170380
0.167244
0.163980
0.161407
0.159306
0.155515
0.152853
0.150384
0.148171
0.146119
0.143599
0.141581
0.139522
0.137463
0.135525
0.133944
0.131972
0.129940
0.128428
0.126698
0.125202
0.124197
0.122093
0.120878
0.119378
0.117975
0.116549
0.115707
0.113690
0.112913
0.111203
0.110349
0.108999
0.108088
0.106705
0.105247
0.104191
0.103256
0.102047
0.100977
0.100609
0.098753
0.097694
0.096883
0.095693
0.094833
0.093562
0.092665
0.092318
0.091048
0.089795
0.089065
0.088543
0.087231
0.086657
0.085880
0.085087
0.084457
0.083309
0.082135
0.081330
0.080778
0.079978
0.079091
0.078421
0.077917
0.076858
0.076786
0.075582
0.075093
0.074742
0.074203
0.074214
0.072829
0.071445
0.070970
0.070360
0.069876
0.070090
0.068740
0.067980
0.067465
0.067130
0.066190
0.066199
0.064954
0.065855
0.065318
0.063477
0.062795
0.062568
0.061842
0.061872
0.060913
0.060555
0.059953
0.059737
0.059113
0.058521
0.058121
0.058683
0.057405
0.056891
0.056841
0.056016
0.055480
0.055085
0.054839
0.054571
0.053864
0.053809
0.053206
0.052709
0.052240
0.051716
0.051641
0.050877
0.057421
0.050456
