0.657995
0.843152
0.878092
0.910992
0.927825
0.938281
0.943637
0.947207
0.948227
0.949758
0.955879
0.959194
0.958684
0.960724
0.962510
0.964805
0.965060
0.967865
0.968630
0.968885
0.969906
0.971691
0.970161
0.973731
0.974241
0.976537
0.977047
0.977557
0.981382
0.979852
0.981127
0.984188
0.985973
0.986228
0.986483
0.987758
0.988013
0.989033
0.987758
0.990054
0.989543
0.989543
0.989543
0.990054
0.990054
0.990564
0.991329
0.991584
0.992094
0.991584
0.991839
0.992349
0.993114
0.990819
0.993114
0.992859
0.991839
0.992094
0.992859
0.992604
0.992349
0.992349
0.991839
0.992349
0.992349
0.992094
0.991839
0.992094
0.992094
0.992094
0.992094
0.992094
0.991839
0.991584
0.992094
0.991074
0.991074
0.991074
0.991329
0.991074
0.991329
0.991584
0.990819
0.991074
0.991074
0.990819
0.990819
0.990309
0.990819
0.991329
0.990564
0.991074
0.991329
0.991329
0.990564
0.991074
0.991329
0.990309
0.990564
0.989799
0.990309
0.990309
0.990564
0.991074
0.990309
0.990054
0.990309
0.990309
0.990819
0.990564
0.990819
0.990309
0.990564
0.990819
0.990564
0.990054
0.991074
0.990819
0.990564
0.990819
0.991074
0.991074
0.990564
0.990819
0.991584
0.990309
0.990819
0.990819
0.991074
0.990819
0.991074
0.991329
0.991329
0.991839
0.991329
0.991584
0.992094
0.991074
0.992094
0.992094
0.992349
0.992094
0.991839
0.992349
0.992604
0.992604
0.992859
0.992349
0.994134
0.993114
0.993369
0.993114
0.993369
0.993369
0.994134
0.993624
0.993114
0.993879
0.993624
0.993114
0.993624
0.993879
0.994134
0.993369
0.993879
0.993624
0.994134
0.993879
0.993879
0.993624
0.994134
0.993879
0.993624
0.993879
0.994134
0.994644
0.995154
0.993624
0.993879
0.994134
0.994644
0.994644
0.995409
0.994644
0.994134
0.994134
0.995154
0.994644
0.994134
0.994899
0.995409
0.994899
0.994389
0.994134
0.994389
0.994644
0.994899
0.994899
0.995154
0.995919
0.995919
0.994899
0.995154
0.996684
0.995919
0.995919
0.995919
0.995919
0.995409
0.995664
0.995154
0.995154
0.996174
0.994644
0.996684
0.995409
0.996174
0.996940
0.996684
0.996174
0.996430
0.996684
0.996174
0.996174
0.995409
0.996430
0.996684
0.996430
0.996940
0.997450
0.996940
0.996940
0.996174
0.996430
0.997705
0.997705
0.997450
0.997195
0.996174
0.997195
