421.450836
369.462616
327.757812
290.280853
257.048645
227.728928
201.765900
178.825363
158.531250
140.604126
124.743980
110.707092
98.304741
87.315132
77.596146
68.992256
61.376003
54.637302
48.655197
43.355610
38.662350
34.495300
30.804453
27.519396
24.606619
22.015692
19.720280
17.678333
15.857994
14.244619
12.807536
11.525893
10.387168
9.361858
8.451386
7.641740
6.916207
6.267706
5.686027
5.166204
4.699892
4.284169
3.907859
3.569874
3.266217
2.992468
2.743964
2.520644
2.319345
2.138406
1.973181
1.823624
1.688013
1.565279
1.453338
1.351180
1.257975
1.173927
1.096123
1.025131
0.960389
0.901473
0.846435
0.795550
0.749544
0.706910
0.667800
0.632151
0.599231
0.568378
0.540545
0.514021
0.489026
0.466392
0.445989
0.426265
0.408502
0.391406
0.376369
0.361674
0.348282
0.335384
0.323743
0.312771
0.302635
0.292408
0.283462
0.275504
0.266975
0.259925
0.252699
0.246306
0.240146
0.234449
0.229291
0.224291
0.219337
0.214544
0.210719
0.206329
0.202697
0.199359
0.194991
0.192290
0.188744
0.185219
0.182496
0.179535
0.176817
0.175243
0.171909
0.169440
0.167264
0.164934
0.163117
0.160677
0.159083
0.157016
0.155014
0.154021
0.151405
0.151226
0.148632
0.146599
0.146067
0.143299
0.142132
0.140409
0.139258
0.137597
0.136056
0.134800
0.133218
0.132129
0.130549
0.129215
0.128268
0.126836
0.125893
0.124795
0.123542
0.122409
0.120845
0.120077
0.118543
0.117580
0.116295
0.115079
0.114214
0.113351
0.112269
0.112482
0.110198
0.109306
0.107742
0.107686
0.106442
0.105327
0.104948
0.102999
0.102284
0.101078
0.100773
0.099724
0.099100
0.097755
0.096784
0.095727
0.095001
0.094242
0.093410
0.092164
0.092118
0.091477
0.090286
0.088785
0.088579
0.087315
0.086680
0.085834
0.086085
0.084384
0.083661
0.082833
0.082745
0.081303
0.080885
0.080215
0.079824
0.079078
0.077868
0.077243
0.076481
0.076502
0.075444
0.074867
0.074408
0.074407
0.072448
0.073683
0.072264
0.070780
0.070249
0.069956
0.068970
0.068468
0.067959
0.068209
0.066781
0.066231
0.065759
0.065697
0.065256
0.064388
0.063704
0.063374
0.062903
0.062488
0.061952
0.061625
0.062053
0.060441
0.060376
0.059728
0.059233
0.058862
0.059066
0.057995
0.057006
0.056866
0.056708
0.056303
0.055640
0.056086
0.055602
0.054624
0.054378
0.053263
0.053219
0.052539
