0.605968
0.870441
0.884978
0.915583
0.924509
0.938026
0.942362
0.945677
0.952053
0.954858
0.958939
0.959449
0.961744
0.964805
0.963785
0.965825
0.966080
0.968630
0.966335
0.968885
0.971436
0.971181
0.972711
0.973476
0.973476
0.976537
0.975771
0.976792
0.978322
0.976792
0.978322
0.979087
0.978577
0.979087
0.979852
0.979597
0.978322
0.980362
0.978322
0.978322
0.979342
0.980107
0.980107
0.979597
0.979852
0.980107
0.980107
0.979852
0.979597
0.980107
0.980617
0.979852
0.978832
0.980107
0.980362
0.979342
0.979852
0.980107
0.980107
0.979597
0.979087
0.980107
0.979342
0.979597
0.979597
0.978832
0.979087
0.979852
0.979087
0.979342
0.979852
0.979342
0.979342
0.979087
0.980362
0.979342
0.980362
0.979342
0.980872
0.979342
0.980617
0.980107
0.980107
0.980362
0.981382
0.980617
0.980617
0.981637
0.980362
0.980362
0.980107
0.981382
0.980872
0.980617
0.980617
0.980617
0.982147
0.981892
0.982657
0.982402
0.981382
0.980362
0.981382
0.981127
0.982657
0.982657
0.982147
0.982657
0.982147
0.984188
0.983168
0.983423
0.983423
0.982913
0.983933
0.983933
0.983678
0.983423
0.984443
0.985973
0.985208
0.986228
0.984698
0.985718
0.985463
0.985208
0.984443
0.986993
0.984698
0.985208
0.985718
0.988778
0.987248
0.985463
0.988778
0.989033
0.990054
0.986993
0.988778
0.991074
0.990819
0.989799
0.990054
0.991074
0.990309
0.989799
0.990819
0.990309
0.990309
0.991584
0.990564
0.990819
0.991839
0.991074
0.991839
0.989799
0.991329
0.991584
0.991074
0.992859
0.993114
0.992604
0.991584
0.993114
0.992859
0.993114
0.993114
0.993369
0.993369
0.993114
0.993624
0.993879
0.993879
0.993624
0.994644
0.993879
0.994134
0.994389
0.993879
0.993624
0.994899
0.994134
0.993879
0.994389
0.993624
0.994899
0.994134
0.994644
0.993879
0.994644
0.994899
0.994899
0.994899
0.994134
0.995154
0.994644
0.994899
0.994899
0.994644
0.994899
0.994899
0.994899
0.995409
0.994899
0.994899
0.995409
0.995154
0.995154
0.995154
0.995154
0.995154
0.995919
0.995154
0.995154
0.995919
0.995154
0.994899
0.995919
0.995154
0.995154
0.996430
0.995154
0.995154
0.996684
0.995154
0.995664
0.995154
0.996430
0.995154
0.995409
0.997195
0.995919
0.996430
0.997195
0.996174
0.996684
0.997450
0.996430
0.997195
0.996174
