0.631217
0.779648
0.833716
0.876817
0.890844
0.904361
0.915583
0.926804
0.927825
0.941852
0.944657
0.951033
0.954603
0.955879
0.956134
0.958684
0.959194
0.966845
0.967865
0.965060
0.963530
0.970926
0.971691
0.969651
0.971436
0.971946
0.974496
0.974751
0.972201
0.977047
0.975771
0.978577
0.982913
0.983678
0.984953
0.985718
0.984188
0.986483
0.988013
0.984443
0.987758
0.987758
0.987758
0.988523
0.988523
0.989288
0.989543
0.990054
0.989033
0.988523
0.989033
0.989033
0.989033
0.988268
0.987503
0.988523
0.988268
0.987758
0.987503
0.987758
0.987503
0.987758
0.988523
0.987248
0.985973
0.987248
0.987248
0.986483
0.986993
0.986738
0.984953
0.983933
0.984443
0.984698
0.983168
0.984188
0.984698
0.984698
0.983168
0.983933
0.983168
0.984698
0.983423
0.984443
0.983423
0.984698
0.984188
0.986483
0.983168
0.986483
0.983423
0.983423
0.984698
0.985208
0.983423
0.983168
0.985208
0.983423
0.983933
0.983933
0.983423
0.983678
0.983423
0.985463
0.983678
0.983678
0.985718
0.982913
0.983933
0.983168
0.983933
0.983933
0.983933
0.983678
0.984443
0.984443
0.986993
0.985463
0.984953
0.984443
0.984953
0.985973
0.986738
0.985718
0.985463
0.986738
0.986228
0.985718
0.985973
0.986483
0.986738
0.989543
0.988013
0.988523
0.990564
0.991329
0.988778
0.987503
0.990819
0.991584
0.992094
0.988523
0.989543
0.992349
0.991584
0.992604
0.992349
0.993369
0.992349
0.993114
0.993369
0.993114
0.992859
0.993114
0.993114
0.993369
0.993369
0.993879
0.993879
0.993879
0.994644
0.993879
0.993879
0.994134
0.993879
0.993624
0.994899
0.993879
0.994389
0.995154
0.994389
0.994389
0.994644
0.993879
0.995919
0.994389
0.994899
0.995664
0.996430
0.995664
0.996430
0.995154
0.995154
0.994134
0.995409
0.995154
0.996174
0.996430
0.995409
0.994899
0.996174
0.996430
0.996940
0.996940
0.996684
0.996174
0.996430
0.997195
0.996684
0.995154
0.996174
0.997705
0.996684
0.996430
0.996430
0.997705
0.996940
0.997195
0.997960
0.997450
0.996684
0.996940
0.996684
0.997705
0.997450
0.997705
0.996940
0.997705
0.998215
0.996940
0.997195
0.997195
0.997960
0.997195
0.997705
0.997195
0.996430
0.997450
0.997195
0.997705
0.997705
0.996940
0.997705
0.997450
0.997450
0.997450
0.998470
0.997450
0.997450
0.997705
