422.857697
375.933746
335.563843
298.963257
266.362518
236.966995
210.969299
187.807816
167.374435
149.053284
132.891144
118.478943
105.702225
94.347527
84.280128
75.286728
67.316956
60.195324
53.878296
48.262840
43.272869
38.780693
34.806290
31.290371
28.128778
25.306744
22.782619
20.549065
18.557156
16.746605
15.159898
13.712080
12.424595
11.272367
10.234522
9.311260
8.483146
7.730045
7.055017
6.456199
5.904364
5.409102
4.964819
4.559850
4.196338
3.862838
3.561647
3.289627
3.041884
2.816160
2.608189
2.420401
2.247687
2.090153
1.946766
1.812302
1.691366
1.579233
1.477110
1.382218
1.295394
1.214690
1.139672
1.071137
1.007553
0.947834
0.894162
0.842921
0.796156
0.752694
0.712274
0.674789
0.639841
0.607681
0.577384
0.549465
0.522773
0.498143
0.475898
0.453962
0.434041
0.415294
0.397464
0.380604
0.365227
0.350895
0.337425
0.325527
0.313133
0.302757
0.291342
0.281575
0.272783
0.264126
0.255647
0.247976
0.240729
0.233929
0.227372
0.221263
0.215636
0.210209
0.205135
0.200471
0.195906
0.191264
0.187810
0.183289
0.179829
0.176411
0.173122
0.169852
0.166999
0.163907
0.161351
0.158834
0.157187
0.153844
0.151702
0.149671
0.147247
0.145234
0.143229
0.141092
0.139253
0.137394
0.135755
0.134446
0.133907
0.130707
0.129236
0.127660
0.125805
0.124778
0.123079
0.121522
0.120324
0.119441
0.118008
0.116554
0.114942
0.114313
0.112759
0.111218
0.110072
0.108679
0.107744
0.106533
0.105811
0.104214
0.103570
0.102327
0.101056
0.100156
0.099266
0.098217
0.097332
0.096327
0.095162
0.094305
0.093345
0.092322
0.091197
0.090516
0.089733
0.088819
0.088180
0.087285
0.086282
0.085232
0.084889
0.083589
0.082638
0.082604
0.081059
0.080221
0.079457
0.078543
0.078366
0.077315
0.076486
0.075718
0.074965
0.075005
0.073498
0.073274
0.072256
0.071677
0.071006
0.071236
0.069789
0.069387
0.068767
0.067926
0.067135
0.066823
0.066595
0.066046
0.064897
0.065050
0.063714
0.063599
0.062534
0.062289
0.062009
0.060886
0.061199
0.060228
0.059876
0.059278
0.058839
0.058620
0.058295
0.056922
0.056525
0.056425
0.055966
0.055521
0.056824
0.054972
0.054213
0.053785
0.053064
0.053156
0.052185
0.052524
0.051644
0.051353
0.050769
0.050281
0.049856
0.049644
0.049075
0.048609
0.048664
0.047946
0.047789
0.048011
0.046848
0.046691
