0.559041
0.818669
0.872482
0.892884
0.910737
0.940831
0.943382
0.944402
0.945677
0.952053
0.955369
0.958174
0.960469
0.963785
0.964550
0.966590
0.965825
0.966590
0.969141
0.969141
0.968120
0.969141
0.969141
0.972966
0.973731
0.973731
0.974241
0.976792
0.976027
0.977812
0.979597
0.979852
0.982402
0.983168
0.983678
0.984443
0.982913
0.985208
0.985463
0.985973
0.985718
0.986228
0.986228
0.985973
0.986228
0.986993
0.985973
0.986738
0.986483
0.986738
0.986993
0.985973
0.986483
0.986483
0.985973
0.986228
0.986483
0.986738
0.986993
0.986483
0.985718
0.986228
0.986483
0.985973
0.986483
0.986228
0.986228
0.986483
0.986483
0.986483
0.986228
0.985718
0.985718
0.985973
0.984188
0.983678
0.983678
0.983423
0.983168
0.982657
0.983168
0.983933
0.982147
0.982402
0.982402
0.982913
0.982657
0.982657
0.984698
0.985718
0.984698
0.983933
0.983423
0.985463
0.984443
0.985208
0.985718
0.984953
0.985463
0.985718
0.986483
0.984698
0.986993
0.988523
0.985973
0.988778
0.988778
0.988013
0.987758
0.989033
0.988268
0.987758
0.989288
0.989799
0.988778
0.990054
0.989288
0.991074
0.991074
0.991329
0.991329
0.991584
0.991329
0.991329
0.992094
0.991584
0.992094
0.992859
0.992349
0.992094
0.992604
0.992604
0.992349
0.992859
0.992349
0.992859
0.992859
0.992349
0.992859
0.993114
0.992604
0.992859
0.994644
0.993624
0.993879
0.993369
0.992094
0.994134
0.994389
0.994899
0.994644
0.993624
0.994644
0.993879
0.994389
0.995154
0.995154
0.994899
0.994644
0.995154
0.995664
0.994899
0.994644
0.994899
0.993879
0.995409
0.995154
0.995154
0.995664
0.995664
0.995409
0.995664
0.995664
0.996174
0.995664
0.995154
0.996174
0.996430
0.996684
0.995919
0.996430
0.996430
0.996430
0.996430
0.996174
0.996430
0.996940
0.996174
0.996684
0.996174
0.995919
0.996430
0.996940
0.997195
0.996940
0.996430
0.996430
0.997195
0.997450
0.996430
0.997195
0.996940
0.997195
0.997195
0.996940
0.997705
0.996940
0.996940
0.996940
0.996684
0.997195
0.997195
0.997195
0.997705
0.997450
0.997195
0.998725
0.997195
0.997450
0.997195
0.997705
0.997960
0.997195
0.997705
0.997450
0.998725
0.997705
0.997195
0.997705
0.997450
0.998470
0.997195
0.997960
0.997195
0.997450
0.997450
0.997705
0.997960
0.998725
0.997960
