422.594757
377.119904
338.914429
304.138672
272.765625
244.642532
219.481110
196.914078
176.684738
158.522064
142.260559
127.683647
114.620461
102.918228
92.439560
83.044617
74.606895
67.059944
60.286659
54.216133
48.765221
43.889755
39.508869
35.572823
32.051254
28.884651
26.048323
23.501570
21.208782
19.156469
17.310720
15.655583
14.165831
12.827676
11.626799
10.542016
9.572078
8.695778
7.907697
7.199973
6.561797
5.987737
5.468076
5.000734
4.578818
4.197966
3.854312
3.542756
3.261615
3.007225
2.776586
2.567441
2.377459
2.204719
2.047436
1.904594
1.773816
1.654563
1.545673
1.445874
1.354535
1.270004
1.193166
1.122524
1.057092
0.996483
0.940963
0.889293
0.841143
0.796584
0.755840
0.717602
0.681869
0.648712
0.617668
0.588645
0.561546
0.536545
0.512876
0.490965
0.470113
0.450600
0.432042
0.414947
0.398509
0.383213
0.369532
0.355342
0.343128
0.331274
0.320053
0.309791
0.299819
0.290528
0.281724
0.273382
0.265800
0.258471
0.251513
0.245132
0.238969
0.233122
0.227213
0.222830
0.216831
0.211929
0.207645
0.202701
0.198376
0.194137
0.190220
0.186520
0.182991
0.179923
0.176240
0.173159
0.170489
0.167255
0.164357
0.161799
0.159333
0.156819
0.154667
0.152425
0.150014
0.148195
0.145728
0.144167
0.141870
0.140094
0.138206
0.136701
0.135092
0.133076
0.131588
0.130230
0.128515
0.127613
0.125367
0.124203
0.122894
0.121438
0.119932
0.118518
0.117226
0.115799
0.116101
0.114490
0.112211
0.111686
0.109725
0.108923
0.108146
0.107249
0.105321
0.104418
0.103012
0.102013
0.100914
0.099688
0.098991
0.097694
0.096905
0.095588
0.094876
0.093652
0.092476
0.091691
0.090846
0.089773
0.088893
0.088118
0.087086
0.086382
0.085321
0.085600
0.083935
0.083259
0.082027
0.081481
0.080545
0.079704
0.079008
0.078543
0.077436
0.076713
0.076202
0.075729
0.074630
0.074545
0.074209
0.072604
0.072028
0.071436
0.070813
0.070504
0.069701
0.068969
0.068973
0.068038
0.067317
0.066651
0.066086
0.065771
0.065207
0.065013
0.064071
0.063897
0.062902
0.063077
0.061899
0.061517
0.060834
0.060768
0.059881
0.059395
0.059714
0.058341
0.058165
0.057487
0.056929
0.057263
0.056317
0.055854
0.055300
0.055749
0.054759
0.054317
0.053634
0.053113
0.052791
0.052889
0.051941
0.051612
0.051139
0.051001
0.050231
0.049983
0.049797
0.049016
