423.373962
378.708099
337.346680
300.117249
266.985016
237.358887
211.016647
187.531784
166.719452
148.116089
131.657242
117.001656
104.027306
92.487312
82.245712
73.168938
65.102615
57.946106
51.604389
45.984245
40.984215
36.555874
32.619953
29.143532
26.044014
23.288179
20.846336
18.686203
16.751389
15.039335
13.524290
12.163768
10.960024
9.887712
8.932528
8.080915
7.319334
6.639499
6.031230
5.487130
4.997606
4.559148
4.164887
3.810621
3.491932
3.204068
2.945058
2.710279
2.498411
2.305417
2.130994
1.971903
1.826930
1.695452
1.575043
1.464992
1.364415
1.272192
1.187372
1.111346
1.038057
0.972606
0.911947
0.855647
0.804514
0.756813
0.713210
0.672389
0.634706
0.599027
0.567013
0.537085
0.509136
0.484191
0.459834
0.437943
0.417123
0.398077
0.380654
0.364107
0.348869
0.334460
0.321433
0.309492
0.297498
0.286868
0.276375
0.267081
0.258026
0.249881
0.242211
0.234853
0.228071
0.221768
0.216139
0.210347
0.205108
0.199811
0.195492
0.191103
0.186823
0.183313
0.179517
0.175765
0.172493
0.169126
0.166126
0.163190
0.160939
0.157601
0.154894
0.152637
0.150035
0.148002
0.145456
0.143392
0.141362
0.139339
0.136849
0.135068
0.133177
0.130996
0.129607
0.128057
0.126715
0.124501
0.123341
0.120813
0.119168
0.118112
0.116699
0.115130
0.113646
0.113125
0.110564
0.109423
0.108186
0.106777
0.105595
0.104454
0.102637
0.102560
0.100545
0.099538
0.098613
0.097071
0.096349
0.094802
0.094194
0.092715
0.092126
0.090861
0.091078
0.089196
0.088124
0.087270
0.086237
0.085768
0.084190
0.083372
0.083268
0.081455
0.080592
0.079874
0.079073
0.078464
0.077886
0.077281
0.076068
0.075185
0.074565
0.073580
0.072993
0.072536
0.071791
0.071273
0.070480
0.069932
0.069156
0.068256
0.067842
0.067832
0.067047
0.066027
0.066329
0.065029
0.064642
0.063831
0.063315
0.062847
0.061977
0.061322
0.060908
0.060598
0.061240
0.059546
0.059879
0.058307
0.057825
0.057556
0.056476
0.056112
0.055398
0.055064
0.054553
0.054004
0.053708
0.053090
0.052649
0.052402
0.051871
0.051363
0.051305
0.050704
0.050580
0.049668
0.049374
0.049609
0.048854
0.048688
0.049039
0.048265
0.047437
0.047015
0.046252
0.046435
0.045692
0.045347
0.045350
0.045105
0.045211
0.044972
0.044133
0.043416
0.043354
0.045714
0.042565
0.042428
0.042272
0.041780
