0.744198
0.844682
0.884213
0.905381
0.916603
0.926549
0.929865
0.937771
0.939301
0.947972
0.951033
0.956389
0.957919
0.964295
0.965825
0.965315
0.968630
0.972456
0.973986
0.975516
0.976027
0.977302
0.978577
0.980107
0.981892
0.983423
0.983423
0.984698
0.987758
0.988013
0.986993
0.988778
0.989288
0.990054
0.989799
0.989033
0.989288
0.988268
0.989799
0.989799
0.990054
0.990564
0.990309
0.990564
0.990564
0.991584
0.990309
0.990309
0.990309
0.990564
0.990309
0.989799
0.990054
0.990054
0.989288
0.990054
0.989543
0.989543
0.989799
0.987248
0.989543
0.990819
0.990309
0.988778
0.990054
0.989543
0.989799
0.989033
0.989033
0.989543
0.989288
0.988778
0.989288
0.987503
0.989033
0.989033
0.989033
0.988778
0.988523
0.988778
0.988523
0.989288
0.988778
0.986738
0.989033
0.989543
0.988013
0.988268
0.987758
0.989288
0.988013
0.988013
0.988268
0.988523
0.989033
0.988523
0.986483
0.989033
0.989288
0.988778
0.988778
0.989033
0.989033
0.989033
0.989288
0.989543
0.989799
0.988778
0.990054
0.989799
0.990054
0.990819
0.990309
0.991074
0.990309
0.991329
0.992094
0.990819
0.991074
0.992094
0.990819
0.991839
0.992094
0.991584
0.991584
0.991329
0.992349
0.992094
0.992349
0.992604
0.992349
0.991839
0.992349
0.993879
0.993114
0.993624
0.992604
0.993879
0.994899
0.993114
0.993369
0.992604
0.993879
0.994389
0.993879
0.995154
0.993369
0.994134
0.994389
0.994644
0.994644
0.995664
0.993879
0.994389
0.995409
0.994134
0.995664
0.994899
0.995664
0.995664
0.993624
0.995919
0.996174
0.995919
0.995919
0.995664
0.995154
0.995409
0.995154
0.996174
0.996430
0.995664
0.995919
0.996430
0.995664
0.996174
0.996430
0.996430
0.996684
0.996430
0.996430
0.995154
0.996940
0.995664
0.996430
0.996430
0.996430
0.996684
0.997195
0.996940
0.996684
0.997195
0.996940
0.996940
0.996174
0.996940
0.997960
0.996684
0.996940
0.996940
0.997195
0.997450
0.997195
0.997195
0.996940
0.997960
0.997960
0.996940
0.997705
0.996940
0.997195
0.997960
0.997705
0.997195
0.996940
0.997450
0.997450
0.997450
0.997960
0.998215
0.997450
0.997195
0.997960
0.997450
0.997705
0.997960
0.997960
0.998470
0.997960
0.997960
0.997450
0.998470
0.997195
0.998470
0.998215
0.996940
0.997705
0.997450
0.998725
0.997960
