0.629431
0.825555
0.875032
0.921704
0.930120
0.932670
0.938791
0.945932
0.956134
0.960979
0.963785
0.964295
0.967610
0.968375
0.969141
0.971181
0.971691
0.972201
0.974496
0.976537
0.978577
0.978832
0.980362
0.979597
0.980107
0.980617
0.981127
0.981637
0.981382
0.982147
0.982913
0.983933
0.982913
0.985973
0.985718
0.986228
0.987758
0.988523
0.987248
0.986738
0.985973
0.986483
0.988523
0.986228
0.988268
0.988013
0.988523
0.986228
0.989543
0.989288
0.988778
0.986993
0.987503
0.988268
0.988523
0.986993
0.988778
0.987248
0.989033
0.987758
0.985208
0.986993
0.986738
0.985718
0.986228
0.985718
0.984698
0.984953
0.985208
0.985208
0.985718
0.984953
0.984953
0.985208
0.984698
0.985208
0.984953
0.984443
0.985973
0.984698
0.985463
0.985718
0.984953
0.985208
0.984953
0.986483
0.986738
0.985718
0.985973
0.985718
0.985463
0.985973
0.986483
0.985718
0.986738
0.986483
0.985463
0.986738
0.989033
0.986483
0.987758
0.988013
0.989033
0.988013
0.989543
0.990309
0.990819
0.990564
0.991584
0.990819
0.992094
0.990309
0.990309
0.992859
0.991074
0.992094
0.992859
0.994134
0.993369
0.992604
0.994134
0.993624
0.994644
0.994899
0.994899
0.994389
0.993879
0.994899
0.994644
0.994644
0.995154
0.994644
0.995154
0.995154
0.995409
0.995154
0.995919
0.995409
0.995409
0.995409
0.995664
0.995919
0.995664
0.995409
0.995919
0.995919
0.995919
0.996174
0.995919
0.996174
0.996430
0.995919
0.996430
0.997450
0.996684
0.995919
0.996684
0.996684
0.996940
0.997450
0.997450
0.996684
0.997450
0.997450
0.996684
0.997705
0.997195
0.997450
0.997705
0.997450
0.997705
0.997960
0.997960
0.997450
0.997450
0.997450
0.997960
0.997960
0.997450
0.997960
0.997450
0.997195
0.997450
0.997705
0.997960
0.997705
0.997960
0.997960
0.997960
0.997705
0.997960
0.997705
0.997450
0.998215
0.997960
0.997960
0.997960
0.997960
0.997705
0.997960
0.997960
0.997960
0.997960
0.997960
0.997960
0.998215
0.997960
0.997960
0.997960
0.997960
0.998215
0.997960
0.997960
0.998215
0.997960
0.997960
0.998215
0.997960
0.998215
0.997960
0.998215
0.998215
0.998215
0.997960
0.998215
0.998215
0.998215
0.998215
0.997960
0.997705
0.997960
0.997705
0.998470
0.998215
0.997960
0.998215
0.998215
0.998215
0.998215
0.998215
