419.797943
370.901245
328.128601
290.110138
256.447815
226.616745
200.302460
177.097946
156.605148
138.526886
122.574257
108.498230
96.045303
85.050713
75.332535
66.753647
59.172050
52.468277
46.544487
41.308666
36.682274
32.590157
28.974510
25.776827
22.947456
20.441521
18.228527
16.268633
14.527929
12.989192
11.623571
10.415594
9.343184
8.393079
7.547882
6.797660
6.130993
5.537972
5.010427
4.541581
4.123686
3.750681
3.418545
3.120146
2.854733
2.615409
2.402068
2.210631
2.038091
1.881899
1.741625
1.615112
1.500103
1.396299
1.301863
1.216117
1.138107
1.066578
1.001490
0.941344
0.886704
0.835796
0.789260
0.746072
0.706509
0.669033
0.634825
0.603058
0.573213
0.545393
0.519543
0.495345
0.472761
0.451553
0.431766
0.413899
0.395830
0.379635
0.364367
0.349845
0.336556
0.323964
0.311826
0.301050
0.290039
0.280500
0.270649
0.261674
0.253464
0.246102
0.238157
0.231204
0.224581
0.218522
0.212897
0.207207
0.201684
0.196656
0.192477
0.187328
0.183028
0.179042
0.175063
0.171407
0.167907
0.164661
0.161666
0.158316
0.155634
0.152996
0.150036
0.147715
0.145371
0.142789
0.141063
0.138566
0.136124
0.134177
0.132213
0.130280
0.128407
0.126711
0.125003
0.123323
0.121464
0.119893
0.118333
0.116714
0.115867
0.114061
0.112404
0.111316
0.110122
0.108304
0.106976
0.105646
0.104632
0.103346
0.101888
0.101039
0.099927
0.098546
0.097409
0.096487
0.094972
0.094188
0.092923
0.091854
0.090799
0.089986
0.088765
0.087874
0.086955
0.086262
0.085129
0.084246
0.083614
0.082534
0.081518
0.081033
0.079711
0.078946
0.078301
0.077477
0.076507
0.075761
0.074865
0.074163
0.073374
0.072675
0.071963
0.071581
0.070590
0.069939
0.069134
0.068433
0.068798
0.067099
0.066628
0.066459
0.065603
0.065280
0.064260
0.063412
0.062943
0.062452
0.062372
0.061873
0.060664
0.060881
0.059374
0.059578
0.058760
0.058064
0.057452
0.056744
0.056482
0.055898
0.055489
0.054900
0.054372
0.053981
0.053474
0.053121
0.052540
0.052340
0.051981
0.051323
0.051344
0.050557
0.049910
0.049813
0.049144
0.048805
0.048322
0.048114
0.048016
0.047383
0.046637
0.046670
0.046130
0.046037
0.045162
0.045013
0.044655
0.044105
0.043996
0.043673
0.043267
0.043132
0.042798
0.042534
0.042317
0.041716
0.041638
0.040883
0.040563
0.040214
0.040375
0.039591
