427.584351
369.959534
327.488159
291.202942
259.165039
230.936081
205.963928
183.856766
164.350937
147.105530
131.786804
118.187180
106.061508
95.270950
85.684334
77.102837
69.480118
62.631668
56.524460
51.057388
46.181488
41.766651
37.840298
34.293915
31.110542
28.236803
25.678101
23.352594
21.267294
19.382957
17.687809
16.149866
14.757922
13.498818
12.362390
11.333593
10.396953
9.546803
8.778098
8.078205
7.435809
6.859082
6.326578
5.844337
5.404437
5.002616
4.635365
4.296385
3.988980
3.705654
3.446522
3.209148
2.990821
2.790717
2.605716
2.437025
2.279572
2.134883
2.000411
1.876769
1.763299
1.656889
1.558944
1.468272
1.384341
1.305871
1.232990
1.164964
1.101639
1.042862
0.988102
0.936700
0.888803
0.844079
0.802213
0.762756
0.725870
0.691682
0.659607
0.628408
0.599879
0.572735
0.547016
0.523050
0.500604
0.479264
0.458931
0.439497
0.421599
0.404750
0.388776
0.374004
0.359901
0.347026
0.334249
0.322237
0.311210
0.300917
0.290226
0.280672
0.271905
0.263395
0.255501
0.248326
0.240846
0.234251
0.227874
0.222109
0.216281
0.210710
0.205839
0.200723
0.196306
0.191770
0.187901
0.183509
0.179944
0.176262
0.172932
0.170066
0.166781
0.163669
0.160787
0.158299
0.155247
0.152868
0.150645
0.149004
0.145999
0.143888
0.141762
0.139562
0.137759
0.136006
0.134201
0.133010
0.131878
0.129337
0.127726
0.127147
0.124884
0.123634
0.121674
0.120395
0.118935
0.117434
0.116575
0.114572
0.113562
0.112199
0.111318
0.109859
0.108782
0.108285
0.106136
0.105362
0.104256
0.103185
0.101975
0.100657
0.099719
0.098919
0.098154
0.096989
0.095858
0.095354
0.094476
0.094080
0.092263
0.091444
0.090858
0.089965
0.089391
0.088085
0.087018
0.086738
0.085759
0.084649
0.084246
0.083229
0.082265
0.081815
0.080821
0.080467
0.079531
0.078612
0.078412
0.077415
0.076672
0.076793
0.075406
0.074566
0.073774
0.073296
0.072718
0.072774
0.071636
0.070858
0.070635
0.069770
0.069763
0.069552
0.068110
0.068206
0.068061
0.066590
0.066246
0.065230
0.064626
0.064582
0.063993
0.063085
0.062719
0.062283
0.062542
0.061608
0.060471
0.061248
0.060044
0.059178
0.059483
0.058278
0.057739
0.057561
0.056837
0.057069
0.056243
0.056436
0.055219
0.055479
0.054938
0.055142
0.053392
0.054553
0.053735
0.053317
0.052119
0.051764
0.051153
0.051156
