0.465442
0.714359
0.870951
0.888294
0.913542
0.925784
0.937261
0.948227
0.957154
0.958939
0.959704
0.961489
0.964805
0.967100
0.967865
0.969651
0.965570
0.969906
0.970926
0.971436
0.967355
0.972966
0.973221
0.976537
0.977557
0.982147
0.979342
0.983168
0.983678
0.985973
0.983168
0.984698
0.986993
0.986993
0.988013
0.987248
0.987758
0.989033
0.989033
0.987758
0.988268
0.989033
0.990309
0.990054
0.990309
0.990054
0.990309
0.990819
0.990309
0.990819
0.990564
0.991329
0.991584
0.990819
0.991329
0.991074
0.990309
0.991074
0.991584
0.990309
0.990564
0.990819
0.990309
0.991329
0.990564
0.990819
0.989033
0.990564
0.990819
0.990819
0.990054
0.989543
0.989799
0.989543
0.989799
0.990054
0.988523
0.990054
0.989288
0.990309
0.990309
0.990564
0.989799
0.990054
0.989799
0.989543
0.989288
0.990309
0.989543
0.989799
0.989799
0.989543
0.989288
0.986483
0.988523
0.989543
0.989288
0.989288
0.989799
0.989543
0.988523
0.989543
0.989799
0.988778
0.989543
0.989799
0.989799
0.989543
0.989543
0.989799
0.989288
0.990054
0.989288
0.989543
0.989799
0.990054
0.990054
0.989799
0.990309
0.990564
0.991074
0.990564
0.990309
0.990819
0.990564
0.991329
0.990564
0.990819
0.991839
0.990819
0.991074
0.991584
0.991839
0.991584
0.991329
0.991329
0.992604
0.992604
0.991839
0.991839
0.991584
0.991839
0.993369
0.991584
0.991839
0.993114
0.992604
0.992859
0.991839
0.992349
0.993879
0.993114
0.993624
0.991839
0.993879
0.995154
0.994899
0.993879
0.994134
0.994644
0.995409
0.994134
0.994899
0.995664
0.994899
0.994644
0.995664
0.994899
0.995664
0.994644
0.995664
0.994644
0.995154
0.995919
0.996174
0.994899
0.995919
0.995154
0.996174
0.996174
0.996430
0.996684
0.995919
0.996430
0.995409
0.996430
0.996940
0.996430
0.996684
0.996174
0.996684
0.996684
0.996430
0.996940
0.996940
0.996430
0.996940
0.996940
0.996940
0.996940
0.996940
0.997705
0.997195
0.996940
0.996684
0.997195
0.996430
0.997195
0.996940
0.996940
0.997195
0.997450
0.996940
0.997705
0.997705
0.997960
0.997195
0.997195
0.997450
0.997705
0.998470
0.996940
0.998215
0.997705
0.997450
0.998470
0.996940
0.997705
0.998215
0.997705
0.998725
0.997450
0.997960
0.997450
0.997705
0.997195
0.997960
0.997450
0.997960
0.998215
