0.546544
0.853099
0.906911
0.925784
0.933690
0.934456
0.944402
0.950778
0.955369
0.960979
0.965060
0.967610
0.968630
0.970161
0.971181
0.971181
0.973476
0.974241
0.976792
0.976792
0.978322
0.979342
0.978832
0.980362
0.982657
0.983933
0.984443
0.984188
0.984188
0.987248
0.986993
0.988268
0.987758
0.988268
0.987758
0.987503
0.989033
0.988778
0.988523
0.987503
0.988268
0.987758
0.987758
0.988013
0.988013
0.987758
0.987758
0.988013
0.986738
0.986228
0.987503
0.987248
0.986483
0.985463
0.987503
0.987248
0.987503
0.985463
0.985973
0.986228
0.986483
0.986483
0.986483
0.986993
0.985208
0.985463
0.984953
0.985718
0.984443
0.986228
0.986228
0.985718
0.986483
0.985973
0.985208
0.984698
0.984443
0.986738
0.984188
0.984188
0.985718
0.985718
0.985208
0.985463
0.984188
0.985208
0.986228
0.985463
0.985463
0.985718
0.986993
0.986228
0.985973
0.984953
0.987503
0.985973
0.987758
0.987503
0.985973
0.987248
0.986993
0.986738
0.987248
0.987758
0.988013
0.986993
0.988268
0.988268
0.988268
0.988268
0.988268
0.988778
0.989799
0.989543
0.990309
0.989033
0.991074
0.991329
0.990819
0.989288
0.990564
0.990819
0.991329
0.991329
0.991074
0.991329
0.991839
0.991584
0.991584
0.991584
0.991839
0.991584
0.991839
0.991839
0.991584
0.991839
0.991839
0.991839
0.991839
0.991839
0.991584
0.991839
0.991839
0.992094
0.992094
0.992094
0.993114
0.992094
0.992094
0.992859
0.992604
0.992349
0.992349
0.992094
0.992349
0.992349
0.993114
0.992349
0.994389
0.992604
0.993369
0.993369
0.994134
0.994389
0.994134
0.993369
0.995154
0.993624
0.993624
0.993879
0.995409
0.993879
0.994899
0.993879
0.994644
0.995664
0.993624
0.996940
0.994389
0.994899
0.994899
0.994644
0.996940
0.995919
0.996940
0.996684
0.995409
0.994899
0.995664
0.994899
0.996430
0.995919
0.996940
0.995409
0.995409
0.996940
0.997195
0.995664
0.997450
0.996940
0.997195
0.997195
0.996940
0.997450
0.997450
0.997195
0.997195
0.996940
0.995919
0.997195
0.996684
0.996940
0.995919
0.996430
0.998215
0.997960
0.997960
0.997705
0.995664
0.996684
0.996940
0.997705
0.998215
0.997705
0.997450
0.998215
0.997960
0.997705
0.998470
0.997960
0.997960
0.997960
0.998215
0.998470
0.997705
0.997450
0.998215
0.997705
0.997705
0.995664
