416.695465
365.440338
322.558197
284.968933
251.875626
222.768616
197.112686
174.515533
154.598740
137.035324
121.552292
107.871826
95.804504
85.142090
75.722656
67.399178
60.030746
53.508949
47.738461
42.616920
38.086895
34.068901
30.513245
27.344015
24.535046
22.042128
19.828701
17.860304
16.106682
14.544301
13.154695
11.912648
10.804089
9.814343
8.930107
8.138493
7.429238
6.792936
6.221051
5.707886
5.246032
4.829287
4.453472
4.113826
3.806363
3.527942
3.275410
3.045500
2.836327
2.645786
2.471004
2.311239
2.165078
2.030902
1.907483
1.794158
1.689784
1.593839
1.504241
1.421695
1.345087
1.274375
1.208127
1.146958
1.089775
1.036560
0.986843
0.940032
0.896431
0.855128
0.817079
0.780726
0.747243
0.715386
0.685618
0.657269
0.630587
0.605350
0.581309
0.558406
0.537114
0.516663
0.497225
0.479019
0.461582
0.444817
0.429109
0.413954
0.399635
0.386095
0.373255
0.360320
0.348770
0.337215
0.326371
0.315854
0.306226
0.296625
0.287338
0.278449
0.270559
0.261914
0.254400
0.246847
0.239333
0.232174
0.225340
0.219126
0.213079
0.207298
0.201788
0.196253
0.190674
0.186129
0.181129
0.177270
0.172776
0.168429
0.164592
0.161233
0.157558
0.153845
0.150899
0.147678
0.144484
0.141451
0.138624
0.136561
0.133544
0.132131
0.128940
0.126748
0.125165
0.122744
0.120617
0.118575
0.116845
0.115180
0.113237
0.111876
0.110369
0.108665
0.107504
0.105729
0.104839
0.103192
0.103023
0.100466
0.099552
0.098598
0.097804
0.096367
0.094763
0.094032
0.092888
0.091987
0.091028
0.090037
0.089089
0.087968
0.086854
0.086814
0.085238
0.084576
0.083471
0.082827
0.082089
0.081453
0.080490
0.079890
0.078944
0.078392
0.077063
0.076556
0.075940
0.074948
0.074963
0.074321
0.073047
0.072314
0.071680
0.071366
0.070366
0.069904
0.069123
0.068198
0.067574
0.067346
0.067242
0.066274
0.065292
0.064605
0.064151
0.064178
0.063297
0.062898
0.061841
0.061616
0.061742
0.060131
0.060191
0.059079
0.058878
0.058317
0.057518
0.057118
0.056755
0.056817
0.056193
0.055263
0.055044
0.054472
0.053936
0.053507
0.053067
0.052284
0.052116
0.051686
0.052097
0.051478
0.050830
0.050520
0.050010
0.049630
0.049197
0.048445
0.048169
0.048092
0.047821
0.047800
0.047416
0.047188
0.046166
0.046042
0.045729
0.045195
0.044899
0.044567
0.043996
0.044713
