243.991943
157.336060
93.465843
56.119202
51.148041
49.915707
47.119678
44.521183
42.070988
39.446999
37.333393
35.190403
33.262913
31.373125
29.905682
28.086479
26.329651
24.952234
23.530270
22.002510
21.103519
19.275955
18.302574
17.455132
16.543486
15.784286
14.889646
13.915052
12.969719
12.239109
11.595300
10.916488
10.181146
9.656300
8.910947
8.335581
7.757280
7.285003
6.850933
6.546474
6.226511
5.989412
5.612794
5.418898
5.144255
4.908631
4.759255
4.530751
4.353672
4.232516
4.089634
3.852375
3.714269
3.549283
3.388080
3.265185
3.101897
2.983274
2.859172
2.694226
2.599652
2.428326
2.340061
2.238275
2.140379
2.062362
1.997829
1.894010
1.835146
1.767311
1.694382
1.632716
1.574337
1.502197
1.474483
1.405975
1.374252
1.328672
1.299018
1.240157
1.198805
1.171801
1.133695
1.103942
1.071727
1.035996
0.998279
0.969580
0.943937
0.920738
0.890640
0.880976
0.845633
0.816687
0.796123
0.762011
0.745523
0.715134
0.691272
0.681695
0.657949
0.634581
0.611296
0.600359
0.575386
0.558173
0.542299
0.522860
0.503708
0.493940
0.482444
0.468200
0.454199
0.441777
0.433116
0.413620
0.401657
0.390999
0.378640
0.371874
0.360523
0.351223
0.343311
0.329803
0.318401
0.307632
0.299997
0.290099
0.276977
0.268421
0.264589
0.258205
0.250832
0.243385
0.235391
0.226074
0.222450
0.216493
0.208495
0.199663
0.196772
0.188499
0.183283
0.177389
0.168804
0.165920
0.160650
0.155302
0.149613
0.142859
0.140178
0.135262
0.130663
0.126351
0.124305
0.120487
0.114989
0.111187
0.107973
0.104525
0.100362
0.096464
0.094236
0.092136
0.090268
0.086604
0.084232
0.081846
0.078793
0.075527
0.073222
0.069849
0.067487
0.066625
0.063753
0.062070
0.059473
0.057554
0.056320
0.054604
0.053362
0.050362
0.049458
0.048183
0.045985
0.045504
0.044315
0.042136
0.041945
0.039515
0.038942
0.039018
0.037105
0.036136
0.035901
0.034738
0.033830
0.033277
0.032203
0.031706
0.030742
0.030604
0.029718
0.029695
0.028575
0.028347
0.027611
0.027483
0.026977
0.026013
0.025660
0.025883
0.025153
0.024596
0.024150
0.023787
0.023219
0.022801
0.022788
0.022371
0.021540
0.021536
0.020951
0.020865
0.020982
0.020439
0.020412
0.020289
0.019296
0.019260
0.019369
0.019026
0.018952
0.018410
0.018286
0.018140
0.017913
0.017236
0.017025
0.018021
0.016864
0.016650
0.016442
0.016680
0.016602
0.016378
0.016455
0.015838
0.015626
0.015231
0.014901
0.014656
0.014536
0.015060
0.014552
0.014401
0.013864
0.013947
0.014007
0.013784
0.013672
0.013248
0.013203
0.013126
0.012714
0.013308
0.012949
0.012714
0.012438
0.012201
0.011611
0.011870
0.011605
0.011667
0.011497
0.011521
0.011534
0.010976
0.011253
0.010637
0.010385
0.010267
0.010685
0.010281
0.010541
0.010648
0.010172
0.010344
0.010275
0.010254
0.010285
0.009928
0.009929
0.010119
0.009743
0.009730
0.009161
0.009268
0.009552
0.009034
0.008924
0.008771
0.009017
0.008744
0.008505
0.008474
0.008536
0.008700
0.008308
0.008058
0.007955
0.008060
0.007951
0.007859
0.007762
0.007899
0.007466
0.007522
0.007396
0.007589
0.007567
0.007543
0.007435
0.007134
0.007071
0.006877
0.007218
0.006798
0.007049
0.006897
0.007023
0.006883
0.006446
0.006379
0.006949
0.006669
0.006750
0.006569
0.006494
0.006423
0.006293
0.006603
0.006178
0.006222
0.006055
0.006175
0.005896
0.005859
0.005722
0.005561
0.006207
0.005699
0.005729
0.005484
0.005448
0.005406
0.005274
0.005415
0.005283
0.005077
0.005206
0.005037
0.005080
0.005147
0.005017
0.004951
0.005137
0.005226
0.005071
0.004779
0.005002
0.004977
0.004877
0.004598
0.004668
0.005005
0.004688
0.004568
0.004465
0.004914
0.004482
0.004483
0.004298
0.004468
0.004306
0.004340
0.004360
0.004363
0.004188
0.004167
0.004376
0.004235
0.004249
0.004106
0.004069
0.004074
0.003828
0.003831
0.004025
0.003794
0.003607
0.003927
0.003921
0.003660
0.003782
0.003533
0.003655
0.003516
0.003682
0.003526
0.003575
0.003770
0.003402
0.003440
0.003492
0.003575
0.003534
0.003314
0.003340
0.003571
0.003329
0.003305
0.003213
0.003368
0.003160
0.003422
0.003017
0.003171
0.003005
0.003225
0.003079
0.003178
0.003088
0.002903
0.003017
0.002844
0.002910
0.002875
0.003052
0.002944
0.002888
0.002849
0.002661
0.002699
0.002841
0.002645
0.002765
0.002670
0.002844
0.002720
0.002695
0.002586
0.002677
0.002657
0.002585
0.002576
0.002508
0.002418
0.002395
0.002481
0.002440
0.002513
0.002359
0.002406
0.002399
0.002422
0.002378
0.002300
0.002303
0.002503
0.002361
0.002303
0.002379
0.002194
0.002344
0.002308
0.002196
0.002209
0.002234
0.002186
0.002154
0.002118
0.002130
0.002250
0.002127
0.002119
0.002137
0.002063
0.002174
0.002068
0.001959
0.002020
0.001978
0.001978
0.001997
0.002006
0.002041
0.002124
0.002074
0.002004
0.001886
0.001852
0.002011
0.001937
0.001935
0.001888
0.001826
0.001926
0.001814
0.001776
0.001796
0.001794
0.001739
0.001749
0.001793
0.001718
0.001760
0.001808
0.001726
0.001706
0.001806
0.001772
0.001597
0.001764
0.001656
0.001595
0.001635
0.001627
0.001598
0.001607
0.001613
0.001732
0.001532
0.001588
0.001572
0.001665
0.001487
0.001519
0.001599
0.001480
0.001468
0.001479
0.001521
0.001517
0.001569
0.001412
0.001538
0.001561
0.001569
0.001453
0.001481
0.001418
0.001451
0.001470
0.001449
0.001426
0.001457
0.001405
0.001392
0.001373
0.001342
0.001283
0.001309
0.001338
0.001331
0.001279
0.001277
0.001332
0.001300
0.001314
0.001334
0.001328
0.001250
0.001367
0.001236
0.001282
0.001277
0.001189
0.001221
0.001248
0.001188
0.001294
0.001220
0.001159
0.001203
0.001181
0.001150
0.001234
0.001254
0.001203
0.001104
0.001152
0.001272
0.001159
0.001132
0.001070
0.001150
0.001185
0.001236
0.001123
0.001205
0.001194
0.001094
0.001110
0.001144
0.001107
0.001104
0.001069
0.001058
0.001176
0.001069
0.000978
0.001067
0.001051
0.001009
0.001048
0.001058
0.001039
0.001042
0.001062
0.001050
0.001002
0.001004
0.001032
0.001002
0.001040
0.000971
0.000928
0.000962
0.000972
0.000978
0.000981
0.000929
0.000877
0.000910
0.000889
0.000950
0.000958
0.001076
0.000949
0.000905
0.000906
0.000860
0.000888
0.000851
0.000863
0.000862
0.000810
0.000916
0.000800
0.000869
0.000989
0.000850
0.000893
0.000846
0.000845
0.000874
0.000834
0.000849
0.000921
0.000850
0.000873
0.000868
0.000911
0.000858
0.000795
0.000766
0.000889
0.000764
0.000820
0.000789
0.000824
0.000794
0.000766
0.000766
0.000799
0.000741
0.000744
0.000713
0.000855
0.000780
0.000777
0.000724
0.000702
0.000769
0.000751
0.000689
0.000728
0.000705
0.000692
0.000681
0.000733
0.000703
0.000671
0.000746
0.000687
0.000725
0.000723
0.000700
0.000729
0.000663
0.000663
0.000660
0.000670
0.000703
0.000663
0.000622
0.000691
0.000676
0.000653
0.000642
0.000610
0.000675
0.000666
0.000698
0.000699
0.000638
0.000643
0.000645
0.000644
0.000686
0.000654
0.000638
0.000613
0.000616
0.000585
0.000592
0.000589
0.000610
0.000616
0.000582
0.000550
0.000618
0.000585
0.000591
0.000579
0.000631
0.000667
0.000617
0.000621
0.000546
0.000540
0.000587
0.000531
0.000523
0.000578
0.000530
0.000553
0.000513
0.000569
0.000583
0.000603
0.000529
0.000520
0.000556
0.000557
0.000657
0.000536
0.000560
0.000543
0.000495
0.000560
0.000558
0.000534
0.000549
0.000520
0.000553
0.000494
0.000500
0.000528
0.000490
0.000481
0.000493
0.000512
0.000456
0.000496
0.000475
0.000477
0.000471
0.000523
0.000485
0.000476
0.000466
0.000445
0.000536
0.000438
0.000433
0.000426
0.000462
0.000447
0.000507
0.000461
0.000445
0.000462
0.000425
0.000478
0.000449
0.000451
0.000418
0.000440
0.000458
0.000399
0.000417
0.000421
0.000427
0.000397
0.000429
0.000458
0.000354
0.000421
0.000426
0.000387
0.000400
0.000390
0.000409
0.000391
0.000412
0.000356
0.000372
0.000364
0.000382
0.000381
0.000358
0.000365
0.000364
0.000356
0.000362
0.000407
0.000383
0.000337
0.000356
0.000382
0.000358
0.000361
0.000401
0.000339
0.000353
0.000323
0.000334
0.000366
0.000361
0.000404
0.000365
0.000321
0.000334
0.000335
0.000339
0.000353
0.000328
0.000353
0.000336
0.000332
0.000316
0.000301
0.000318
0.000346
0.000299
0.000316
0.000299
0.000300
0.000306
0.000294
0.000320
0.000303
0.000297
0.000329
0.000332
0.000294
0.000284
0.000278
0.000286
0.000277
0.000307
0.000302
0.000294
0.000274
0.000269
0.000277
0.000255
0.000319
0.000262
0.000329
0.000297
0.000286
0.000286
0.000279
0.000293
0.000283
0.000263
0.000258
0.000284
0.000274
0.000265
0.000280
0.000289
0.000265
0.000270
0.000284
0.000260
0.000255
0.000265
0.000252
0.000253
0.000305
0.000253
0.000263
0.000282
0.000271
0.000235
0.000256
0.000246
0.000245
0.000241
0.000257
0.000231
0.000277
0.000224
0.000235
0.000249
0.000226
0.000224
0.000283
0.000226
0.000285
0.000256
0.000230
0.000245
0.000262
0.000265
0.000247
0.000231
0.000237
0.000223
0.000264
0.000235
0.000222
0.000243
0.000208
0.000230
0.000220
0.000238
0.000215
0.000274
0.000246
0.000229
0.000251
0.000217
0.000219
0.000247
0.000222
0.000222
0.000205
0.000207
0.000194
0.000199
0.000206
0.000204
0.000217
0.000229
0.000216
0.000181
0.000200
0.000227
0.000205
0.000194
0.000185
0.000184
0.000196
0.000201
0.000197
0.000211
0.000193
0.000185
0.000190
0.000177
0.000189
0.000200
0.000185
0.000175
0.000174
0.000202
0.000185
0.000180
0.000203
0.000183
0.000180
0.000168
0.000187
0.000176
0.000194
0.000221
0.000187
0.000210
0.000172
0.000196
0.000184
0.000195
0.000192
0.000166
0.000165
