165	1
166	1
167	1
165	2
166	2
167	2
165	3
166	3
167	3
165	4
166	4
167	4
165	5
166	5
167	5
543	6
544	6
545	6
543	7
544	7
545	7
543	8
544	8
545	8
543	9
544	9
545	9
543	10
544	10
545	10
578	48
579	48
580	48
578	49
579	49
580	49
578	50
579	50
580	50
584	58
585	58
586	58
584	59
585	59
586	59
584	60
585	60
586	60
586	69
587	69
588	69
586	70
587	70
588	70
586	71
587	71
588	71
586	72
587	72
588	72
586	73
587	73
588	73
586	74
587	74
588	74
586	75
587	75
588	75
586	76
587	76
588	76
586	77
587	77
588	77
586	78
587	78
588	78
586	79
587	79
588	79
586	80
587	80
588	80
326	81
327	81
328	81
586	81
587	81
588	81
326	82
327	82
328	82
585	82
586	82
587	82
588	82
326	83
327	83
328	83
585	83
586	83
587	83
588	83
585	84
586	84
587	84
585	85
586	85
587	85
585	86
586	86
587	86
19	104
20	104
21	104
22	104
23	104
19	105
20	105
21	105
22	105
23	105
19	106
20	106
21	106
22	106
23	106
1	113
2	113
3	113
4	113
5	113
1	114
2	114
3	114
4	114
5	114
31	114
32	114
33	114
34	114
35	114
1	115
2	115
3	115
4	115
5	115
31	115
32	115
33	115
34	115
35	115
31	116
32	116
33	116
34	116
35	116
49	122
50	122
51	122
52	122
53	122
49	123
50	123
51	123
52	123
53	123
49	124
50	124
51	124
52	124
53	124
571	126
572	126
573	126
571	127
572	127
573	127
571	128
572	128
573	128
571	129
572	129
573	129
59	130
60	130
61	130
62	130
63	130
64	130
65	130
66	130
67	130
571	130
572	130
573	130
59	131
60	131
61	131
62	131
63	131
64	131
65	131
66	131
67	131
59	132
60	132
61	132
62	132
63	132
64	132
65	132
66	132
67	132
74	136
75	136
76	136
77	136
78	136
74	137
75	137
76	137
77	137
78	137
74	138
75	138
76	138
77	138
78	138
74	139
75	139
76	139
77	139
78	139
74	140
75	140
76	140
77	140
78	140
85	142
86	142
87	142
85	143
86	143
87	143
85	144
86	144
87	144
99	149
100	149
101	149
99	150
100	150
101	150
99	151
100	151
101	151
122	161
123	161
124	161
122	162
123	162
124	162
122	163
123	163
124	163
138	169
139	169
140	169
141	169
142	169
462	169
463	169
464	169
465	169
466	169
138	170
139	170
140	170
141	170
142	170
462	170
463	170
464	170
465	170
466	170
138	171
139	171
140	171
141	171
142	171
462	171
463	171
464	171
465	171
466	171
163	179
164	179
165	179
163	180
164	180
165	180
163	181
164	181
165	181
163	182
164	182
165	182
163	183
164	183
165	183
174	183
175	183
176	183
174	184
175	184
176	184
174	185
175	185
176	185
174	186
175	186
176	186
174	187
175	187
176	187
190	192
191	192
192	192
190	193
191	193
192	193
190	194
191	194
192	194
201	195
202	195
203	195
204	195
205	195
201	196
202	196
203	196
204	196
205	196
201	197
202	197
203	197
204	197
205	197
217	201
218	201
219	201
220	201
221	201
217	202
218	202
219	202
220	202
221	202
217	203
218	203
219	203
220	203
221	203
233	209
234	209
235	209
236	209
237	209
233	210
234	210
235	210
236	210
237	210
233	211
234	211
235	211
236	211
237	211
245	216
246	216
247	216
248	216
249	216
245	217
246	217
247	217
248	217
249	217
461	217
462	217
463	217
245	218
246	218
247	218
248	218
249	218
461	218
462	218
463	218
461	219
462	219
463	219
461	220
462	220
463	220
461	221
462	221
463	221
279	233
280	233
281	233
282	233
283	233
279	234
280	234
281	234
282	234
283	234
279	235
280	235
281	235
282	235
283	235
449	235
450	235
451	235
449	236
450	236
451	236
449	237
450	237
451	237
301	246
302	246
303	246
304	246
305	246
301	247
302	247
303	247
304	247
305	247
301	248
302	248
303	248
304	248
305	248
301	249
302	249
303	249
304	249
305	249
301	250
302	250
303	250
304	250
305	250
322	257
323	257
324	257
325	257
326	257
322	258
323	258
324	258
325	258
326	258
322	259
323	259
324	259
325	259
326	259
338	265
339	265
340	265
341	265
342	265
338	266
339	266
340	266
341	266
342	266
338	267
339	267
340	267
341	267
342	267
371	286
372	286
373	286
374	286
375	286
376	286
377	286
378	286
379	286
371	287
372	287
373	287
374	287
375	287
376	287
377	287
378	287
379	287
371	288
372	288
373	288
374	288
375	288
376	288
377	288
378	288
379	288
406	294
407	294
408	294
406	295
407	295
408	295
406	296
407	296
408	296
406	297
407	297
408	297
406	298
407	298
408	298
397	302
398	302
399	302
400	302
401	302
397	303
398	303
399	303
400	303
401	303
397	304
398	304
399	304
400	304
401	304
397	305
398	305
399	305
400	305
401	305
397	306
398	306
399	306
400	306
401	306
407	307
408	307
409	307
407	308
408	308
409	308
407	309
408	309
409	309
390	316
391	316
392	316
415	316
416	316
417	316
418	316
419	316
420	316
421	316
422	316
423	316
390	317
391	317
392	317
415	317
416	317
417	317
418	317
419	317
420	317
421	317
422	317
423	317
390	318
391	318
392	318
415	318
416	318
417	318
418	318
419	318
420	318
421	318
422	318
423	318
390	319
391	319
392	319
415	319
416	319
417	319
418	319
419	319
420	319
421	319
422	319
423	319
390	320
391	320
392	320
415	320
416	320
417	320
418	320
419	320
420	320
421	320
422	320
423	320
436	328
437	328
438	328
436	329
437	329
438	329
436	330
437	330
438	330
376	331
377	331
378	331
379	331
380	331
381	331
382	331
383	331
384	331
436	331
437	331
438	331
376	332
377	332
378	332
379	332
380	332
381	332
382	332
383	332
384	332
436	332
437	332
438	332
376	333
377	333
378	333
379	333
380	333
381	333
382	333
383	333
384	333
587	8
588	8
589	8
587	9
588	9
589	9
587	10
588	10
589	10
593	21
594	21
595	21
596	21
597	21
598	21
599	21
600	21
601	21
593	22
594	22
595	22
596	22
597	22
598	22
599	22
600	22
601	22
593	23
594	23
595	23
596	23
597	23
598	23
599	23
600	23
601	23
593	24
594	24
595	24
596	24
597	24
598	24
599	24
600	24
601	24
593	25
594	25
595	25
596	25
597	25
598	25
599	25
600	25
601	25
115	26
116	26
117	26
593	26
594	26
595	26
596	26
597	26
598	26
599	26
600	26
601	26
115	27
116	27
117	27
593	27
594	27
595	27
596	27
597	27
598	27
599	27
600	27
601	27
77	28
78	28
79	28
80	28
81	28
82	28
83	28
84	28
85	28
115	28
116	28
117	28
593	28
594	28
595	28
596	28
597	28
598	28
599	28
600	28
601	28
77	29
78	29
79	29
80	29
81	29
82	29
83	29
84	29
85	29
115	29
116	29
117	29
593	29
594	29
595	29
596	29
597	29
598	29
599	29
600	29
601	29
77	30
78	30
79	30
80	30
81	30
82	30
83	30
84	30
85	30
115	30
116	30
117	30
593	30
594	30
595	30
596	30
597	30
598	30
599	30
600	30
601	30
115	31
116	31
117	31
593	31
594	31
595	31
596	31
597	31
598	31
599	31
600	31
601	31
115	32
116	32
117	32
593	32
594	32
595	32
596	32
597	32
598	32
599	32
600	32
601	32
605	32
606	32
607	32
608	32
609	32
115	33
116	33
117	33
593	33
594	33
595	33
596	33
597	33
598	33
599	33
600	33
601	33
605	33
606	33
607	33
608	33
609	33
115	34
116	34
117	34
593	34
594	34
595	34
596	34
597	34
598	34
599	34
600	34
601	34
605	34
606	34
607	34
608	34
609	34
593	35
594	35
595	35
596	35
597	35
598	35
599	35
600	35
601	35
605	35
606	35
607	35
608	35
609	35
605	36
606	36
607	36
608	36
609	36
605	37
606	37
607	37
608	37
609	37
605	38
606	38
607	38
608	38
609	38
605	39
606	39
607	39
608	39
609	39
605	40
606	40
607	40
608	40
609	40
61	47
62	47
63	47
64	47
65	47
61	48
62	48
63	48
64	48
65	48
486	48
487	48
488	48
489	48
490	48
491	48
492	48
493	48
494	48
61	49
62	49
63	49
64	49
65	49
486	49
487	49
488	49
489	49
490	49
491	49
492	49
493	49
494	49
486	50
487	50
488	50
489	50
490	50
491	50
492	50
493	50
494	50
486	51
487	51
488	51
489	51
490	51
491	51
492	51
493	51
494	51
486	52
487	52
488	52
489	52
490	52
491	52
492	52
493	52
494	52
188	83
189	83
190	83
188	84
189	84
190	84
188	85
189	85
190	85
188	86
189	86
190	86
188	87
189	87
190	87
188	88
189	88
190	88
188	89
189	89
190	89
188	90
189	90
190	90
188	91
189	91
190	91
88	93
89	93
90	93
91	93
92	93
88	94
89	94
90	94
91	94
92	94
88	95
89	95
90	95
91	95
92	95
88	96
89	96
90	96
91	96
92	96
88	97
89	97
90	97
91	97
92	97
88	98
89	98
90	98
91	98
92	98
88	99
89	99
90	99
91	99
92	99
88	100
89	100
90	100
91	100
92	100
88	101
89	101
90	101
91	101
92	101
597	145
598	145
599	145
597	146
598	146
599	146
597	147
598	147
599	147
597	148
598	148
599	148
597	149
598	149
599	149
597	150
598	150
599	150
597	151
598	151
599	151
597	152
598	152
599	152
597	153
598	153
599	153
566	165
567	165
568	165
569	165
570	165
571	165
572	165
573	165
574	165
575	165
576	165
577	165
578	165
579	165
580	165
566	166
567	166
568	166
569	166
570	166
571	166
572	166
573	166
574	166
575	166
576	166
577	166
578	166
579	166
580	166
566	167
567	167
568	167
569	167
570	167
571	167
572	167
573	167
574	167
575	167
576	167
577	167
578	167
579	167
580	167
566	168
567	168
568	168
569	168
570	168
571	168
572	168
573	168
574	168
575	168
576	168
577	168
578	168
579	168
580	168
566	169
567	169
568	169
569	169
570	169
571	169
572	169
573	169
574	169
575	169
576	169
577	169
578	169
579	169
580	169
600	179
601	179
602	179
603	179
604	179
605	179
606	179
607	179
608	179
600	180
601	180
602	180
603	180
604	180
605	180
606	180
607	180
608	180
573	181
574	181
575	181
576	181
577	181
600	181
601	181
602	181
603	181
604	181
605	181
606	181
607	181
608	181
573	182
574	182
575	182
576	182
577	182
573	183
574	183
575	183
576	183
577	183
573	184
574	184
575	184
576	184
577	184
573	185
574	185
575	185
576	185
577	185
535	188
536	188
537	188
538	188
539	188
540	188
541	188
542	188
543	188
544	188
545	188
546	188
547	188
548	188
549	188
535	189
536	189
537	189
538	189
539	189
540	189
541	189
542	189
543	189
544	189
545	189
546	189
547	189
548	189
549	189
557	189
558	189
559	189
535	190
536	190
537	190
538	190
539	190
540	190
541	190
542	190
543	190
544	190
545	190
546	190
547	190
548	190
549	190
557	190
558	190
559	190
535	191
536	191
537	191
538	191
539	191
540	191
541	191
542	191
543	191
544	191
545	191
546	191
547	191
548	191
549	191
557	191
558	191
559	191
535	192
536	192
537	192
538	192
539	192
540	192
541	192
542	192
543	192
544	192
545	192
546	192
547	192
548	192
549	192
557	192
558	192
559	192
603	192
604	192
605	192
606	192
607	192
535	193
536	193
537	193
538	193
539	193
540	193
541	193
542	193
543	193
544	193
545	193
546	193
547	193
548	193
549	193
557	193
558	193
559	193
603	193
604	193
605	193
606	193
607	193
535	194
536	194
537	194
538	194
539	194
540	194
541	194
542	194
543	194
544	194
545	194
546	194
547	194
548	194
549	194
557	194
558	194
559	194
603	194
604	194
605	194
606	194
607	194
535	195
536	195
537	195
538	195
539	195
540	195
541	195
542	195
543	195
544	195
545	195
546	195
547	195
548	195
549	195
557	195
558	195
559	195
603	195
604	195
605	195
606	195
607	195
535	196
536	196
537	196
538	196
539	196
540	196
541	196
542	196
543	196
544	196
545	196
546	196
547	196
548	196
549	196
557	196
558	196
559	196
603	196
604	196
605	196
606	196
607	196
518	197
519	197
520	197
521	197
522	197
523	197
524	197
525	197
526	197
527	197
528	197
529	197
530	197
531	197
532	197
535	197
536	197
537	197
538	197
539	197
540	197
541	197
542	197
543	197
544	197
545	197
546	197
547	197
548	197
549	197
557	197
558	197
559	197
579	197
580	197
581	197
518	198
519	198
520	198
521	198
522	198
523	198
524	198
525	198
526	198
527	198
528	198
529	198
530	198
531	198
532	198
535	198
536	198
537	198
538	198
539	198
540	198
541	198
542	198
543	198
544	198
545	198
546	198
547	198
548	198
549	198
579	198
580	198
581	198
518	199
519	199
520	199
521	199
522	199
523	199
524	199
525	199
526	199
527	199
528	199
529	199
530	199
531	199
532	199
535	199
536	199
537	199
538	199
539	199
540	199
541	199
542	199
543	199
544	199
545	199
546	199
547	199
548	199
549	199
579	199
580	199
581	199
518	200
519	200
520	200
521	200
522	200
523	200
524	200
525	200
526	200
527	200
528	200
529	200
530	200
531	200
532	200
535	200
536	200
537	200
538	200
539	200
540	200
541	200
542	200
543	200
544	200
545	200
546	200
547	200
548	200
549	200
579	200
580	200
581	200
518	201
519	201
520	201
521	201
522	201
523	201
524	201
525	201
526	201
527	201
528	201
529	201
530	201
531	201
532	201
535	201
536	201
537	201
538	201
539	201
540	201
541	201
542	201
543	201
544	201
545	201
546	201
547	201
548	201
549	201
579	201
580	201
581	201
535	202
536	202
537	202
538	202
539	202
540	202
541	202
542	202
543	202
544	202
545	202
546	202
547	202
548	202
549	202
579	202
580	202
581	202
579	203
580	203
581	203
579	204
580	204
581	204
605	204
606	204
607	204
608	204
609	204
579	205
580	205
581	205
605	205
606	205
607	205
608	205
609	205
605	206
606	206
607	206
608	206
609	206
592	207
593	207
594	207
605	207
606	207
607	207
608	207
609	207
537	208
538	208
539	208
540	208
541	208
542	208
543	208
544	208
545	208
592	208
593	208
594	208
605	208
606	208
607	208
608	208
609	208
537	209
538	209
539	209
540	209
541	209
542	209
543	209
544	209
545	209
592	209
593	209
594	209
605	209
606	209
607	209
608	209
609	209
537	210
538	210
539	210
540	210
541	210
542	210
543	210
544	210
545	210
592	210
593	210
594	210
605	210
606	210
607	210
608	210
609	210
537	211
538	211
539	211
540	211
541	211
542	211
543	211
544	211
545	211
592	211
593	211
594	211
605	211
606	211
607	211
608	211
609	211
537	212
538	212
539	212
540	212
541	212
542	212
543	212
544	212
545	212
605	212
606	212
607	212
608	212
609	212
499	213
500	213
501	213
502	213
503	213
504	213
505	213
506	213
507	213
508	213
509	213
510	213
511	213
512	213
513	213
499	214
500	214
501	214
502	214
503	214
504	214
505	214
506	214
507	214
508	214
509	214
510	214
511	214
512	214
513	214
499	215
500	215
501	215
502	215
503	215
504	215
505	215
506	215
507	215
508	215
509	215
510	215
511	215
512	215
513	215
525	215
526	215
527	215
528	215
529	215
530	215
531	215
532	215
533	215
525	216
526	216
527	216
528	216
529	216
530	216
531	216
532	216
533	216
525	217
526	217
527	217
528	217
529	217
530	217
531	217
532	217
533	217
551	217
552	217
553	217
525	218
526	218
527	218
528	218
529	218
530	218
531	218
532	218
533	218
551	218
552	218
553	218
525	219
526	219
527	219
528	219
529	219
530	219
531	219
532	219
533	219
551	219
552	219
553	219
525	220
526	220
527	220
528	220
529	220
530	220
531	220
532	220
533	220
551	220
552	220
553	220
525	221
526	221
527	221
528	221
529	221
530	221
531	221
532	221
533	221
551	221
552	221
553	221
525	222
526	222
527	222
528	222
529	222
530	222
531	222
532	222
533	222
551	222
552	222
553	222
525	223
526	223
527	223
528	223
529	223
530	223
531	223
532	223
533	223
539	223
540	223
541	223
551	223
552	223
553	223
525	224
526	224
527	224
528	224
529	224
530	224
531	224
532	224
533	224
539	224
540	224
541	224
551	224
552	224
553	224
506	225
507	225
508	225
509	225
510	225
511	225
512	225
513	225
514	225
525	225
526	225
527	225
528	225
529	225
530	225
531	225
532	225
533	225
539	225
540	225
541	225
551	225
552	225
553	225
506	226
507	226
508	226
509	226
510	226
511	226
512	226
513	226
514	226
525	226
526	226
527	226
528	226
529	226
530	226
531	226
532	226
533	226
539	226
540	226
541	226
506	227
507	227
508	227
509	227
510	227
511	227
512	227
513	227
514	227
525	227
526	227
527	227
528	227
529	227
530	227
531	227
532	227
533	227
539	227
540	227
541	227
525	228
526	228
527	228
528	228
529	228
530	228
531	228
532	228
533	228
539	228
540	228
541	228
525	229
526	229
527	229
528	229
529	229
530	229
531	229
532	229
533	229
539	229
540	229
541	229
539	230
540	230
541	230
605	230
606	230
607	230
608	230
609	230
539	231
540	231
541	231
605	231
606	231
607	231
608	231
609	231
520	232
521	232
522	232
523	232
524	232
525	232
526	232
527	232
528	232
529	232
530	232
531	232
532	232
533	232
534	232
539	232
540	232
541	232
568	232
569	232
570	232
571	232
572	232
573	232
574	232
575	232
576	232
577	232
578	232
579	232
580	232
581	232
582	232
605	232
606	232
607	232
608	232
609	232
520	233
521	233
522	233
523	233
524	233
525	233
526	233
527	233
528	233
529	233
530	233
531	233
532	233
533	233
534	233
539	233
540	233
541	233
568	233
569	233
570	233
571	233
572	233
573	233
574	233
575	233
576	233
577	233
578	233
579	233
580	233
581	233
582	233
605	233
606	233
607	233
608	233
609	233
520	234
521	234
522	234
523	234
524	234
525	234
526	234
527	234
528	234
529	234
530	234
531	234
532	234
533	234
534	234
539	234
540	234
541	234
568	234
569	234
570	234
571	234
572	234
573	234
574	234
575	234
576	234
577	234
578	234
579	234
580	234
581	234
582	234
605	234
606	234
607	234
608	234
609	234
520	235
521	235
522	235
523	235
524	235
525	235
526	235
527	235
528	235
529	235
530	235
531	235
532	235
533	235
534	235
539	235
540	235
541	235
568	235
569	235
570	235
571	235
572	235
573	235
574	235
575	235
576	235
577	235
578	235
579	235
580	235
581	235
582	235
605	235
606	235
607	235
608	235
609	235
520	236
521	236
522	236
523	236
524	236
525	236
526	236
527	236
528	236
529	236
530	236
531	236
532	236
533	236
534	236
539	236
540	236
541	236
568	236
569	236
570	236
571	236
572	236
573	236
574	236
575	236
576	236
577	236
578	236
579	236
580	236
581	236
582	236
605	236
606	236
607	236
608	236
609	236
520	237
521	237
522	237
523	237
524	237
525	237
526	237
527	237
528	237
529	237
530	237
531	237
532	237
533	237
534	237
539	237
540	237
541	237
568	237
569	237
570	237
571	237
572	237
573	237
574	237
575	237
576	237
577	237
578	237
579	237
580	237
581	237
582	237
605	237
606	237
607	237
608	237
609	237
520	238
521	238
522	238
523	238
524	238
525	238
526	238
527	238
528	238
529	238
530	238
531	238
532	238
533	238
534	238
568	238
569	238
570	238
571	238
572	238
573	238
574	238
575	238
576	238
577	238
578	238
579	238
580	238
581	238
582	238
605	238
606	238
607	238
608	238
609	238
520	239
521	239
522	239
523	239
524	239
525	239
526	239
527	239
528	239
529	239
530	239
531	239
532	239
533	239
534	239
568	239
569	239
570	239
571	239
572	239
573	239
574	239
575	239
576	239
577	239
578	239
579	239
580	239
581	239
582	239
520	240
521	240
522	240
523	240
524	240
525	240
526	240
527	240
528	240
529	240
530	240
531	240
532	240
533	240
534	240
568	240
569	240
570	240
571	240
572	240
573	240
574	240
575	240
576	240
577	240
578	240
579	240
580	240
581	240
582	240
568	241
569	241
570	241
571	241
572	241
573	241
574	241
575	241
576	241
577	241
578	241
579	241
580	241
581	241
582	241
568	242
569	242
570	242
571	242
572	242
573	242
574	242
575	242
576	242
577	242
578	242
579	242
580	242
581	242
582	242
568	243
569	243
570	243
571	243
572	243
573	243
574	243
575	243
576	243
577	243
578	243
579	243
580	243
581	243
582	243
568	244
569	244
570	244
571	244
572	244
573	244
574	244
575	244
576	244
577	244
578	244
579	244
580	244
581	244
582	244
587	244
588	244
589	244
590	244
591	244
568	245
569	245
570	245
571	245
572	245
573	245
574	245
575	245
576	245
577	245
578	245
579	245
580	245
581	245
582	245
587	245
588	245
589	245
590	245
591	245
537	246
538	246
539	246
540	246
541	246
542	246
543	246
544	246
545	246
546	246
547	246
548	246
549	246
550	246
551	246
568	246
569	246
570	246
571	246
572	246
573	246
574	246
575	246
576	246
577	246
578	246
579	246
580	246
581	246
582	246
587	246
588	246
589	246
590	246
591	246
537	247
538	247
539	247
540	247
541	247
542	247
543	247
544	247
545	247
546	247
547	247
548	247
549	247
550	247
551	247
587	247
588	247
589	247
590	247
591	247
537	248
538	248
539	248
540	248
541	248
542	248
543	248
544	248
545	248
546	248
547	248
548	248
549	248
550	248
551	248
587	248
588	248
589	248
590	248
591	248
565	251
566	251
567	251
565	252
566	252
567	252
565	253
566	253
567	253
591	258
592	258
593	258
594	258
595	258
596	258
597	258
598	258
599	258
591	259
592	259
593	259
594	259
595	259
596	259
597	259
598	259
599	259
591	260
592	260
593	260
594	260
595	260
596	260
597	260
598	260
599	260
591	261
592	261
593	261
594	261
595	261
596	261
597	261
598	261
599	261
591	262
592	262
593	262
594	262
595	262
596	262
597	262
598	262
599	262
591	263
592	263
593	263
594	263
595	263
596	263
597	263
598	263
599	263
591	264
592	264
593	264
594	264
595	264
596	264
597	264
598	264
599	264
591	265
592	265
593	265
594	265
595	265
596	265
597	265
598	265
599	265
591	266
592	266
593	266
594	266
595	266
596	266
597	266
598	266
599	266
591	267
592	267
593	267
594	267
595	267
596	267
597	267
598	267
599	267
591	268
592	268
593	268
594	268
595	268
596	268
597	268
598	268
599	268
591	269
592	269
593	269
594	269
595	269
596	269
597	269
598	269
599	269
591	270
592	270
593	270
594	270
595	270
596	270
597	270
598	270
599	270
591	271
592	271
593	271
594	271
595	271
596	271
597	271
598	271
599	271
591	272
592	272
593	272
594	272
595	272
596	272
597	272
598	272
599	272
423	6
424	6
425	6
460	6
461	6
462	6
423	7
424	7
425	7
460	7
461	7
462	7
423	8
424	8
425	8
460	8
461	8
462	8
292	9
293	9
294	9
460	9
461	9
462	9
292	10
293	10
294	10
460	10
461	10
462	10
292	11
293	11
294	11
327	11
328	11
329	11
327	12
328	12
329	12
327	13
328	13
329	13
309	15
310	15
311	15
309	16
310	16
311	16
309	17
310	17
311	17
309	18
310	18
311	18
309	19
310	19
311	19
363	21
364	21
365	21
363	22
364	22
365	22
325	23
326	23
327	23
363	23
364	23
365	23
325	24
326	24
327	24
325	25
326	25
327	25
364	33
365	33
366	33
367	33
368	33
364	34
365	34
366	34
367	34
368	34
364	35
365	35
366	35
367	35
368	35
364	36
365	36
366	36
367	36
368	36
364	37
365	37
366	37
367	37
368	37
364	38
365	38
366	38
367	38
368	38
364	39
365	39
366	39
367	39
368	39
364	40
365	40
366	40
367	40
368	40
364	41
365	41
366	41
367	41
368	41
391	48
392	48
393	48
391	49
392	49
393	49
391	50
392	50
393	50
391	51
392	51
393	51
391	52
392	52
393	52
380	61
381	61
382	61
383	61
384	61
380	62
381	62
382	62
383	62
384	62
380	63
381	63
382	63
383	63
384	63
411	63
412	63
413	63
411	64
412	64
413	64
411	65
412	65
413	65
411	66
412	66
413	66
411	67
412	67
413	67
394	69
395	69
396	69
394	70
395	70
396	70
394	71
395	71
396	71
421	73
422	73
423	73
424	73
425	73
421	74
422	74
423	74
424	74
425	74
421	75
422	75
423	75
424	75
425	75
405	77
406	77
407	77
408	77
409	77
405	78
406	78
407	78
408	78
409	78
405	79
406	79
407	79
408	79
409	79
441	80
442	80
443	80
441	81
442	81
443	81
441	82
442	82
443	82
232	22
233	22
234	22
232	23
233	23
234	23
232	24
233	24
234	24
80	50
81	50
82	50
80	51
81	51
82	51
80	52
81	52
82	52
336	78
337	78
338	78
336	79
337	79
338	79
370	79
371	79
372	79
336	80
337	80
338	80
370	80
371	80
372	80
336	81
337	81
338	81
370	81
371	81
372	81
336	82
337	82
338	82
556	106
557	106
558	106
556	107
557	107
558	107
556	108
557	108
558	108
59	111
60	111
61	111
566	111
567	111
568	111
569	111
570	111
59	112
60	112
61	112
566	112
567	112
568	112
569	112
570	112
59	113
60	113
61	113
566	113
567	113
568	113
569	113
570	113
301	118
302	118
303	118
301	119
302	119
303	119
301	120
302	120
303	120
422	126
423	126
424	126
422	127
423	127
424	127
422	128
423	128
424	128
45	133
46	133
47	133
45	134
46	134
47	134
45	135
46	135
47	135
35	139
36	139
37	139
38	139
39	139
35	140
36	140
37	140
38	140
39	140
35	141
36	141
37	141
38	141
39	141
27	147
28	147
29	147
30	147
31	147
32	147
33	147
34	147
35	147
27	148
28	148
29	148
30	148
31	148
32	148
33	148
34	148
35	148
27	149
28	149
29	149
30	149
31	149
32	149
33	149
34	149
35	149
127	153
128	153
129	153
127	154
128	154
129	154
127	155
128	155
129	155
14	158
15	158
16	158
17	158
18	158
14	159
15	159
16	159
17	159
18	159
14	160
15	160
16	160
17	160
18	160
14	161
15	161
16	161
17	161
18	161
14	162
15	162
16	162
17	162
18	162
88	165
89	165
90	165
5	166
6	166
7	166
88	166
89	166
90	166
5	167
6	167
7	167
88	167
89	167
90	167
5	168
6	168
7	168
88	168
89	168
90	168
531	168
532	168
533	168
5	169
6	169
7	169
88	169
89	169
90	169
531	169
532	169
533	169
5	170
6	170
7	170
531	170
532	170
533	170
5	171
6	171
7	171
5	172
6	172
7	172
5	173
6	173
7	173
5	174
6	174
7	174
511	175
512	175
513	175
511	176
512	176
513	176
511	177
512	177
513	177
147	187
148	187
149	187
147	188
148	188
149	188
147	189
148	189
149	189
147	190
148	190
149	190
147	191
148	191
149	191
475	210
476	210
477	210
475	211
476	211
477	211
475	212
476	212
477	212
322	274
323	274
324	274
322	275
323	275
324	275
322	276
323	276
324	276
427	281
428	281
429	281
427	282
428	282
429	282
427	283
428	283
429	283
340	286
341	286
342	286
340	287
341	287
342	287
340	288
341	288
342	288
421	293
422	293
423	293
421	294
422	294
423	294
421	295
422	295
423	295
311	298
312	298
313	298
311	299
312	299
313	299
311	300
312	300
313	300
288	330
289	330
290	330
288	331
289	331
290	331
288	332
289	332
290	332
159	110
160	110
161	110
159	111
160	111
161	111
159	112
160	112
161	112
176	120
177	120
178	120
176	121
177	121
178	121
176	122
177	122
178	122
161	124
162	124
163	124
164	124
165	124
161	125
162	125
163	125
164	125
165	125
161	126
162	126
163	126
164	126
165	126
148	129
149	129
150	129
151	129
152	129
148	130
149	130
150	130
151	130
152	130
148	131
149	131
150	131
151	131
152	131
172	131
173	131
174	131
175	131
176	131
177	131
178	131
179	131
180	131
172	132
173	132
174	132
175	132
176	132
177	132
178	132
179	132
180	132
172	133
173	133
174	133
175	133
176	133
177	133
178	133
179	133
180	133
192	133
193	133
194	133
192	134
193	134
194	134
192	135
193	135
194	135
192	136
193	136
194	136
192	137
193	137
194	137
211	143
212	143
213	143
211	144
212	144
213	144
211	145
212	145
213	145
233	148
234	148
235	148
233	149
234	149
235	149
233	150
234	150
235	150
205	156
206	156
207	156
205	157
206	157
207	157
205	158
206	158
207	158
247	159
248	159
249	159
250	159
251	159
247	160
248	160
249	160
250	160
251	160
247	161
248	161
249	161
250	161
251	161
247	162
248	162
249	162
250	162
251	162
247	163
248	163
249	163
250	163
251	163
242	170
243	170
244	170
242	171
243	171
244	171
242	172
243	172
244	172
242	173
243	173
244	173
242	174
243	174
244	174
345	168
346	168
347	168
348	168
349	168
350	168
351	168
352	168
353	168
345	169
346	169
347	169
348	169
349	169
350	169
351	169
352	169
353	169
345	170
346	170
347	170
348	170
349	170
350	170
351	170
352	170
353	170
345	171
346	171
347	171
348	171
349	171
350	171
351	171
352	171
353	171
345	172
346	172
347	172
348	172
349	172
350	172
351	172
352	172
353	172
332	173
333	173
334	173
335	173
336	173
337	173
338	173
339	173
340	173
341	173
342	173
343	173
344	173
345	173
346	173
332	174
333	174
334	174
335	174
336	174
337	174
338	174
339	174
340	174
341	174
342	174
343	174
344	174
345	174
346	174
332	175
333	175
334	175
335	175
336	175
337	175
338	175
339	175
340	175
341	175
342	175
343	175
344	175
345	175
346	175
358	175
359	175
360	175
361	175
362	175
332	176
333	176
334	176
335	176
336	176
337	176
338	176
339	176
340	176
341	176
342	176
343	176
344	176
345	176
346	176
358	176
359	176
360	176
361	176
362	176
332	177
333	177
334	177
335	177
336	177
337	177
338	177
339	177
340	177
341	177
342	177
343	177
344	177
345	177
346	177
358	177
359	177
360	177
361	177
362	177
320	182
321	182
322	182
323	182
324	182
325	182
326	182
327	182
328	182
329	182
330	182
331	182
332	182
333	182
334	182
320	183
321	183
322	183
323	183
324	183
325	183
326	183
327	183
328	183
329	183
330	183
331	183
332	183
333	183
334	183
320	184
321	184
322	184
323	184
324	184
325	184
326	184
327	184
328	184
329	184
330	184
331	184
332	184
333	184
334	184
320	185
321	185
322	185
323	185
324	185
325	185
326	185
327	185
328	185
329	185
330	185
331	185
332	185
333	185
334	185
304	186
305	186
306	186
307	186
308	186
320	186
321	186
322	186
323	186
324	186
325	186
326	186
327	186
328	186
329	186
330	186
331	186
332	186
333	186
334	186
304	187
305	187
306	187
307	187
308	187
304	188
305	188
306	188
307	188
308	188
304	189
305	189
306	189
307	189
308	189
354	189
355	189
356	189
357	189
358	189
359	189
360	189
361	189
362	189
304	190
305	190
306	190
307	190
308	190
354	190
355	190
356	190
357	190
358	190
359	190
360	190
361	190
362	190
354	191
355	191
356	191
357	191
358	191
359	191
360	191
361	191
362	191
274	199
275	199
276	199
277	199
278	199
279	199
280	199
281	199
282	199
283	199
284	199
285	199
286	199
287	199
288	199
274	200
275	200
276	200
277	200
278	200
279	200
280	200
281	200
282	200
283	200
284	200
285	200
286	200
287	200
288	200
274	201
275	201
276	201
277	201
278	201
279	201
280	201
281	201
282	201
283	201
284	201
285	201
286	201
287	201
288	201
308	201
309	201
310	201
308	202
309	202
310	202
308	203
309	203
310	203
308	204
309	204
310	204
308	205
309	205
310	205
296	206
297	206
298	206
299	206
300	206
301	206
302	206
303	206
304	206
305	206
306	206
307	206
308	206
309	206
310	206
285	207
286	207
287	207
296	207
297	207
298	207
299	207
300	207
301	207
302	207
303	207
304	207
305	207
306	207
307	207
308	207
309	207
310	207
285	208
286	208
287	208
296	208
297	208
298	208
299	208
300	208
301	208
302	208
303	208
304	208
305	208
306	208
307	208
308	208
309	208
310	208
285	209
286	209
287	209
296	209
297	209
298	209
299	209
300	209
301	209
302	209
303	209
304	209
305	209
306	209
307	209
308	209
309	209
310	209
285	210
286	210
287	210
296	210
297	210
298	210
299	210
300	210
301	210
302	210
303	210
304	210
305	210
306	210
307	210
308	210
309	210
310	210
285	211
286	211
287	211
296	211
297	211
298	211
299	211
300	211
301	211
302	211
303	211
304	211
305	211
306	211
307	211
308	211
309	211
310	211
296	212
297	212
298	212
299	212
300	212
301	212
302	212
303	212
304	212
305	212
306	212
307	212
308	212
309	212
310	212
296	213
297	213
298	213
299	213
300	213
301	213
302	213
303	213
304	213
305	213
306	213
307	213
308	213
309	213
310	213
296	214
297	214
298	214
299	214
300	214
301	214
302	214
303	214
304	214
305	214
306	214
307	214
308	214
309	214
310	214
308	215
309	215
310	215
305	218
306	218
307	218
308	218
309	218
310	218
311	218
312	218
313	218
305	219
306	219
307	219
308	219
309	219
310	219
311	219
312	219
313	219
305	220
306	220
307	220
308	220
309	220
310	220
311	220
312	220
313	220
322	124
323	124
324	124
325	124
326	124
327	124
328	124
329	124
330	124
322	125
323	125
324	125
325	125
326	125
327	125
328	125
329	125
330	125
322	126
323	126
324	126
325	126
326	126
327	126
328	126
329	126
330	126
322	127
323	127
324	127
325	127
326	127
327	127
328	127
329	127
330	127
322	128
323	128
324	128
325	128
326	128
327	128
328	128
329	128
330	128
369	136
370	136
371	136
372	136
373	136
369	137
370	137
371	137
372	137
373	137
369	138
370	138
371	138
372	138
373	138
369	139
370	139
371	139
372	139
373	139
315	140
316	140
317	140
369	140
370	140
371	140
372	140
373	140
315	141
316	141
317	141
369	141
370	141
371	141
372	141
373	141
315	142
316	142
317	142
369	142
370	142
371	142
372	142
373	142
315	143
316	143
317	143
345	143
346	143
347	143
348	143
349	143
369	143
370	143
371	143
372	143
373	143
315	144
316	144
317	144
345	144
346	144
347	144
348	144
349	144
356	144
357	144
358	144
359	144
360	144
361	144
362	144
363	144
364	144
369	144
370	144
371	144
372	144
373	144
315	145
316	145
317	145
345	145
346	145
347	145
348	145
349	145
356	145
357	145
358	145
359	145
360	145
361	145
362	145
363	145
364	145
315	146
316	146
317	146
356	146
357	146
358	146
359	146
360	146
361	146
362	146
363	146
364	146
315	147
316	147
317	147
356	147
357	147
358	147
359	147
360	147
361	147
362	147
363	147
364	147
315	148
316	148
317	148
356	148
357	148
358	148
359	148
360	148
361	148
362	148
363	148
364	148
165	18
166	18
167	18
168	18
169	18
165	19
166	19
167	19
168	19
169	19
165	20
166	20
167	20
168	20
169	20
165	21
166	21
167	21
168	21
169	21
165	22
166	22
167	22
168	22
169	22
537	28
538	28
539	28
537	29
538	29
539	29
537	30
538	30
539	30
537	31
538	31
539	31
537	32
538	32
539	32
161	36
162	36
163	36
164	36
165	36
161	37
162	37
163	37
164	37
165	37
161	38
162	38
163	38
164	38
165	38
548	39
549	39
550	39
172	40
173	40
174	40
548	40
549	40
550	40
172	41
173	41
174	41
548	41
549	41
550	41
172	42
173	42
174	42
172	43
173	43
174	43
172	44
173	44
174	44
146	47
147	47
148	47
146	48
147	48
148	48
146	49
147	49
148	49
157	50
158	50
159	50
160	50
161	50
157	51
158	51
159	51
160	51
161	51
157	52
158	52
159	52
160	52
161	52
560	53
561	53
562	53
560	54
561	54
562	54
560	55
561	55
562	55
166	57
167	57
168	57
166	58
167	58
168	58
177	58
178	58
179	58
166	59
167	59
168	59
177	59
178	59
179	59
220	59
221	59
222	59
515	59
516	59
517	59
177	60
178	60
179	60
220	60
221	60
222	60
515	60
516	60
517	60
220	61
221	61
222	61
515	61
516	61
517	61
187	64
188	64
189	64
187	65
188	65
189	65
264	65
265	65
266	65
187	66
188	66
189	66
264	66
265	66
266	66
264	67
265	67
266	67
544	71
545	71
546	71
565	71
566	71
567	71
544	72
545	72
546	72
565	72
566	72
567	72
213	73
214	73
215	73
544	73
545	73
546	73
565	73
566	73
567	73
213	74
214	74
215	74
544	74
545	74
546	74
213	75
214	75
215	75
544	75
545	75
546	75
226	79
227	79
228	79
226	80
227	80
228	80
226	81
227	81
228	81
537	84
538	84
539	84
555	84
556	84
557	84
537	85
538	85
539	85
555	85
556	85
557	85
240	86
241	86
242	86
269	86
270	86
271	86
272	86
273	86
499	86
500	86
501	86
537	86
538	86
539	86
555	86
556	86
557	86
240	87
241	87
242	87
269	87
270	87
271	87
272	87
273	87
499	87
500	87
501	87
240	88
241	88
242	88
269	88
270	88
271	88
272	88
273	88
499	88
500	88
501	88
269	89
270	89
271	89
272	89
273	89
269	90
270	90
271	90
272	90
273	90
285	94
286	94
287	94
285	95
286	95
287	95
285	96
286	96
287	96
275	106
276	106
277	106
275	107
276	107
277	107
275	108
276	108
277	108
518	114
519	114
520	114
518	115
519	115
520	115
518	116
519	116
520	116
439	122
440	122
441	122
439	123
440	123
441	123
439	124
440	124
441	124
512	124
513	124
514	124
512	125
513	125
514	125
512	126
513	126
514	126
453	127
454	127
455	127
453	128
454	128
455	128
453	129
454	129
455	129
466	137
467	137
468	137
466	138
467	138
468	138
444	139
445	139
446	139
466	139
467	139
468	139
444	140
445	140
446	140
444	141
445	141
446	141
444	142
445	142
446	142
444	143
445	143
446	143
481	144
482	144
483	144
481	145
482	145
483	145
481	146
482	146
483	146
459	148
460	148
461	148
459	149
460	149
461	149
459	150
460	150
461	150
476	154
477	154
478	154
476	155
477	155
478	155
476	156
477	156
478	156
438	13
439	13
440	13
438	14
439	14
440	14
438	15
439	15
440	15
432	23
433	23
434	23
432	24
433	24
434	24
432	25
433	25
434	25
483	29
484	29
485	29
483	30
484	30
485	30
483	31
484	31
485	31
396	32
397	32
398	32
396	33
397	33
398	33
396	34
397	34
398	34
435	49
436	49
437	49
435	50
436	50
437	50
435	51
436	51
437	51
432	95
433	95
434	95
432	96
433	96
434	96
432	97
433	97
434	97
334	136
335	136
336	136
334	137
335	137
336	137
334	138
335	138
336	138
322	152
323	152
324	152
322	153
323	153
324	153
322	154
323	154
324	154
370	161
371	161
372	161
370	162
371	162
372	162
370	163
371	163
372	163
316	164
317	164
318	164
316	165
317	165
318	165
316	166
317	166
318	166
436	214
437	214
438	214
436	215
437	215
438	215
436	216
437	216
438	216
