0.586271
0.708256
0.748377
0.759276
0.760204
0.758581
0.756957
0.756957
0.757653
0.755566
0.754638
0.754638
0.757189
0.759045
0.760436
0.758813
0.761596
0.766002
0.770408
0.770408
0.772495
0.772495
0.774583
0.775046
0.775742
0.776206
0.776902
0.777134
0.777829
0.778293
0.778293
0.778757
0.778757
0.778525
0.779917
0.778293
0.779221
0.777829
0.777597
0.779221
0.778061
0.777366
0.781308
0.776902
0.777134
0.778061
0.777366
0.778061
0.779221
0.776438
0.777366
0.778525
0.778525
0.777829
0.776670
0.776206
0.775046
0.774119
0.775046
0.774814
0.774583
0.775510
0.774583
0.774583
0.773423
0.775510
0.774583
0.773655
0.774814
0.773655
0.775046
0.774583
0.773887
0.774583
0.774583
0.774814
0.774351
0.776206
0.775974
0.774814
0.775510
0.776206
0.774814
0.775974
0.776902
0.775742
0.776206
0.777829
0.778293
0.778525
0.778061
0.779221
0.780148
0.778293
0.779685
0.780844
0.778525
0.779453
0.781772
0.782468
0.780612
0.782236
0.779685
0.782468
0.782468
0.784091
0.782236
0.786178
0.782468
0.782236
0.784323
0.783627
0.783627
0.784787
0.786642
0.786178
0.787338
0.781540
0.783627
0.787570
0.787802
0.787106
0.785482
0.786178
0.787802
0.787338
0.788033
0.787106
0.788729
0.789889
0.789657
0.790121
0.792208
0.789193
0.793831
0.791744
0.791976
0.800789
0.793599
0.794063
0.797542
0.798701
0.797078
0.797078
0.797542
0.798933
0.799397
0.802876
0.805659
0.801484
0.799629
0.804731
0.805427
0.798933
0.804731
0.802412
0.803803
0.807282
0.808442
0.810761
0.805891
0.807746
0.805891
0.801716
0.810993
0.803571
0.811224
0.810297
0.804731
0.812848
0.813544
0.808673
0.813544
0.811688
0.811688
0.812616
0.814007
0.813544
0.815399
0.815863
0.816095
0.813776
0.812152
0.815863
0.818182
0.819109
0.818646
0.821429
0.820965
0.824443
0.822820
0.821429
0.821892
0.821429
0.820501
0.823052
0.822356
0.822820
0.823748
0.824211
0.823052
0.825371
0.821429
0.824675
0.826067
0.829545
0.827226
0.828386
0.825603
0.823284
0.825139
0.829777
0.826531
0.831401
0.829082
0.831865
0.835111
0.833952
0.832096
0.831401
0.827922
0.834184
0.830009
0.830009
0.831633
0.832792
0.832560
0.834184
0.830937
0.835807
0.837430
0.838822
0.824211
0.834879
0.834184
0.840677
0.840445
0.839518
0.834879
0.840445
