425.463715
370.478516
325.050354
285.841644
251.496078
221.417297
194.941055
171.569550
151.051590
133.054443
117.241837
103.363495
91.146774
80.391304
70.928078
62.594849
55.269592
48.823391
43.149384
38.153904
33.757763
29.889942
26.487167
23.487541
20.847343
18.520493
16.472092
14.665172
13.072568
11.667665
10.428692
9.335039
8.368802
7.516044
6.762111
6.095852
5.507155
4.984505
4.517241
4.107258
3.744584
3.422068
3.134091
2.878941
2.653364
2.454131
2.277879
2.120002
1.979692
1.854938
1.743902
1.645429
1.556537
1.477354
1.406716
1.343276
1.285193
1.234317
1.187524
1.145952
1.108168
1.074057
1.043416
1.015189
0.990226
0.965928
0.944951
0.924530
0.906094
0.889519
0.874581
0.860686
0.847108
0.835544
0.823960
0.813867
0.804073
0.795082
0.785612
0.777751
0.770306
0.763462
0.756825
0.751196
0.745491
0.739712
0.735278
0.730596
0.726136
0.722419
0.717781
0.714825
0.710590
0.708127
0.703988
0.701570
0.698681
0.695400
0.693449
0.689853
0.687219
0.684656
0.682602
0.679615
0.677564
0.675825
0.673535
0.671367
0.668769
0.666608
0.665474
0.663199
0.662262
0.660196
0.658252
0.657258
0.654989
0.653103
0.652040
0.650504
0.649034
0.647275
0.646179
0.644190
0.642400
0.641462
0.639918
0.638522
0.637412
0.637279
0.634438
0.634325
0.631768
0.631024
0.630060
0.628528
0.627867
0.624723
0.624747
0.622366
0.621032
0.621309
0.618822
0.617997
0.616743
0.615473
0.614303
0.613143
0.615205
0.609486
0.609223
0.607906
0.606449
0.605294
0.605698
0.602368
0.602123
0.601808
0.600076
0.598564
0.598256
0.596877
0.595358
0.594342
0.593967
0.593435
0.591332
0.589993
0.589131
0.587574
0.587092
0.587155
0.584490
0.583713
0.582603
0.581281
0.580468
0.579077
0.578656
0.578803
0.577339
0.576479
0.573879
0.574165
0.572242
0.571447
0.570818
0.570117
0.569042
0.567627
0.567094
0.565240
0.564317
0.564276
0.562354
0.561099
0.560108
0.566045
0.558694
0.558393
0.557657
0.556947
0.555325
0.555670
0.551961
0.551099
0.551082
0.551253
0.548804
0.549264
0.548701
0.548368
0.545990
0.545505
0.546936
0.543099
0.542009
0.541002
0.540792
0.541394
0.538701
0.535002
0.534526
0.538922
0.533990
0.532900
0.535835
0.532039
0.529423
0.527295
0.528082
0.528144
0.525033
0.526080
0.522967
0.522032
0.521235
0.524873
0.518640
0.527122
