0.679035
0.711503
0.720315
0.705937
0.731447
0.726809
0.728200
0.729824
0.758813
0.765306
0.777829
0.785482
0.782931
0.780844
0.779453
0.784555
0.786642
0.788265
0.789425
0.789657
0.792208
0.792672
0.790353
0.790584
0.790353
0.789657
0.787802
0.788729
0.787802
0.784323
0.786642
0.786874
0.786642
0.787802
0.789425
0.786642
0.787106
0.786410
0.786178
0.785946
0.784323
0.784323
0.787570
0.785019
0.784555
0.784787
0.784323
0.787106
0.786410
0.787106
0.787802
0.785946
0.786178
0.785250
0.786642
0.783627
0.784323
0.783395
0.784787
0.780612
0.782004
0.781076
0.780148
0.781076
0.782236
0.781308
0.782699
0.782236
0.782931
0.782236
0.782236
0.781308
0.780612
0.781772
0.781308
0.779453
0.779453
0.782931
0.781076
0.780148
0.778525
0.779453
0.779685
0.780612
0.778061
0.779685
0.780844
0.778061
0.780844
0.780148
0.777829
0.779685
0.779453
0.780844
0.778525
0.778061
0.778525
0.776438
0.780380
0.777597
0.781540
0.781076
0.782236
0.779917
0.779917
0.783395
0.782236
0.782236
0.782004
0.781540
0.781540
0.783627
0.783395
0.782699
0.782004
0.784091
0.782931
0.782004
0.780380
0.786874
0.786642
0.782931
0.785250
0.788033
0.788265
0.792904
0.794295
0.794063
0.795686
0.789425
0.791280
0.791744
0.794295
0.797774
0.799629
0.796382
0.793367
0.797310
0.793599
0.799165
0.798238
0.795455
0.797078
0.801252
0.800093
0.795455
0.804499
0.806122
0.799165
0.801020
0.806354
0.801948
0.801020
0.805891
0.806354
0.798701
0.804267
0.802644
0.801484
0.806122
0.808673
0.807514
0.806586
0.807514
0.805427
0.804731
0.810065
0.803108
0.803803
0.806586
0.811224
0.804499
0.811688
0.810529
0.813544
0.810529
0.810297
0.811688
0.811688
0.812384
0.813080
0.809601
0.810297
0.815399
0.815399
0.814703
0.815399
0.814703
0.816790
0.813776
0.814471
0.815631
0.817254
0.813312
0.818646
0.817486
0.815167
0.814703
0.814935
0.817486
0.818646
0.818182
0.823052
0.816558
0.819573
0.819341
0.818414
0.819573
0.819341
0.822820
0.820037
0.820501
0.818182
0.817950
0.820037
0.826067
0.821429
0.820733
0.820733
0.818646
0.822356
0.824907
0.824443
0.820037
0.825603
0.825371
0.817950
0.823284
0.822820
0.826762
0.826531
0.822820
0.826994
0.825835
0.828618
0.827226
0.826299
0.824211
0.831401
0.821197
