426.153473
373.670685
329.023529
290.066559
256.046692
226.074127
199.714310
176.297226
155.829315
137.828827
122.002228
108.051132
95.721588
84.835747
75.214897
66.700813
59.173344
52.509892
46.608170
41.400227
36.786419
32.708885
29.097382
25.903027
23.075682
20.573883
18.359516
16.398577
14.658441
13.119865
11.757018
10.550642
9.482476
8.534781
7.697068
6.952690
6.292921
5.708660
5.187914
4.726496
4.316508
3.953277
3.629611
3.341671
3.083858
2.854103
2.651987
2.467264
2.304996
2.158889
2.028507
1.910904
1.804718
1.710127
1.626091
1.550124
1.478922
1.416328
1.359706
1.307607
1.260251
1.217716
1.179122
1.143890
1.111979
1.081194
1.054186
1.029397
1.005698
0.983568
0.964577
0.945632
0.929452
0.913608
0.898817
0.884884
0.871623
0.859684
0.847936
0.837838
0.828007
0.817471
0.808745
0.800355
0.791982
0.785118
0.777307
0.771176
0.765319
0.759396
0.754154
0.748572
0.743261
0.738282
0.734586
0.729984
0.726030
0.722574
0.718791
0.714679
0.712084
0.708406
0.705742
0.702867
0.699193
0.697755
0.694441
0.691759
0.689079
0.687005
0.685221
0.683282
0.680687
0.679087
0.677598
0.675481
0.673272
0.670968
0.669066
0.667445
0.665905
0.664016
0.661134
0.659763
0.657888
0.655728
0.655129
0.652552
0.652647
0.650347
0.650333
0.647923
0.647426
0.644826
0.644329
0.643204
0.640799
0.640216
0.637951
0.638671
0.637343
0.635396
0.633932
0.635199
0.631241
0.630052
0.629644
0.630140
0.628238
0.626458
0.625366
0.626584
0.622818
0.622653
0.620256
0.620309
0.618633
0.617481
0.616997
0.616910
0.615846
0.613184
0.614771
0.613163
0.610914
0.611094
0.609765
0.609199
0.608075
0.607016
0.604768
0.605215
0.605979
0.603210
0.603309
0.601820
0.602693
0.601727
0.597771
0.599220
0.597958
0.597723
0.595454
0.595607
0.592907
0.594322
0.594366
0.592224
0.590368
0.590604
0.589690
0.588190
0.589705
0.588034
0.584361
0.586162
0.583531
0.585967
0.585528
0.583713
0.583428
0.581821
0.580649
0.581998
0.579967
0.578150
0.581552
0.573811
0.575760
0.579590
0.576042
0.574681
0.574681
0.571872
0.571147
0.573095
0.572596
0.575227
0.575932
0.568863
0.572364
0.566981
0.567528
0.566770
0.567537
0.569619
0.567399
0.564098
0.568765
0.561570
0.569743
0.564453
0.559803
0.560690
0.566496
0.561341
0.558527
0.557342
0.556074
0.559085
