977.998169
840.525330
749.645264
670.141785
600.874084
539.528198
484.732849
436.183960
392.834839
354.284973
319.921295
289.184296
261.734192
237.159134
215.144363
195.378922
177.626801
161.680023
147.308762
134.358902
122.681244
112.134132
102.603386
93.972504
86.153488
79.060242
72.621040
66.770271
61.441505
56.590534
52.165344
48.125412
44.435703
41.058441
37.966076
35.132774
32.532463
30.145067
27.950342
25.931313
24.072063
22.360373
20.781862
19.324068
17.977953
16.734409
15.583673
14.519231
13.533923
12.620812
11.774971
10.990086
10.261630
9.586390
8.958114
8.375599
7.833905
7.331079
6.862744
6.427812
6.022708
5.646392
5.295735
4.969244
4.665738
4.382748
4.117541
3.871640
3.642155
3.427958
3.230322
3.043251
2.869272
2.707222
2.555951
2.414498
2.282298
2.160287
2.043126
1.935170
1.834487
1.738787
1.650821
1.567372
1.488772
1.416389
1.345923
1.281394
1.220212
1.163789
1.109962
1.057877
1.010768
0.964957
0.922248
0.881810
0.843429
0.807438
0.772471
0.739795
0.708738
0.679622
0.651038
0.624091
0.598492
0.574730
0.551992
0.529814
0.508340
0.488376
0.469090
0.450926
0.434167
0.417179
0.401910
0.386342
0.372585
0.358497
0.347126
0.332581
0.320462
0.308700
0.297956
0.287235
0.277153
0.267051
0.258113
0.249441
0.241118
0.233651
0.224881
0.218932
0.210295
0.203404
0.196796
0.190036
0.185104
0.178327
0.172967
0.167483
0.162998
0.159480
0.153089
0.149309
0.144604
0.140299
0.137191
0.133213
0.131397
0.125973
0.123004
0.120425
0.117256
0.114183
0.111691
0.109634
0.107244
0.104443
0.102347
0.100421
0.099501
0.097311
0.094957
0.093802
0.091301
0.089398
0.088775
0.086892
0.085654
0.084206
0.082382
0.081397
0.079789
0.080552
0.077966
0.077005
0.075993
0.074590
0.073449
0.072102
0.071181
0.071268
0.069865
0.068897
0.068246
0.067019
0.066051
0.066873
0.064847
0.063399
0.063386
0.062751
0.061444
0.060786
0.060190
0.059626
0.058809
0.058057
0.058032
0.058569
0.056278
0.055890
0.055412
0.054496
0.054476
0.054012
0.053098
0.052283
0.051642
0.051546
0.051018
0.051059
0.049561
0.049405
0.050832
0.048282
0.048633
0.047534
0.047813
0.046573
0.046438
0.045464
0.045159
0.045047
0.044604
0.043772
0.044258
0.043358
0.043673
0.042282
0.042454
0.041549
0.041563
0.041349
0.040367
0.039914
0.039730
0.039387
0.040490
0.038552
