0.447038
0.611311
0.700180
0.774686
0.819569
0.842908
0.861759
0.889587
0.904847
0.925494
0.926391
0.939856
0.947935
0.959605
0.969479
0.972172
0.982047
0.975763
0.979354
0.989228
0.989228
0.991023
0.993716
0.993716
0.996409
0.995512
0.996409
0.996409
0.994614
0.995512
1.000000
1.000000
0.998205
0.998205
0.999102
0.999102
0.999102
0.999102
1.000000
0.999102
1.000000
1.000000
1.000000
1.000000
1.000000
0.999102
0.999102
0.999102
0.999102
0.999102
0.999102
0.999102
0.999102
0.999102
0.999102
0.999102
0.999102
0.999102
0.999102
0.999102
0.999102
0.999102
0.999102
0.999102
0.999102
0.998205
0.999102
0.999102
0.999102
0.999102
0.998205
0.999102
0.999102
0.999102
0.999102
0.999102
0.999102
0.999102
0.999102
0.999102
0.999102
0.999102
0.998205
0.999102
0.999102
0.999102
0.999102
0.999102
0.999102
0.999102
0.999102
0.999102
0.998205
0.999102
0.999102
0.999102
0.999102
0.999102
0.999102
0.999102
0.999102
0.999102
0.999102
0.999102
0.999102
0.998205
0.999102
0.998205
0.999102
0.999102
0.999102
0.999102
0.999102
0.999102
0.999102
0.999102
0.999102
0.998205
0.998205
0.999102
0.999102
0.999102
0.999102
0.999102
0.999102
0.999102
0.999102
0.999102
0.999102
0.998205
0.999102
0.998205
0.999102
0.999102
0.999102
0.999102
0.999102
0.999102
0.999102
0.999102
0.999102
1.000000
0.999102
0.999102
0.999102
0.999102
0.999102
0.999102
0.998205
0.999102
0.999102
0.999102
1.000000
1.000000
0.999102
1.000000
0.999102
0.999102
0.999102
0.999102
0.999102
1.000000
0.999102
0.999102
1.000000
0.999102
0.999102
1.000000
0.999102
1.000000
1.000000
1.000000
1.000000
0.999102
1.000000
1.000000
1.000000
1.000000
0.999102
1.000000
1.000000
1.000000
0.999102
1.000000
1.000000
1.000000
1.000000
1.000000
1.000000
1.000000
1.000000
1.000000
1.000000
1.000000
1.000000
1.000000
1.000000
1.000000
1.000000
1.000000
1.000000
1.000000
1.000000
1.000000
1.000000
1.000000
1.000000
1.000000
1.000000
1.000000
1.000000
1.000000
1.000000
1.000000
1.000000
1.000000
1.000000
1.000000
1.000000
1.000000
1.000000
1.000000
1.000000
1.000000
1.000000
1.000000
1.000000
1.000000
1.000000
1.000000
1.000000
1.000000
1.000000
1.000000
1.000000
1.000000
1.000000
1.000000
1.000000
1.000000
