1003.360596
875.268738
788.635925
715.515930
650.996094
593.796997
542.676880
496.338196
454.948090
417.530060
383.774231
353.306488
325.638794
300.524933
277.713318
256.952393
237.997742
220.681046
204.848648
190.338470
177.016144
164.773026
153.507645
143.126450
133.556152
124.698364
116.517044
108.933754
101.904762
95.385216
89.325645
83.691277
78.443466
73.557426
69.000404
64.745750
60.775459
57.064613
53.592228
50.343147
47.300877
44.452065
41.782887
39.280380
36.931755
34.728703
32.659435
30.717823
28.895020
27.178871
25.571455
24.057419
22.635849
21.299473
20.041113
18.860918
17.747618
16.702564
15.719570
14.795071
13.925776
13.107635
12.342662
11.615533
10.934423
10.294824
9.696027
9.128007
8.595044
8.093996
7.623611
7.185164
6.766750
6.375178
6.007610
5.662560
5.337461
5.032361
4.745372
4.474985
4.222082
3.983908
3.759481
3.556718
3.351902
3.166096
2.990888
2.827204
2.672631
2.528508
2.389930
2.261380
2.141038
2.028193
1.934789
1.821499
1.726663
1.637024
1.552696
1.473704
1.399815
1.329438
1.288124
1.208798
1.149675
1.093143
1.041502
0.992282
0.946142
0.902025
0.860449
0.821357
0.784481
0.750165
0.716225
0.684027
0.656500
0.625777
0.599007
0.572919
0.548260
0.525008
0.505368
0.482603
0.462726
0.443176
0.425140
0.410364
0.391049
0.374847
0.360037
0.345776
0.332757
0.320053
0.307520
0.295011
0.286295
0.273246
0.263853
0.253497
0.245799
0.235520
0.228009
0.220233
0.213583
0.205570
0.197884
0.191262
0.184135
0.178723
0.172714
0.168310
0.163119
0.157880
0.152720
0.148066
0.144563
0.141223
0.137255
0.132427
0.129439
0.126463
0.124120
0.120044
0.121947
0.114198
0.112159
0.109707
0.106218
0.104098
0.101903
0.100586
0.097544
0.096629
0.094050
0.096010
0.091020
0.089991
0.088852
0.086504
0.085080
0.083388
0.081817
0.080516
0.080076
0.078901
0.077714
0.076186
0.075352
0.073949
0.072429
0.071897
0.070908
0.070450
0.069827
0.067866
0.067078
0.066899
0.065703
0.064820
0.064726
0.064482
0.062443
0.061784
0.061683
0.060688
0.059884
0.059561
0.059495
0.057537
0.059537
0.056501
0.055778
0.056047
0.054628
0.056778
0.054284
0.053441
0.052878
0.052528
0.051852
0.051276
0.051904
0.050039
0.050396
0.048835
0.048623
0.048249
0.048144
0.048077
0.047186
0.046867
0.045944
0.045359
0.045122
0.044612
0.044560
0.043854
0.043682
0.042641
