0.289048
0.579892
0.691203
0.728007
0.770198
0.809695
0.818671
0.855476
0.877020
0.873429
0.904847
0.920108
0.929982
0.934470
0.950628
0.963196
0.977558
0.982944
0.987433
0.984740
0.993716
0.992819
0.990126
0.994614
0.991921
0.994614
0.995512
0.995512
0.997307
0.994614
0.995512
0.994614
0.997307
0.998205
0.995512
0.998205
0.998205
0.996409
0.998205
1.000000
0.998205
0.998205
0.999102
1.000000
0.998205
0.998205
0.999102
0.999102
1.000000
0.999102
0.998205
0.998205
0.999102
0.999102
0.999102
1.000000
1.000000
1.000000
1.000000
1.000000
1.000000
0.999102
0.998205
0.999102
0.999102
1.000000
0.996409
1.000000
0.999102
1.000000
0.999102
0.999102
1.000000
1.000000
0.999102
0.997307
0.999102
0.999102
0.997307
0.999102
1.000000
0.997307
0.999102
0.996409
0.999102
0.999102
0.999102
0.999102
0.999102
0.999102
0.999102
0.999102
0.999102
0.999102
0.991023
0.998205
0.999102
0.999102
0.999102
0.999102
0.999102
0.999102
0.998205
0.999102
0.999102
0.999102
0.999102
0.999102
0.998205
0.999102
0.999102
0.999102
0.999102
0.999102
0.999102
0.999102
0.996409
0.999102
0.999102
0.999102
0.999102
0.999102
0.996409
0.999102
0.998205
0.999102
0.999102
0.996409
0.999102
0.999102
0.999102
0.999102
0.999102
0.999102
0.999102
0.999102
0.995512
0.999102
0.999102
1.000000
0.998205
0.999102
0.999102
0.997307
0.998205
0.998205
1.000000
0.998205
0.999102
0.999102
0.999102
0.999102
0.997307
0.999102
0.999102
0.999102
0.999102
0.999102
0.999102
0.999102
0.999102
0.999102
0.999102
1.000000
0.995512
0.999102
0.999102
1.000000
1.000000
0.999102
1.000000
1.000000
1.000000
0.999102
1.000000
0.997307
0.999102
1.000000
0.998205
1.000000
0.999102
1.000000
1.000000
1.000000
1.000000
0.999102
1.000000
1.000000
1.000000
0.999102
1.000000
1.000000
1.000000
0.999102
1.000000
1.000000
1.000000
1.000000
1.000000
1.000000
1.000000
1.000000
1.000000
1.000000
1.000000
1.000000
1.000000
1.000000
1.000000
1.000000
0.999102
1.000000
1.000000
1.000000
1.000000
0.999102
0.999102
1.000000
1.000000
1.000000
1.000000
1.000000
0.999102
1.000000
1.000000
1.000000
1.000000
1.000000
1.000000
0.999102
1.000000
1.000000
1.000000
1.000000
1.000000
1.000000
1.000000
1.000000
1.000000
1.000000
