0.359066
0.593357
0.684022
0.748653
0.796230
0.824955
0.854578
0.873429
0.895871
0.921005
0.927289
0.945242
0.958707
0.964991
0.973968
0.979354
0.982047
0.984740
0.984740
0.991921
0.983842
0.989228
0.992819
0.995512
0.995512
0.996409
0.996409
0.994614
0.998205
0.995512
0.999102
0.998205
0.999102
0.997307
0.996409
0.996409
0.996409
0.998205
0.997307
0.997307
0.998205
0.997307
0.999102
0.997307
0.994614
0.997307
0.999102
0.999102
0.999102
0.999102
0.997307
0.999102
0.998205
0.998205
0.999102
0.999102
0.999102
0.998205
0.999102
0.996409
0.998205
0.999102
0.999102
0.999102
0.998205
0.999102
0.998205
0.999102
0.999102
0.999102
0.999102
0.999102
0.999102
0.999102
0.999102
0.999102
0.999102
0.999102
0.998205
0.999102
0.999102
0.999102
0.999102
0.999102
0.999102
0.999102
0.999102
0.999102
0.999102
0.999102
0.999102
0.999102
0.999102
0.999102
0.999102
0.999102
0.999102
0.999102
0.999102
0.999102
0.999102
0.999102
0.999102
0.999102
0.998205
0.999102
0.999102
0.999102
0.999102
0.999102
0.999102
0.999102
0.998205
0.999102
0.999102
0.999102
0.998205
0.999102
0.996409
0.998205
0.999102
0.999102
0.999102
0.999102
0.999102
0.999102
0.999102
0.999102
0.999102
0.999102
0.998205
0.999102
0.999102
0.998205
0.999102
0.999102
0.999102
0.999102
0.999102
0.999102
0.999102
0.999102
1.000000
1.000000
0.999102
0.999102
0.999102
0.999102
0.999102
0.999102
0.999102
0.999102
0.999102
0.999102
0.999102
0.999102
0.999102
0.999102
0.999102
0.999102
1.000000
1.000000
1.000000
0.999102
1.000000
0.999102
0.999102
1.000000
1.000000
0.999102
1.000000
1.000000
0.999102
0.999102
1.000000
1.000000
1.000000
1.000000
1.000000
0.999102
1.000000
1.000000
1.000000
1.000000
1.000000
1.000000
1.000000
0.999102
1.000000
1.000000
1.000000
1.000000
1.000000
1.000000
1.000000
1.000000
1.000000
1.000000
1.000000
1.000000
1.000000
1.000000
1.000000
0.999102
1.000000
1.000000
1.000000
1.000000
1.000000
1.000000
1.000000
1.000000
1.000000
1.000000
0.999102
1.000000
1.000000
1.000000
0.999102
1.000000
1.000000
1.000000
1.000000
1.000000
1.000000
0.999102
1.000000
1.000000
1.000000
1.000000
1.000000
1.000000
1.000000
1.000000
0.999102
1.000000
1.000000
1.000000
1.000000
1.000000
