954.203674
835.111511
740.864075
659.457153
588.495911
526.014587
471.230804
422.678741
379.460632
341.099121
306.957611
276.539551
249.451828
225.269608
203.685944
184.412231
167.172546
151.740311
137.916809
125.498512
114.355957
104.334999
95.298996
87.162506
79.819107
73.182793
67.181778
61.742367
56.807934
52.324158
48.241615
44.527729
41.140228
38.044617
35.216248
32.625469
30.248413
28.067797
26.062191
24.215416
22.516405
20.950054
19.502039
18.163712
16.930426
15.779657
14.718619
13.733397
12.819447
11.970608
11.181502
10.446531
9.765291
9.129859
8.536077
7.984792
7.470653
6.992128
6.543469
6.129103
5.737710
5.373772
5.033971
4.718418
4.422432
4.146113
3.888983
3.647685
3.423172
3.213234
3.016907
2.833721
2.663055
2.504735
2.355329
2.217328
2.087381
1.966536
1.854211
1.747989
1.649776
1.557943
1.472592
1.392676
1.317727
1.247870
1.182372
1.121128
1.064459
1.010723
0.960740
0.913969
0.869697
0.827646
0.789605
0.753434
0.720077
0.687865
0.657707
0.629592
0.603767
0.578605
0.554920
0.533668
0.512666
0.491956
0.474763
0.456627
0.439661
0.423837
0.408580
0.394640
0.381561
0.368020
0.356094
0.345228
0.333440
0.322518
0.314367
0.304067
0.292911
0.284335
0.275366
0.267403
0.259265
0.251880
0.243717
0.236848
0.229541
0.222617
0.216942
0.210144
0.204282
0.199606
0.192306
0.188909
0.183029
0.177181
0.172465
0.168945
0.162682
0.158200
0.153902
0.150971
0.147039
0.142930
0.138388
0.134907
0.131894
0.128110
0.124796
0.121920
0.119263
0.115866
0.114248
0.110576
0.108926
0.106155
0.103523
0.102838
0.099164
0.096274
0.094231
0.092061
0.090912
0.088448
0.088007
0.084747
0.083365
0.081131
0.078940
0.077548
0.076448
0.075798
0.073609
0.072192
0.070902
0.070042
0.068942
0.068044
0.066474
0.067627
0.065170
0.063889
0.063978
0.062579
0.062367
0.061447
0.059379
0.059452
0.058892
0.057255
0.056589
0.056260
0.055766
0.055225
0.054364
0.053364
0.053779
0.053108
0.052078
0.051085
0.051826
0.051798
0.049764
0.050158
0.050416
0.048409
0.048532
0.048118
0.046946
0.047011
0.045702
0.045749
0.046900
0.045451
0.044126
0.043746
0.045107
0.042923
0.042779
0.043566
0.041814
0.042046
0.040813
0.042012
0.041043
0.039542
0.039829
0.038935
0.038753
0.038489
0.038165
0.037824
0.039981
0.036935
0.036551
0.036918
0.036620
0.036408
