951.027832
826.574707
731.002563
649.898193
578.476440
515.735046
460.589722
412.015137
368.864044
330.876007
297.187744
267.273285
240.687393
217.088211
196.090240
177.338196
160.609665
145.656693
132.270584
120.283928
109.539642
99.881569
91.201378
83.382690
76.337830
69.976479
64.225983
59.020950
54.304401
50.025116
46.138645
42.599651
39.376804
36.434624
33.746582
31.289085
29.037457
26.972034
25.074015
23.329599
21.723112
20.242998
18.875689
17.615152
16.446928
15.366765
14.365034
13.436933
12.574868
11.772924
11.028165
10.334466
9.687527
9.085763
8.523518
7.999956
7.510033
7.052611
6.625350
6.225037
5.851820
5.500770
5.172002
4.865113
4.576364
4.306597
4.053130
3.815799
3.591990
3.382857
3.186347
3.002038
2.829547
2.666669
2.513985
2.370429
2.235807
2.108875
1.991293
1.878519
1.773832
1.675007
1.582436
1.495327
1.414422
1.337589
1.264868
1.197700
1.133892
1.074256
1.017651
0.965131
0.916334
0.868960
0.825098
0.784151
0.745896
0.709343
0.675164
0.643375
0.613229
0.585293
0.558721
0.532977
0.509750
0.487351
0.466707
0.446652
0.428185
0.410901
0.394528
0.378986
0.364096
0.350546
0.338155
0.325543
0.313326
0.302780
0.291754
0.282269
0.273437
0.263680
0.255540
0.248115
0.239877
0.232465
0.225292
0.220256
0.212349
0.206545
0.200940
0.195129
0.190154
0.185119
0.180544
0.176211
0.171688
0.167619
0.163712
0.160124
0.156642
0.153447
0.149489
0.146659
0.143757
0.140709
0.137875
0.136121
0.133103
0.130861
0.128122
0.126474
0.125013
0.121828
0.119640
0.121243
0.116571
0.113864
0.113246
0.110368
0.110046
0.107820
0.105861
0.106712
0.102519
0.100437
0.099795
0.099360
0.096297
0.094416
0.093869
0.092687
0.091379
0.089299
0.088955
0.087792
0.086134
0.084269
0.084186
0.082440
0.081457
0.081158
0.079718
0.078094
0.078238
0.076370
0.076327
0.074517
0.074751
0.074013
0.072425
0.073926
0.070460
0.069344
0.069156
0.068033
0.067047
0.067544
0.065439
0.064499
0.065487
0.063450
0.063061
0.062432
0.062034
0.061576
0.060669
0.059986
0.059289
0.058260
0.057725
0.057776
0.057078
0.055782
0.055087
0.055148
0.054155
0.053748
0.053051
0.053343
0.052109
0.051575
0.051074
0.050308
0.051275
0.050211
0.051767
0.048768
0.048010
0.047951
0.047507
0.047162
0.048323
0.047415
0.045713
0.045364
0.044786
0.046836
0.044365
0.043860
