0.378815
0.569120
0.665171
0.733393
0.763914
0.806104
0.842908
0.855476
0.885996
0.906643
0.920108
0.929084
0.936266
0.948833
0.954219
0.957810
0.957810
0.965889
0.972172
0.976661
0.978456
0.979354
0.979354
0.984740
0.985637
0.993716
0.991921
0.994614
0.996409
0.998205
0.997307
0.999102
0.999102
0.998205
0.999102
0.999102
1.000000
0.998205
0.999102
0.999102
1.000000
1.000000
1.000000
1.000000
1.000000
1.000000
1.000000
1.000000
1.000000
1.000000
1.000000
0.999102
1.000000
1.000000
1.000000
1.000000
1.000000
1.000000
1.000000
1.000000
0.999102
0.999102
1.000000
1.000000
1.000000
1.000000
1.000000
0.999102
1.000000
1.000000
1.000000
1.000000
0.999102
1.000000
1.000000
1.000000
1.000000
1.000000
1.000000
1.000000
0.999102
1.000000
1.000000
1.000000
1.000000
1.000000
1.000000
1.000000
1.000000
0.999102
1.000000
1.000000
1.000000
1.000000
1.000000
0.999102
0.999102
1.000000
1.000000
1.000000
1.000000
0.999102
1.000000
0.999102
0.999102
1.000000
1.000000
1.000000
1.000000
1.000000
0.999102
1.000000
1.000000
1.000000
0.999102
0.999102
1.000000
0.998205
1.000000
1.000000
0.999102
1.000000
1.000000
0.998205
1.000000
0.998205
0.999102
0.996409
0.999102
0.999102
1.000000
1.000000
0.999102
0.999102
0.999102
0.999102
0.999102
0.999102
0.999102
0.999102
0.999102
0.998205
0.999102
0.999102
0.999102
0.999102
1.000000
0.999102
1.000000
1.000000
1.000000
0.999102
0.999102
1.000000
0.999102
0.996409
0.999102
1.000000
1.000000
1.000000
0.998205
1.000000
1.000000
0.997307
1.000000
1.000000
1.000000
0.997307
1.000000
1.000000
1.000000
1.000000
1.000000
1.000000
1.000000
0.999102
1.000000
1.000000
1.000000
1.000000
1.000000
1.000000
1.000000
1.000000
0.999102
1.000000
1.000000
1.000000
1.000000
1.000000
1.000000
0.998205
1.000000
1.000000
1.000000
1.000000
1.000000
1.000000
1.000000
1.000000
1.000000
1.000000
1.000000
1.000000
1.000000
1.000000
1.000000
1.000000
1.000000
1.000000
1.000000
1.000000
1.000000
1.000000
1.000000
1.000000
1.000000
1.000000
1.000000
1.000000
1.000000
1.000000
1.000000
1.000000
1.000000
1.000000
0.999102
1.000000
1.000000
1.000000
1.000000
1.000000
1.000000
1.000000
1.000000
1.000000
1.000000
1.000000
1.000000
1.000000
