0.367145
0.542190
0.670557
0.701077
0.736086
0.812388
0.838420
0.878815
0.903950
0.916517
0.934470
0.951526
0.966786
0.970377
0.972172
0.984740
0.982047
0.983842
0.982047
0.984740
0.985637
0.986535
0.987433
0.987433
0.994614
0.991921
0.994614
0.992819
0.995512
0.995512
0.997307
0.999102
0.999102
0.999102
0.998205
0.998205
0.999102
0.999102
0.999102
0.999102
0.999102
0.999102
1.000000
1.000000
0.999102
1.000000
1.000000
0.999102
1.000000
0.999102
0.999102
0.999102
0.999102
1.000000
0.998205
1.000000
1.000000
1.000000
0.997307
1.000000
0.999102
0.999102
0.999102
0.998205
0.998205
0.999102
0.999102
0.999102
0.999102
0.999102
0.999102
0.999102
0.998205
0.999102
0.999102
0.999102
0.999102
0.999102
0.999102
0.999102
0.997307
0.998205
0.998205
0.999102
0.999102
0.997307
0.998205
0.999102
0.999102
0.997307
0.999102
0.955117
0.999102
0.999102
0.998205
0.998205
0.998205
0.998205
0.999102
0.998205
0.999102
0.999102
0.999102
0.999102
0.999102
0.999102
0.998205
0.999102
0.999102
0.999102
0.999102
0.999102
0.999102
0.999102
0.999102
0.999102
0.998205
0.999102
0.999102
0.999102
0.998205
0.999102
0.999102
0.998205
0.999102
0.999102
0.999102
0.998205
0.999102
0.999102
0.999102
0.998205
0.998205
0.999102
0.999102
0.999102
0.999102
0.998205
0.998205
0.998205
0.999102
0.999102
0.998205
0.998205
0.999102
0.998205
0.999102
1.000000
0.999102
0.999102
0.999102
0.999102
0.999102
0.999102
0.998205
0.999102
0.998205
0.998205
0.998205
0.999102
0.998205
0.999102
0.999102
0.999102
0.999102
0.998205
0.999102
0.999102
0.999102
0.999102
0.998205
0.998205
0.998205
0.999102
0.998205
0.999102
1.000000
0.999102
1.000000
0.999102
0.999102
0.999102
1.000000
0.998205
0.999102
1.000000
0.999102
0.999102
1.000000
0.999102
1.000000
0.999102
1.000000
0.999102
1.000000
1.000000
0.999102
0.999102
0.999102
0.999102
0.999102
0.999102
1.000000
1.000000
1.000000
1.000000
0.999102
1.000000
1.000000
1.000000
1.000000
1.000000
1.000000
1.000000
1.000000
1.000000
1.000000
1.000000
1.000000
1.000000
1.000000
1.000000
1.000000
1.000000
1.000000
1.000000
1.000000
1.000000
1.000000
1.000000
1.000000
1.000000
1.000000
1.000000
1.000000
1.000000
1.000000
1.000000
1.000000
1.000000
