1014.016602
902.736084
818.467529
748.658081
684.129578
625.715271
572.749023
524.421631
480.200104
439.756683
402.735565
368.935181
338.037689
309.812469
284.033539
260.444489
238.892426
219.183884
201.169144
184.691345
169.613739
155.819397
143.189117
131.625336
121.028679
111.325836
102.428429
94.282631
86.802933
79.945625
73.651375
67.875931
62.572083
57.702763
53.227295
49.115551
45.332169
41.855873
38.656681
35.713238
33.003345
30.508175
28.212143
26.095444
24.143412
22.345852
20.688240
19.160957
17.749683
16.447248
15.247830
14.138673
13.115594
12.170959
11.296870
10.489630
9.746451
9.055833
8.423690
7.830754
7.286585
6.782263
6.316548
5.885519
5.487767
5.118908
4.776025
4.459482
4.166198
3.893190
3.641175
3.406862
3.191598
2.988837
2.802265
2.630114
2.466986
2.317696
2.178130
2.048873
1.930735
1.817430
1.711841
1.616217
1.524862
1.441617
1.363082
1.288146
1.219984
1.157652
1.095301
1.155768
1.013346
0.956563
0.908454
0.864912
0.824157
0.786844
0.750300
0.716647
0.685709
0.656053
0.628005
0.601629
0.576566
0.552830
0.531463
0.507861
0.489057
0.469174
0.451275
0.433545
0.417267
0.401489
0.386565
0.372621
0.361419
0.346236
0.334127
0.322534
0.312466
0.300974
0.290155
0.280978
0.271187
0.262548
0.254416
0.246662
0.238892
0.231575
0.224335
0.218465
0.211100
0.205600
0.198722
0.193699
0.187392
0.181955
0.176630
0.172731
0.167250
0.162925
0.159188
0.155886
0.151358
0.147862
0.144171
0.141526
0.137840
0.134998
0.131967
0.129592
0.126872
0.125105
0.122305
0.120441
0.119989
0.116687
0.114534
0.111972
0.110927
0.108510
0.106919
0.105723
0.103778
0.102688
0.101076
0.099831
0.098225
0.097373
0.096145
0.094637
0.093848
0.091217
0.090918
0.089645
0.088221
0.087668
0.086042
0.085465
0.084291
0.084071
0.082602
0.082254
0.080765
0.079667
0.077792
0.077565
0.076431
0.075249
0.074568
0.075741
0.072487
0.071801
0.071269
0.070486
0.069716
0.069671
0.068073
0.068197
0.067916
0.065998
0.065211
0.064199
0.064124
0.063792
0.062803
0.062553
0.061598
0.060180
0.059801
0.059749
0.059346
0.057845
0.057621
0.057288
0.056200
0.055760
0.055308
0.055441
0.054391
0.052967
0.053607
0.051998
0.052093
0.051133
0.050636
0.050791
0.049929
0.049209
0.048906
0.048642
0.048417
0.047500
0.049031
0.046297
0.047337
0.045787
0.045341
0.044772
