1024.462158
914.887634
838.281433
767.919495
707.341980
652.053650
601.354553
555.734558
513.990662
475.954163
441.370300
409.359406
380.146759
353.309723
328.598053
305.898621
284.978058
265.655518
247.878586
231.374603
216.129883
201.990906
188.903641
176.717972
165.414948
154.907043
145.128616
136.010223
127.510231
119.583313
112.181175
105.266022
98.809982
92.745499
87.082245
81.779488
76.809517
72.143341
67.773895
63.677254
59.824978
56.211857
52.818970
49.628876
46.632797
43.819756
41.172096
38.685894
36.347260
34.149109
32.082233
30.138081
28.309587
26.591251
24.974346
23.455976
22.026373
20.682766
19.419832
18.232389
17.118465
16.069508
15.083613
14.157146
13.287890
12.471440
11.706135
10.985508
10.311125
9.677290
9.082627
8.524142
8.001931
7.511605
7.051224
6.620380
6.217474
5.837368
5.483727
5.151545
4.840232
4.548893
4.276948
4.020700
3.781671
3.558945
3.349340
3.153136
2.969765
2.799694
2.637147
2.486895
2.345727
2.214418
2.091003
1.975789
1.868484
1.768139
1.674087
1.584330
1.501326
1.424055
1.349810
1.282122
1.218222
1.158151
1.101804
1.048923
0.999806
0.953197
0.910292
0.869818
0.830032
0.793189
0.758424
0.726473
0.696037
0.667300
0.640098
0.614832
0.590878
0.568456
0.546799
0.525641
0.506840
0.487920
0.470764
0.454443
0.439587
0.424455
0.409237
0.395853
0.382866
0.370511
0.359695
0.347276
0.336011
0.326307
0.315689
0.307075
0.296869
0.288971
0.279764
0.271723
0.264365
0.257085
0.250506
0.242429
0.235923
0.229852
0.223244
0.217109
0.211400
0.205542
0.200758
0.194785
0.189601
0.185299
0.180385
0.175661
0.171587
0.166879
0.162520
0.158950
0.155431
0.151862
0.148742
0.145526
0.141383
0.138698
0.134256
0.132145
0.128395
0.125748
0.122588
0.119954
0.118528
0.114870
0.112090
0.111361
0.107699
0.105371
0.103896
0.102126
0.099063
0.097521
0.095563
0.095022
0.091426
0.090094
0.088136
0.086243
0.085251
0.084047
0.082207
0.080444
0.079895
0.077695
0.076339
0.076030
0.073591
0.072748
0.071610
0.070383
0.069360
0.068311
0.067238
0.065962
0.065465
0.064532
0.063095
0.062324
0.064734
0.061564
0.060368
0.060200
0.057628
0.056778
0.056135
0.056160
0.055462
0.055164
0.053532
0.052493
0.051679
0.052969
0.051339
0.050314
0.050022
0.049218
0.048358
0.048272
0.047413
0.046610
0.046054
0.045581
0.045255
0.045522
0.043903
0.044256
