0.393178
0.561939
0.622083
0.685817
0.720826
0.762119
0.785458
0.812388
0.840215
0.861759
0.873429
0.881508
0.895871
0.916517
0.933573
0.945242
0.948833
0.963196
0.964093
0.973070
0.976661
0.984740
0.977558
0.990126
0.991921
0.992819
0.992819
0.993716
0.996409
0.995512
0.995512
0.995512
0.991023
0.996409
0.997307
0.997307
0.995512
1.000000
0.998205
0.996409
0.997307
0.998205
0.997307
0.999102
1.000000
0.999102
0.999102
0.999102
1.000000
0.999102
1.000000
0.999102
1.000000
1.000000
1.000000
0.999102
1.000000
0.998205
0.999102
1.000000
0.997307
0.998205
0.999102
0.999102
0.999102
0.999102
0.998205
0.999102
0.999102
0.998205
0.998205
0.999102
0.999102
0.998205
0.998205
0.998205
0.999102
0.999102
0.999102
0.999102
0.999102
0.999102
0.998205
0.998205
0.999102
0.999102
0.999102
0.999102
0.999102
0.997307
0.999102
0.999102
0.999102
0.999102
0.999102
0.999102
0.999102
0.998205
0.998205
0.998205
0.998205
0.998205
0.999102
0.999102
0.998205
0.999102
0.999102
0.998205
0.999102
0.999102
0.999102
0.998205
0.998205
0.998205
0.999102
0.999102
0.999102
0.999102
0.999102
0.999102
0.999102
0.998205
0.999102
0.999102
0.999102
0.998205
0.998205
0.998205
0.999102
0.998205
0.999102
0.998205
0.999102
0.999102
0.998205
0.999102
0.999102
0.999102
0.999102
0.998205
0.999102
0.999102
0.999102
0.999102
0.999102
0.999102
0.998205
0.999102
0.998205
0.999102
0.999102
0.999102
0.999102
0.999102
0.999102
0.999102
0.999102
0.999102
0.999102
0.999102
0.999102
0.999102
0.999102
0.999102
0.999102
0.999102
0.999102
0.999102
1.000000
0.998205
0.999102
0.999102
0.999102
0.999102
1.000000
1.000000
0.999102
1.000000
1.000000
0.997307
1.000000
0.999102
0.999102
0.999102
1.000000
1.000000
1.000000
0.998205
1.000000
0.999102
0.999102
1.000000
1.000000
0.999102
1.000000
1.000000
1.000000
1.000000
1.000000
1.000000
1.000000
1.000000
1.000000
1.000000
1.000000
1.000000
1.000000
1.000000
0.999102
1.000000
1.000000
1.000000
0.998205
1.000000
1.000000
1.000000
1.000000
1.000000
1.000000
1.000000
1.000000
1.000000
1.000000
1.000000
1.000000
0.999102
0.999102
1.000000
1.000000
1.000000
1.000000
1.000000
1.000000
1.000000
1.000000
1.000000
1.000000
1.000000
1.000000
1.000000
