995.611389
884.077454
804.154053
730.035706
666.778870
609.576721
558.383606
511.945587
470.384033
432.835022
398.826660
367.827332
339.652954
313.975616
290.538300
269.114929
249.508682
231.535828
215.051620
199.900330
185.967072
173.139206
161.296280
150.376694
140.279694
130.934616
122.287048
114.269501
106.822365
99.911057
93.486778
87.513390
81.945625
76.762062
71.922485
67.411217
63.194897
59.254715
55.571384
52.128304
48.902092
45.882446
43.051868
40.401817
37.914310
35.584339
33.398651
31.343437
29.421024
27.610380
25.915375
24.320225
22.823721
21.417820
20.097050
18.856306
17.690895
16.599501
15.571422
14.603989
13.697222
12.843716
12.045654
11.292305
10.586861
9.923404
9.301333
8.722007
8.170638
7.657144
7.176204
6.723079
6.299870
5.903066
5.533398
5.180816
4.854218
4.548716
4.262310
3.994370
3.744141
3.507533
3.289012
3.085262
2.894897
2.712399
2.543310
2.387351
2.243245
2.105520
1.983307
1.861115
1.747979
1.645246
1.548409
1.458248
1.379166
1.297029
1.227492
1.159396
1.091765
1.035846
0.978531
0.927403
0.878223
0.929114
0.803590
0.756837
0.717527
0.684891
0.650733
0.619972
0.592567
0.595886
0.546017
0.520151
0.497362
0.478554
0.457953
0.437775
0.421277
0.405935
0.390598
0.373707
0.360612
0.348521
0.336656
0.324641
0.310421
0.303155
0.290734
0.280743
0.276044
0.260626
0.251486
0.271875
0.239428
0.228277
0.218937
0.213215
0.208242
0.197330
0.192750
0.185772
0.184760
0.173758
0.168705
0.163760
0.159010
0.154650
0.150446
0.147313
0.140297
0.137631
0.132929
0.128940
0.125512
0.127660
0.119843
0.115934
0.113888
0.110213
0.107537
0.106423
0.102053
0.099725
0.098471
0.096060
0.093834
0.093047
0.090269
0.087313
0.085606
0.084521
0.097470
0.083409
0.080164
0.078962
0.077440
0.075949
0.075302
0.074591
0.072594
0.073069
0.072386
0.070097
0.069357
0.068407
0.067871
0.065927
0.065948
0.065269
0.065747
0.063414
0.063666
0.110999
0.076420
0.068905
0.065752
0.063437
0.061889
0.061177
0.060437
0.060243
0.059590
0.058369
0.057859
0.057511
0.057061
0.056828
0.056612
0.055380
0.055315
0.054623
0.054719
0.054147
0.054546
0.054404
0.052863
0.051920
0.052233
0.051903
0.052733
0.050619
0.050501
0.049315
0.049475
0.049689
0.048544
0.050229
0.047688
0.048691
0.046978
0.053374
0.048558
0.046411
0.046425
0.045900
0.045953
0.045086
