0.369838
0.561939
0.653501
0.711849
0.742370
0.781867
0.824955
0.857271
0.902154
0.921903
0.930880
0.940754
0.961400
0.968582
0.977558
0.978456
0.982944
0.984740
0.985637
0.982944
0.980251
0.990126
0.989228
0.989228
0.994614
0.992819
0.996409
0.992819
0.997307
0.998205
0.999102
0.998205
1.000000
0.999102
0.999102
1.000000
0.999102
1.000000
1.000000
0.999102
0.999102
1.000000
0.999102
1.000000
1.000000
1.000000
1.000000
1.000000
0.999102
1.000000
0.999102
0.999102
0.999102
1.000000
1.000000
1.000000
0.999102
0.999102
0.998205
0.999102
0.998205
0.999102
0.999102
0.999102
1.000000
0.999102
1.000000
0.998205
1.000000
0.999102
0.999102
0.998205
0.999102
0.999102
0.997307
1.000000
1.000000
0.998205
0.999102
1.000000
0.999102
0.999102
0.999102
0.999102
0.999102
0.999102
0.999102
0.999102
0.998205
0.999102
0.999102
1.000000
1.000000
0.999102
0.999102
0.999102
0.996409
0.999102
0.993716
0.999102
0.999102
1.000000
0.998205
0.998205
0.999102
0.942549
1.000000
0.999102
0.999102
0.997307
1.000000
1.000000
1.000000
0.986535
1.000000
1.000000
0.999102
0.997307
0.998205
0.999102
1.000000
0.999102
0.999102
1.000000
1.000000
0.995512
1.000000
0.998205
0.999102
0.998205
0.999102
0.999102
0.996409
1.000000
1.000000
0.989228
0.999102
1.000000
0.999102
0.998205
0.998205
1.000000
0.998205
1.000000
0.994614
1.000000
0.999102
1.000000
1.000000
0.999102
0.999102
0.998205
1.000000
1.000000
1.000000
1.000000
1.000000
0.999102
1.000000
1.000000
0.999102
1.000000
1.000000
0.999102
1.000000
1.000000
0.999102
1.000000
1.000000
0.999102
0.999102
1.000000
1.000000
1.000000
0.997307
1.000000
1.000000
1.000000
1.000000
1.000000
1.000000
0.999102
1.000000
0.999102
1.000000
1.000000
1.000000
0.999102
1.000000
1.000000
0.999102
0.999102
0.999102
0.999102
1.000000
0.999102
1.000000
1.000000
0.999102
1.000000
1.000000
1.000000
1.000000
0.999102
0.999102
1.000000
1.000000
1.000000
1.000000
1.000000
1.000000
1.000000
1.000000
1.000000
0.999102
0.999102
0.999102
1.000000
0.999102
1.000000
1.000000
1.000000
0.999102
0.999102
1.000000
1.000000
1.000000
0.999102
1.000000
1.000000
1.000000
0.999102
1.000000
1.000000
0.999102
1.000000
1.000000
0.999102
0.999102
1.000000
