0.377917
0.539497
0.609515
0.687612
0.702873
0.785458
0.840215
0.849192
0.869838
0.897666
0.909336
0.935368
0.956014
0.972172
0.977558
0.978456
0.983842
0.987433
0.987433
0.988330
0.991921
0.989228
0.990126
0.990126
0.991921
0.994614
0.995512
0.999102
1.000000
1.000000
0.998205
0.999102
1.000000
1.000000
0.997307
0.997307
0.997307
1.000000
1.000000
0.999102
1.000000
0.999102
0.999102
0.998205
0.999102
1.000000
0.998205
1.000000
0.998205
0.998205
1.000000
0.999102
1.000000
0.998205
0.999102
1.000000
0.999102
0.998205
0.999102
0.999102
0.998205
0.998205
0.998205
0.999102
0.999102
0.997307
0.997307
0.998205
0.999102
0.998205
0.997307
0.998205
0.997307
0.997307
0.998205
0.997307
0.998205
0.997307
0.998205
0.996409
0.997307
0.999102
0.991921
0.998205
0.999102
0.999102
0.991921
0.998205
0.998205
0.998205
0.999102
0.998205
0.998205
0.997307
0.998205
0.997307
0.998205
0.998205
0.997307
0.999102
0.998205
0.996409
0.997307
0.998205
0.997307
0.998205
0.998205
0.998205
0.999102
0.995512
0.994614
0.998205
0.999102
0.998205
0.998205
0.998205
0.999102
0.997307
0.999102
0.999102
0.999102
0.997307
0.999102
0.996409
0.999102
0.998205
0.999102
0.995512
0.999102
0.998205
0.999102
0.999102
0.999102
0.999102
0.999102
0.998205
0.999102
0.999102
0.999102
0.999102
0.999102
0.998205
0.999102
0.998205
0.999102
0.999102
0.999102
0.998205
0.998205
0.999102
0.999102
0.999102
0.999102
0.999102
0.999102
0.999102
0.999102
0.999102
0.999102
0.999102
0.999102
1.000000
0.999102
0.999102
0.998205
0.999102
0.999102
1.000000
0.999102
0.998205
0.998205
0.999102
1.000000
1.000000
1.000000
0.998205
0.997307
1.000000
0.998205
1.000000
0.999102
0.998205
1.000000
0.999102
1.000000
0.999102
0.999102
0.999102
0.999102
0.999102
1.000000
1.000000
0.999102
1.000000
0.999102
1.000000
1.000000
0.998205
0.999102
0.999102
1.000000
1.000000
1.000000
1.000000
0.999102
0.998205
0.999102
1.000000
1.000000
1.000000
0.999102
1.000000
1.000000
1.000000
1.000000
1.000000
1.000000
1.000000
1.000000
1.000000
1.000000
1.000000
1.000000
1.000000
1.000000
1.000000
1.000000
1.000000
1.000000
1.000000
1.000000
1.000000
1.000000
1.000000
1.000000
1.000000
1.000000
1.000000
1.000000
1.000000
