1015.041504
912.334900
828.502258
755.605286
693.128540
636.087402
584.910156
538.729126
496.372955
457.525482
421.907928
389.295715
359.413300
332.024933
306.914368
283.877899
262.721069
243.311813
225.495316
209.095886
194.026001
180.165161
167.394577
155.634506
144.782303
134.771408
125.536148
116.993156
109.106644
101.803757
95.047363
88.782593
82.975395
77.588043
72.585289
67.942406
63.620171
59.600887
55.859859
52.376518
49.129723
46.099949
43.279457
40.640266
38.176331
35.875999
33.724503
31.707706
29.829374
28.062111
26.410894
24.864113
23.414410
22.054747
20.777788
19.579964
18.455776
17.400726
16.408279
15.475770
14.600736
13.776971
13.001975
12.272978
11.589446
10.945163
10.336464
9.761965
9.223183
8.715055
8.236490
7.785260
7.357374
6.955696
6.576077
6.218846
5.882494
5.562610
5.261056
4.979965
4.710758
4.456283
4.226593
3.992566
3.779043
3.578399
3.401433
3.211252
3.041875
2.881404
2.731014
2.588413
2.453504
2.327793
2.207916
2.095449
1.987885
1.887095
1.794022
1.701909
1.615428
1.540455
1.460026
1.388945
1.323176
1.257927
1.197549
1.141473
1.087769
1.038260
1.003623
0.946152
0.902510
0.861378
0.824676
0.788699
0.754423
0.721139
0.691582
0.661181
0.633809
0.612631
0.583400
0.562848
0.538123
0.517759
0.497951
0.482747
0.461207
0.449206
0.429052
0.413809
0.398978
0.384458
0.370731
0.357701
0.345374
0.334974
0.322943
0.312265
0.301085
0.291352
0.281922
0.272540
0.263467
0.255408
0.247302
0.239560
0.233123
0.226114
0.218152
0.213253
0.227022
0.206037
0.197480
0.190543
0.184637
0.179798
0.173423
0.168943
0.163998
0.159548
0.156015
0.151042
0.147991
0.143397
0.139990
0.135585
0.131745
0.129066
0.127098
0.123128
0.119365
0.116303
0.113631
0.111897
0.111463
0.105669
0.105042
0.101788
0.099167
0.097870
0.094930
0.093405
0.091276
0.089178
0.088655
0.085763
0.084463
0.083543
0.090106
0.080888
0.079669
0.077588
0.076226
0.075685
0.074233
0.074466
0.071834
0.070688
0.070078
0.069449
0.067606
0.066910
0.066371
0.071535
0.064523
0.063578
0.062857
0.062486
0.087332
0.067434
0.064154
0.062707
0.061381
0.060741
0.059603
0.058843
0.058225
0.057712
0.057392
0.056762
0.056407
0.055931
0.055375
0.054945
0.055027
0.053799
0.052979
0.053096
0.052140
0.051697
0.051008
0.050541
0.049897
0.049653
0.049167
0.048792
0.048354
0.047858
