1002.998108
871.375061
771.320251
692.540833
625.453308
565.622070
513.066589
467.073425
425.897491
389.503540
356.871429
327.651001
301.389862
277.702484
256.330322
237.042557
219.613632
203.808670
189.455917
176.380737
164.441757
153.531128
143.529724
134.330338
125.870483
118.065331
110.854027
104.171432
97.975937
92.212730
86.848541
81.839302
77.163681
72.787758
68.686775
64.838600
61.223652
57.824226
54.623199
51.606785
48.761730
46.076546
43.544380
41.148540
38.881203
36.739529
34.713448
32.796062
30.982841
29.262941
27.638893
26.099310
24.642927
23.263826
21.959076
20.725925
19.556005
18.451159
17.407259
16.419607
15.484059
14.601710
13.769927
12.986467
12.234303
11.531655
10.868120
10.239064
9.646850
9.090326
8.563898
8.068463
7.600359
7.158740
6.744614
6.352904
5.985311
5.637976
5.313467
5.007835
4.721158
4.448198
4.191871
3.949232
3.726321
3.513376
3.314602
3.132969
2.955273
2.786381
2.632260
2.490482
2.352237
2.224328
2.103698
1.988818
1.882643
1.784509
1.689260
1.613543
1.519608
1.443339
1.370325
1.301771
1.236520
1.191305
1.125745
1.069992
1.020969
0.972284
0.927447
0.887229
0.845307
0.807528
0.772295
0.738918
0.706409
0.680996
0.650485
0.621976
0.596536
0.573314
0.551763
0.526571
0.507298
0.486773
0.467355
0.450866
0.432046
0.416331
0.400393
0.387303
0.371720
0.356601
0.345535
0.332905
0.319588
0.308158
0.303256
0.287423
0.277091
0.265703
0.256769
0.247838
0.238911
0.231958
0.222792
0.214957
0.208595
0.200571
0.192459
0.186683
0.180627
0.176289
0.168799
0.163848
0.159015
0.153584
0.149995
0.145222
0.140997
0.136376
0.132670
0.131604
0.125433
0.122876
0.119918
0.117269
0.113357
0.110487
0.110547
0.106110
0.104709
0.101048
0.100178
0.096777
0.094413
0.093028
0.091875
0.089141
0.087547
0.085562
0.086109
0.083187
0.082133
0.080946
0.079292
0.078803
0.077219
0.076505
0.074653
0.073191
0.073252
0.071249
0.070732
0.069567
0.068349
0.067992
0.067243
0.067238
0.066573
0.065124
0.064545
0.063572
0.062504
0.062726
0.060972
0.060411
0.059100
0.058901
0.059611
0.057467
0.056728
0.057409
0.056408
0.055840
0.054621
0.054272
0.054998
0.053280
0.052706
0.052536
0.053088
0.050529
0.050355
0.052215
0.049454
0.048494
0.048701
0.048520
0.048069
0.047361
0.046699
0.048468
0.045293
0.045361
0.046674
0.045096
0.044411
0.043401
