0.347397
0.518851
0.623878
0.685817
0.723519
0.771993
0.819569
0.855476
0.893178
0.904847
0.908438
0.907540
0.926391
0.919210
0.936266
0.958707
0.979354
0.984740
0.984740
0.991921
0.994614
0.990126
0.987433
0.994614
0.993716
0.993716
0.996409
0.996409
0.995512
0.998205
0.998205
0.997307
0.999102
0.997307
0.996409
0.997307
0.997307
0.998205
0.999102
0.998205
0.997307
0.997307
0.998205
0.997307
0.998205
0.998205
0.998205
0.997307
0.999102
0.998205
0.999102
0.999102
0.997307
0.999102
1.000000
0.999102
0.999102
1.000000
0.999102
0.999102
0.999102
0.998205
0.997307
0.997307
0.999102
1.000000
0.999102
0.999102
1.000000
1.000000
0.999102
1.000000
0.999102
1.000000
1.000000
1.000000
1.000000
1.000000
0.998205
0.999102
0.999102
0.999102
0.999102
1.000000
0.999102
0.999102
0.999102
0.997307
0.998205
0.999102
0.997307
0.999102
0.999102
0.998205
0.998205
0.999102
1.000000
0.997307
0.999102
0.989228
0.999102
0.999102
0.999102
0.997307
0.999102
0.997307
0.999102
0.999102
0.999102
0.998205
0.998205
0.999102
0.999102
0.998205
0.999102
0.999102
0.999102
0.998205
0.997307
0.997307
0.998205
0.998205
0.998205
0.999102
0.998205
0.999102
1.000000
0.998205
0.999102
0.999102
0.998205
0.998205
0.998205
0.998205
0.997307
0.998205
0.998205
0.998205
0.994614
0.998205
0.999102
0.998205
0.999102
0.999102
0.998205
0.999102
0.999102
0.999102
0.998205
0.999102
0.999102
0.999102
0.998205
0.998205
0.999102
0.999102
0.999102
1.000000
0.998205
0.999102
1.000000
0.999102
0.999102
0.998205
1.000000
1.000000
0.999102
0.998205
1.000000
0.999102
0.998205
0.999102
0.999102
1.000000
1.000000
1.000000
1.000000
0.999102
0.999102
0.999102
0.999102
1.000000
0.999102
1.000000
1.000000
1.000000
1.000000
0.999102
1.000000
1.000000
1.000000
1.000000
1.000000
1.000000
0.999102
1.000000
1.000000
1.000000
1.000000
0.999102
0.999102
1.000000
1.000000
1.000000
1.000000
1.000000
1.000000
1.000000
1.000000
1.000000
0.999102
1.000000
1.000000
1.000000
1.000000
1.000000
1.000000
1.000000
1.000000
1.000000
1.000000
1.000000
0.999102
1.000000
1.000000
1.000000
1.000000
1.000000
1.000000
1.000000
1.000000
1.000000
1.000000
0.999102
1.000000
1.000000
1.000000
1.000000
1.000000
1.000000
