1010.256348
885.781860
788.759399
710.619629
643.438721
583.752991
530.151306
481.885803
438.488739
399.283020
363.923615
331.886658
302.914215
276.664886
252.833832
231.229980
211.616714
193.795609
177.592514
162.824219
149.371414
137.120880
125.940071
115.731911
106.410957
97.890823
90.094170
82.963730
76.430550
70.445099
64.959671
59.924873
55.307602
51.066837
47.169537
43.588772
40.295422
37.266041
34.477726
31.909262
29.546120
27.366383
25.358690
23.506704
21.798092
20.221903
18.767445
17.424057
16.183405
15.036701
13.977574
12.998473
12.092868
11.255234
10.480585
9.763197
9.100371
8.486070
7.916486
7.390023
6.901308
6.448688
6.029755
5.640119
5.279305
4.944903
4.633963
4.345275
4.076939
3.828061
3.596286
3.380740
3.180227
2.993649
2.819957
2.658278
2.506535
2.365068
2.233728
2.111047
1.995391
1.887651
1.787573
1.692794
1.604844
1.521139
1.443510
1.370281
1.303757
1.235545
1.175546
1.117542
1.063146
1.012786
0.964321
0.918804
0.875649
0.834483
0.795697
0.758967
0.724909
0.693141
0.661001
0.630405
0.603351
0.575360
0.549855
0.525594
0.504257
0.481413
0.460366
0.440816
0.424160
0.403496
0.387259
0.371390
0.354698
0.340549
0.326980
0.312804
0.301395
0.290534
0.277625
0.267216
0.255437
0.247143
0.237781
0.231006
0.220089
0.211993
0.205158
0.198573
0.194448
0.183670
0.177652
0.172638
0.167071
0.162108
0.156813
0.151454
0.150382
0.142299
0.138311
0.134853
0.130730
0.128214
0.124790
0.122534
0.119279
0.115301
0.112451
0.110682
0.107916
0.107833
0.104099
0.101649
0.099684
0.097364
0.096883
0.094421
0.094678
0.091388
0.088889
0.089460
0.086915
0.088383
0.083985
0.082518
0.080586
0.079514
0.079068
0.077490
0.078273
0.075749
0.074077
0.073512
0.073451
0.072063
0.069807
0.069519
0.070231
0.067469
0.067628
0.066832
0.065459
0.065280
0.063648
0.063766
0.063499
0.062246
0.060852
0.059687
0.059837
0.058599
0.057996
0.059123
0.057194
0.056752
0.056034
0.056345
0.055632
0.053257
0.053033
0.052364
0.052592
0.051090
0.051011
0.050105
0.049594
0.049330
0.048988
0.047721
0.048366
0.047093
0.046821
0.046221
0.090657
0.053392
0.048444
0.046507
0.045633
0.044946
0.044347
0.043831
0.043517
0.042960
0.042638
0.042607
0.042056
0.041552
0.041760
0.041184
0.040874
0.040321
0.040299
0.040292
0.039459
0.039550
0.038699
0.038737
