0.406643
0.551167
0.662478
0.749551
0.824057
0.849192
0.867145
0.889587
0.903950
0.919210
0.927289
0.930880
0.945242
0.952424
0.961400
0.970377
0.978456
0.978456
0.983842
0.985637
0.989228
0.987433
0.991023
0.995512
0.991023
0.996409
0.996409
0.998205
0.998205
0.998205
0.998205
0.998205
1.000000
0.997307
0.999102
0.998205
0.999102
0.998205
0.999102
1.000000
1.000000
1.000000
1.000000
1.000000
1.000000
1.000000
1.000000
1.000000
0.999102
1.000000
0.999102
0.999102
1.000000
0.999102
0.999102
0.999102
1.000000
0.999102
0.999102
0.999102
0.999102
0.999102
0.999102
0.999102
0.999102
0.999102
0.999102
0.999102
0.999102
0.999102
0.999102
0.999102
0.999102
0.999102
0.999102
0.999102
0.999102
0.999102
0.999102
0.999102
0.999102
0.999102
0.999102
0.999102
0.999102
0.999102
0.999102
0.999102
0.997307
0.999102
0.999102
0.999102
0.999102
0.999102
0.999102
0.999102
0.999102
0.999102
0.999102
0.999102
0.999102
0.998205
0.998205
0.999102
0.999102
0.999102
0.999102
0.999102
0.998205
0.999102
0.999102
0.999102
0.997307
0.999102
0.998205
0.999102
0.999102
0.999102
0.999102
0.999102
0.999102
0.998205
0.999102
0.999102
0.999102
0.999102
0.999102
0.998205
0.999102
0.999102
1.000000
0.997307
0.997307
0.999102
0.999102
0.999102
1.000000
0.999102
0.999102
0.999102
0.998205
0.999102
0.999102
0.999102
0.999102
0.999102
0.999102
0.999102
0.999102
0.999102
0.999102
1.000000
1.000000
0.997307
1.000000
1.000000
0.999102
0.999102
0.999102
1.000000
0.998205
0.999102
1.000000
0.998205
1.000000
0.998205
1.000000
1.000000
1.000000
0.999102
1.000000
1.000000
1.000000
1.000000
1.000000
1.000000
0.999102
1.000000
1.000000
0.999102
1.000000
1.000000
1.000000
1.000000
1.000000
0.999102
1.000000
1.000000
1.000000
0.999102
1.000000
1.000000
1.000000
1.000000
1.000000
1.000000
1.000000
1.000000
0.999102
1.000000
0.999102
1.000000
1.000000
1.000000
1.000000
1.000000
1.000000
1.000000
1.000000
1.000000
1.000000
1.000000
1.000000
1.000000
1.000000
1.000000
0.998205
1.000000
1.000000
1.000000
1.000000
1.000000
1.000000
1.000000
1.000000
1.000000
1.000000
1.000000
1.000000
1.000000
1.000000
1.000000
1.000000
1.000000
1.000000
1.000000
1.000000
1.000000
1.000000
1.000000
