0.369428
0.528782
0.655669
0.731836
0.771499
0.804844
0.833801
0.854510
0.869779
0.882941
0.892067
0.900316
0.911548
0.922078
0.927343
0.932959
0.938575
0.945244
0.950509
0.953141
0.961039
0.958757
0.965953
0.971744
0.972095
0.972271
0.975079
0.974202
0.977009
0.980870
0.980344
0.981221
0.981221
0.984205
0.982450
0.984029
0.984556
0.984556
0.986311
0.984556
0.984731
0.984731
0.985609
0.987539
0.987364
0.987188
0.988066
0.986662
0.986135
0.988593
0.987539
0.986838
0.987715
0.986135
0.987364
0.987364
0.989119
0.986135
0.988417
0.988066
0.990348
0.990172
0.988593
0.988593
0.989645
0.988593
0.990874
0.988593
0.988066
0.988768
0.990172
0.990523
0.987188
0.987890
0.988417
0.986838
0.988944
0.989645
0.988944
0.988768
0.988768
0.987715
0.988593
0.989294
0.989645
0.989119
0.987539
0.989294
0.987013
0.989821
0.988417
0.989119
0.987715
0.987715
0.987188
0.988768
0.987188
0.989470
0.984731
0.984556
0.989119
0.984731
0.988593
0.987364
0.988066
0.989119
0.987890
0.989645
0.989294
0.988417
0.987715
0.989470
0.988593
0.988417
0.988241
0.989645
0.989294
0.987188
0.989119
0.988066
0.988241
0.989645
0.989645
0.989821
0.984907
0.988593
0.989996
0.991400
0.990523
0.989996
0.979291
0.989119
0.992278
0.991225
0.990874
0.990172
0.991927
0.991049
0.990874
0.992103
0.991400
0.991400
0.990172
0.991576
0.993331
0.992804
0.993331
0.993331
0.993331
0.992629
0.992804
0.994384
0.994910
0.993155
0.991751
0.993506
0.993331
0.992103
0.994384
0.994384
0.994910
0.995437
0.995086
0.994735
0.994209
0.995437
0.995788
0.995613
0.994910
0.994910
0.995613
0.993331
0.996139
0.995437
0.996665
0.996315
0.996139
0.996490
0.996315
0.996665
0.996139
0.995437
0.997192
0.996665
0.996841
0.996139
0.996490
0.994559
0.997016
0.995613
0.996841
0.996665
0.997368
0.996841
0.997016
0.997368
0.996665
0.996665
0.997192
0.996841
0.997543
0.997543
0.996490
0.996665
0.996841
0.997368
0.997368
0.997192
0.997543
0.997016
0.997016
0.997543
0.994384
0.996315
0.997543
0.997894
0.997368
0.998070
0.996841
0.997719
0.997894
0.997894
0.997894
0.997894
0.997543
0.998245
0.996841
0.997894
0.997894
0.997894
0.995261
0.997894
0.997894
0.998070
0.998070
0.998245
0.997368
0.997894
0.997719
0.997719
