951.111145
807.270569
719.556030
649.594482
587.576111
531.772156
481.489319
435.951233
394.856354
357.706665
324.063660
293.612305
266.127686
241.270782
218.807648
198.500092
180.131104
163.517639
148.475723
134.870789
122.539009
111.391632
101.280273
92.125198
83.831795
76.312233
69.495506
63.315247
57.703377
52.607758
47.985260
43.787762
39.976337
36.512817
33.366650
30.506487
27.906738
25.540590
23.388569
21.430676
19.651651
18.028049
16.551413
15.205349
13.979064
12.862078
11.843667
10.915945
10.066730
9.292266
8.586349
7.941575
7.352539
6.815373
6.321422
5.870942
5.459172
5.081006
4.734454
4.419564
4.124664
3.857121
3.611587
3.384824
3.176482
2.986650
2.807818
2.644863
2.494642
2.354528
2.225543
2.104166
1.994147
1.889380
1.793665
1.704205
1.620569
1.544065
1.471391
1.404161
1.341066
1.282995
1.226370
1.173587
1.124303
1.077920
1.034325
0.993064
0.955503
0.916921
0.882618
0.848638
0.816892
0.786799
0.758058
0.730960
0.704556
0.679732
0.661419
0.635209
0.611451
0.595460
0.570562
0.551136
0.532707
0.515113
0.498218
0.482251
0.466510
0.451592
0.437629
0.423414
0.409582
0.397057
0.385904
0.372507
0.361257
0.351866
0.338920
0.329575
0.322412
0.309700
0.300910
0.292220
0.292551
0.276067
0.268612
0.261247
0.254467
0.247465
0.254514
0.236263
0.228702
0.222528
0.217784
0.212713
0.206731
0.201633
0.197679
0.192246
0.189120
0.183786
0.180802
0.175856
0.172646
0.168435
0.165895
0.162411
0.160160
0.155986
0.153410
0.150341
0.147601
0.145437
0.142874
0.139753
0.137750
0.137255
0.133401
0.131948
0.130832
0.127620
0.126291
0.124312
0.122248
0.120412
0.118998
0.117466
0.116497
0.114675
0.113198
0.113554
0.110349
0.109408
0.108736
0.107562
0.105720
0.104292
0.103388
0.102508
0.101547
0.100589
0.098985
0.098211
0.097505
0.096808
0.095561
0.097043
0.093483
0.092954
0.091973
0.092830
0.090521
0.089776
0.088314
0.088093
0.087084
0.086590
0.085540
0.084563
0.084170
0.082905
0.083684
0.082474
0.082607
0.080878
0.079525
0.079447
0.078290
0.078444
0.077612
0.076198
0.080764
0.077518
0.074777
0.073874
0.074630
0.073066
0.073872
0.072013
0.071973
0.070825
0.070294
0.069909
0.070141
0.068835
0.069143
0.068020
0.067282
0.067303
0.071695
0.067087
0.065726
0.065112
0.065316
0.064368
0.063977
0.063658
0.063432
0.063037
