0.362057
0.374517
0.500000
0.560372
0.616708
0.691120
0.748684
0.793612
0.810109
0.829589
0.830993
0.813970
0.831169
0.870130
0.881011
0.889084
0.899263
0.909442
0.914356
0.921025
0.926816
0.930326
0.933134
0.937697
0.940505
0.941207
0.942085
0.944015
0.946648
0.948227
0.948929
0.952615
0.953317
0.957353
0.960161
0.961214
0.963496
0.964373
0.963496
0.968059
0.968410
0.972271
0.974728
0.974728
0.977360
0.977009
0.977360
0.979817
0.980870
0.981397
0.982450
0.982625
0.983152
0.981573
0.982976
0.983503
0.982801
0.982976
0.986135
0.984907
0.984731
0.986662
0.985960
0.985083
0.984205
0.986311
0.987364
0.987013
0.985784
0.988417
0.987013
0.988417
0.989294
0.988241
0.987715
0.988241
0.986486
0.988241
0.988066
0.987364
0.986662
0.984380
0.986662
0.988241
0.987890
0.988768
0.988417
0.987890
0.988768
0.989470
0.989821
0.988417
0.986311
0.987013
0.988944
0.988241
0.988768
0.988768
0.986311
0.988417
0.985784
0.988241
0.987364
0.987715
0.987013
0.986838
0.986662
0.987539
0.987715
0.988768
0.988241
0.988241
0.985433
0.986838
0.986838
0.988066
0.988241
0.988417
0.988593
0.988593
0.986662
0.987715
0.986311
0.988066
0.988768
0.987364
0.989470
0.988768
0.989294
0.988593
0.988944
0.988241
0.988768
0.987188
0.989119
0.989119
0.988768
0.989294
0.989294
0.951913
0.988417
0.989821
0.988944
0.989294
0.986486
0.989645
0.989470
0.990348
0.990874
0.989645
0.990699
0.989645
0.990874
0.992103
0.991576
0.992629
0.992103
0.990699
0.991751
0.991927
0.992454
0.992980
0.990523
0.992103
0.992103
0.991927
0.992980
0.992103
0.991927
0.987364
0.992103
0.989645
0.992804
0.994384
0.993506
0.993506
0.993155
0.992980
0.993155
0.993331
0.992103
0.994209
0.994209
0.994735
0.995086
0.995437
0.994384
0.995261
0.996490
0.994384
0.992980
0.995086
0.994910
0.996490
0.995964
0.995964
0.996315
0.996315
0.994735
0.995964
0.995788
0.996315
0.995613
0.995964
0.996139
0.996315
0.995086
0.996139
0.995964
0.996315
0.996841
0.996665
0.995086
0.994033
0.996490
0.997016
0.997016
0.996841
0.997368
0.996841
0.996841
0.997016
0.976658
0.996315
0.997192
0.997016
0.997368
0.997368
0.997192
0.997368
0.997192
0.997719
0.996841
0.997719
0.997543
0.997543
0.997543
0.997719
0.997192
0.997719
