995.331726
871.426147
767.292847
677.440735
597.334473
533.563354
479.364227
432.030975
390.319519
353.298553
320.301483
290.953766
263.769135
239.133545
217.408798
197.803848
180.077454
164.066498
149.606003
136.533676
124.697670
114.007172
104.331993
95.557449
87.603683
80.393120
73.855522
67.910820
62.514072
57.606598
53.142719
49.083408
45.385403
42.011677
38.934856
36.127327
33.559978
31.213655
29.067692
27.093788
25.285753
23.623373
22.095308
20.687014
19.388338
18.189516
17.080893
16.053461
15.103070
14.219322
13.399379
12.635298
11.923441
11.259580
10.637859
10.057650
9.513679
9.004963
8.524039
8.074356
7.650945
7.251740
6.875373
6.521266
6.186590
5.869752
5.569999
5.286952
5.020877
4.767656
4.526863
4.299106
4.082664
3.879526
3.685566
3.500828
3.326477
3.160080
3.002966
2.853401
2.710813
2.578561
2.448303
2.325804
2.211377
2.101008
1.997115
1.898102
1.805900
1.715761
1.631715
1.551274
1.476433
1.404484
1.336521
1.270777
1.208873
1.150854
1.096382
1.042856
0.995748
0.946529
0.901170
0.859537
0.819954
0.782514
0.746957
0.710572
0.677469
0.647275
0.618173
0.590716
0.568453
0.545180
0.519341
0.495802
0.475232
0.455589
0.436785
0.421328
0.405783
0.387130
0.377100
0.358590
0.344149
0.332524
0.319598
0.309339
0.297548
0.287830
0.277888
0.270942
0.261159
0.254311
0.245091
0.238473
0.231540
0.224668
0.218591
0.257932
0.209419
0.202868
0.199987
0.193767
0.206155
0.190833
0.185308
0.181419
0.177609
0.175394
0.171411
0.169587
0.166227
0.163867
0.161146
0.159250
0.157717
0.155207
0.152647
0.151225
0.149108
0.147136
0.145905
0.143746
0.142162
0.140315
0.138718
0.139049
0.136073
0.139602
0.133651
0.133059
0.129644
0.128791
0.127203
0.125905
0.124919
0.123335
0.122244
0.120884
0.121361
0.118428
0.116944
0.116226
0.115074
0.113563
0.112890
0.112113
0.110967
0.110640
0.109547
0.109830
0.107746
0.105957
0.105792
0.104327
0.104438
0.102504
0.102630
0.101151
0.101178
0.099603
0.098888
0.097952
0.097279
0.096191
0.096467
0.094467
0.093796
0.093069
0.092502
0.091526
0.091278
0.091867
0.089213
0.088795
0.087602
0.086792
0.086463
0.085762
0.085292
0.084667
0.123551
0.088017
0.084260
0.083526
0.082422
0.081856
0.081013
0.080842
0.080244
0.079552
0.079240
0.078589
0.078231
0.077238
0.076622
0.076998
0.076133
0.075220
