0.395753
0.518779
0.639523
0.726044
0.768691
0.798701
0.825728
0.847841
0.867673
0.888382
0.899263
0.909617
0.916637
0.921727
0.928747
0.935065
0.938048
0.940856
0.948929
0.950509
0.952264
0.958231
0.957704
0.961741
0.961916
0.964900
0.966479
0.967883
0.969638
0.972095
0.973499
0.974026
0.975079
0.976834
0.976834
0.978940
0.979115
0.980168
0.980344
0.979993
0.981573
0.980695
0.980695
0.981573
0.982099
0.982450
0.982099
0.982801
0.982099
0.982801
0.982099
0.981397
0.981046
0.980870
0.980870
0.981046
0.980695
0.980519
0.980168
0.980344
0.979817
0.979466
0.980519
0.979993
0.979993
0.978764
0.979466
0.979291
0.979291
0.979466
0.979466
0.979115
0.978764
0.979115
0.978238
0.978940
0.978764
0.978940
0.977360
0.977536
0.978764
0.977360
0.977711
0.977360
0.976834
0.977185
0.978589
0.979466
0.978238
0.978764
0.978940
0.979993
0.980344
0.979817
0.981397
0.980168
0.981573
0.981748
0.982099
0.981748
0.982450
0.982274
0.982099
0.984205
0.983328
0.983854
0.982625
0.983854
0.983678
0.984907
0.985083
0.985609
0.983503
0.988768
0.988241
0.988241
0.989821
0.987364
0.989294
0.988593
0.987715
0.989996
0.989645
0.989470
0.991927
0.991225
0.988241
0.991751
0.991225
0.991225
0.992278
0.991927
0.990874
0.989119
0.989996
0.991927
0.988768
0.993506
0.993331
0.992980
0.992454
0.992980
0.992980
0.993506
0.993858
0.993682
0.994033
0.994559
0.992454
0.993858
0.992103
0.995261
0.993858
0.994384
0.994735
0.995613
0.995613
0.994735
0.994384
0.994735
0.994735
0.995437
0.994735
0.994910
0.993682
0.996315
0.993682
0.995261
0.995964
0.995613
0.996315
0.995437
0.996665
0.996315
0.996665
0.995613
0.996490
0.996841
0.995086
0.996315
0.996665
0.997016
0.995613
0.996841
0.996665
0.995964
0.996665
0.996665
0.997192
0.996665
0.996315
0.996139
0.996841
0.996665
0.997543
0.997543
0.997016
0.997016
0.997543
0.995086
0.997192
0.997192
0.997719
0.997016
0.996315
0.997894
0.997894
0.997192
0.997719
0.997719
0.996841
0.996315
0.997719
0.997719
0.998245
0.998245
0.997894
0.997719
0.997719
0.998070
0.997719
0.997543
0.998070
0.997719
0.997894
0.998245
0.998420
0.998070
0.998245
0.998070
0.998596
0.998245
0.998070
0.998420
0.998596
0.998420
0.998420
0.998070
0.998596
0.998771
