893.826599
779.099731
687.878784
614.637451
550.188293
492.645905
441.208771
395.289429
354.272308
317.607574
284.813721
255.456055
229.170639
205.643661
184.565002
165.680786
148.775375
133.623489
120.053337
107.895538
97.002121
87.244316
78.501373
70.663811
63.639778
57.343376
51.696842
46.636612
42.096741
38.025543
34.373600
31.096880
28.155428
25.514664
23.143311
21.012474
19.097483
17.376257
15.827817
14.434196
13.178856
12.048483
11.028180
10.107741
9.277296
8.526102
7.846664
7.231898
6.674804
6.169329
5.710415
5.293621
4.914393
4.568716
4.253889
3.966059
3.703248
3.462763
3.242074
3.039676
2.853410
2.682153
2.524752
2.379052
2.244551
2.120020
2.004586
1.897494
1.797758
1.704674
1.617849
1.536865
1.461550
1.390682
1.324605
1.262488
1.204178
1.149331
1.097757
1.048947
1.002850
0.959160
0.918024
0.879102
0.841914
0.807002
0.773719
0.742189
0.712219
0.683785
0.656622
0.630543
0.605438
0.581976
0.560063
0.539174
0.519350
0.500427
0.482699
0.465767
0.449350
0.433877
0.419120
0.405463
0.391890
0.379871
0.367219
0.355799
0.344571
0.334199
0.324175
0.315316
0.304788
0.290564
0.280435
0.271658
0.263729
0.255955
0.249371
0.242881
0.237655
0.230567
0.224790
0.219725
0.214825
0.209840
0.205655
0.200382
0.196679
0.191904
0.187438
0.184007
0.180158
0.177127
0.173695
0.170143
0.169627
0.164216
0.161765
0.159306
0.156538
0.154860
0.151972
0.150217
0.147726
0.145857
0.143792
0.141702
0.140083
0.138110
0.138248
0.134668
0.133526
0.131757
0.129994
0.129341
0.127602
0.126152
0.125216
0.123264
0.122081
0.120612
0.119757
0.118390
0.119514
0.116174
0.116321
0.114511
0.113221
0.112056
0.110906
0.109960
0.109069
0.108899
0.107433
0.106500
0.105310
0.104684
0.104636
0.102792
0.102089
0.101376
0.102232
0.099237
0.098839
0.098830
0.097155
0.096564
0.095676
0.095912
0.093958
0.093156
0.092136
0.091824
0.091111
0.090363
0.090032
0.088941
0.088301
0.090170
0.087091
0.086556
0.085606
0.085115
0.084262
0.083686
0.083026
0.083099
0.081795
0.081088
0.082043
0.081461
0.079489
0.079434
0.078466
0.078052
0.077161
0.077818
0.077271
0.075577
0.076421
0.075482
0.074924
0.074084
0.073754
0.072428
0.072369
0.072112
0.070986
0.071016
0.070343
0.070167
0.069897
0.069252
0.068345
0.068198
0.067676
0.067617
0.067149
0.066391
