902.237793
785.856445
698.566528
626.212402
561.799500
504.598450
453.845734
408.363586
367.735077
331.421631
299.010681
269.968140
243.947556
220.620041
199.680084
180.902924
164.047150
148.890717
135.253510
122.997498
111.946930
101.984955
93.002464
84.896523
77.573051
70.945717
64.960480
59.522175
54.600174
50.138031
46.079674
42.394356
39.040623
35.983021
33.196117
30.652010
28.327126
26.202650
24.257483
22.474072
20.838734
19.337391
17.957525
16.688986
15.521672
14.446107
13.454326
12.540353
11.694887
10.914951
10.193098
9.525597
8.907915
8.335972
7.804969
7.313174
6.857111
6.432803
6.039318
5.673962
5.333460
5.017366
4.722631
4.448608
4.192701
3.956317
3.733464
3.525913
3.332434
3.151648
2.985738
2.825753
2.678729
2.540869
2.412384
2.291626
2.178612
2.073695
1.974232
1.880094
1.793238
1.710123
1.632486
1.559263
1.490456
1.425952
1.364253
1.305286
1.250241
1.198211
1.149164
1.104520
1.058902
1.017839
0.977609
0.940090
0.905294
0.869716
0.839314
0.806554
0.777551
0.748756
0.721934
0.695871
0.673459
0.648003
0.625962
0.603935
0.583922
0.564644
0.544475
0.527266
0.509108
0.493166
0.476379
0.461136
0.446760
0.432230
0.419236
0.405836
0.392950
0.381195
0.369456
0.359218
0.347928
0.337530
0.327953
0.319417
0.309443
0.301281
0.292796
0.284732
0.276928
0.269904
0.263324
0.255807
0.249559
0.243909
0.237143
0.231368
0.228284
0.220607
0.216750
0.211551
0.205690
0.202444
0.198338
0.193011
0.189185
0.186315
0.182205
0.179618
0.174938
0.171803
0.168721
0.165673
0.162528
0.160457
0.157576
0.156854
0.152360
0.150037
0.147647
0.159779
0.144422
0.141658
0.139829
0.138224
0.136541
0.135096
0.133086
0.131735
0.130652
0.128370
0.128159
0.125999
0.124306
0.122730
0.121542
0.122259
0.119404
0.118161
0.116547
0.116043
0.119602
0.113857
0.113190
0.111892
0.110978
0.109323
0.109933
0.108476
0.107678
0.106175
0.105399
0.104322
0.104089
0.102483
0.102374
0.102524
0.104319
0.099130
0.100281
0.097689
0.098719
0.099010
0.095870
0.095413
0.095658
0.093230
0.092282
0.091828
0.091140
0.106036
0.090533
0.089446
0.088696
0.088112
0.088184
0.087391
0.086553
0.086358
0.085613
0.090295
0.083745
0.083168
0.083869
0.082931
0.082829
0.091460
0.082935
0.081515
0.080800
0.080050
0.079601
0.079278
0.078798
0.078382
0.077960
0.077701
