0.403475
0.464198
0.691120
0.735697
0.764479
0.797122
0.811337
0.828010
0.840821
0.863285
0.868375
0.878729
0.890839
0.894875
0.910319
0.912952
0.917339
0.921727
0.932257
0.930151
0.934714
0.939979
0.942962
0.950509
0.951562
0.958406
0.952088
0.961916
0.965075
0.965251
0.969638
0.968936
0.971042
0.971920
0.975079
0.974903
0.975254
0.976483
0.977185
0.979466
0.977887
0.977360
0.980695
0.979115
0.979642
0.980695
0.981748
0.978238
0.981748
0.981046
0.982274
0.982450
0.983328
0.983328
0.982625
0.983503
0.983152
0.983152
0.984029
0.983854
0.984205
0.983152
0.982976
0.983854
0.984907
0.982801
0.983328
0.983152
0.985258
0.984205
0.981221
0.983678
0.984380
0.984380
0.983678
0.984556
0.984380
0.981923
0.983854
0.983503
0.981923
0.983152
0.983152
0.983152
0.982801
0.985083
0.982625
0.983678
0.982976
0.984380
0.983152
0.983503
0.983503
0.981923
0.982976
0.982976
0.985433
0.984556
0.984380
0.984029
0.984907
0.984907
0.985609
0.986311
0.981046
0.985258
0.983678
0.987188
0.986662
0.987539
0.986662
0.988241
0.986838
0.987539
0.987013
0.986662
0.987890
0.987188
0.988241
0.988241
0.987715
0.989996
0.988768
0.986486
0.987890
0.987715
0.986662
0.990523
0.988593
0.987188
0.990699
0.988768
0.990172
0.989470
0.989645
0.990523
0.990699
0.989470
0.991225
0.990523
0.986486
0.990699
0.989294
0.990874
0.992454
0.991576
0.989470
0.992278
0.993155
0.991400
0.994209
0.991751
0.992980
0.993506
0.992980
0.993155
0.994033
0.992278
0.993858
0.992103
0.993506
0.993506
0.994735
0.982099
0.994209
0.994910
0.995086
0.995261
0.995086
0.994033
0.995437
0.994209
0.994384
0.995437
0.994384
0.994209
0.995086
0.996139
0.995613
0.994910
0.995788
0.995964
0.996665
0.995964
0.991751
0.995437
0.995261
0.996490
0.995086
0.997192
0.994910
0.995437
0.995086
0.996315
0.996841
0.996841
0.996139
0.997016
0.996315
0.995964
0.994209
0.997894
0.994209
0.997368
0.996315
0.994384
0.997192
0.996841
0.995613
0.997894
0.998070
0.998245
0.997543
0.988066
0.997543
0.997192
0.997719
0.997719
0.997368
0.997368
0.997368
0.997192
0.997543
0.994209
0.997543
0.997719
0.997543
0.997894
0.997543
0.996841
0.997894
0.998420
0.998420
0.998070
0.998245
0.998070
0.998420
0.998420
0.998596
0.998420
