0.362408
0.411197
0.535802
0.604598
0.707968
0.749386
0.777466
0.793261
0.825728
0.834503
0.834328
0.843805
0.859951
0.873640
0.874342
0.888382
0.909793
0.920498
0.922078
0.934538
0.935591
0.940505
0.944366
0.950860
0.951211
0.959284
0.963496
0.963847
0.967532
0.973148
0.974377
0.975956
0.977887
0.978062
0.980168
0.981221
0.982976
0.982801
0.982976
0.983152
0.984731
0.984205
0.985258
0.984556
0.985258
0.984556
0.984907
0.984907
0.986311
0.985609
0.984907
0.986662
0.987188
0.986135
0.987890
0.987539
0.986838
0.988241
0.988768
0.987539
0.988593
0.987364
0.990523
0.988944
0.988768
0.988768
0.986838
0.988066
0.991400
0.987188
0.989996
0.989645
0.989821
0.988593
0.989821
0.988417
0.990348
0.989470
0.990348
0.989294
0.988417
0.990348
0.990348
0.990172
0.991927
0.990172
0.991225
0.989821
0.989821
0.990699
0.989645
0.990523
0.991225
0.991225
0.990874
0.991225
0.991225
0.990874
0.989294
0.991576
0.990874
0.991400
0.991049
0.992103
0.992103
0.985609
0.991049
0.989470
0.990699
0.986838
0.991225
0.991576
0.990699
0.990699
0.991400
0.991225
0.991576
0.991751
0.991400
0.992278
0.990348
0.990523
0.991400
0.989996
0.991049
0.991400
0.991576
0.992629
0.990172
0.992103
0.991927
0.992629
0.992103
0.991049
0.991400
0.991225
0.992980
0.992980
0.994033
0.991927
0.992804
0.989119
0.993155
0.993506
0.993858
0.992454
0.992804
0.994209
0.994559
0.993858
0.993155
0.994033
0.994559
0.994209
0.995261
0.993331
0.992804
0.994209
0.994910
0.994910
0.995086
0.994559
0.995261
0.994559
0.994735
0.995788
0.993858
0.994735
0.994910
0.993506
0.995788
0.996139
0.994384
0.996139
0.995086
0.996315
0.996841
0.995613
0.995788
0.996315
0.994033
0.995788
0.996665
0.994559
0.996139
0.996665
0.996490
0.996315
0.996665
0.996139
0.995788
0.997016
0.997016
0.996665
0.996315
0.996665
0.997192
0.996315
0.996665
0.996139
0.996841
0.982625
0.996665
0.997016
0.996841
0.997368
0.997016
0.996841
0.997192
0.996665
0.996841
0.997016
0.997543
0.997192
0.997016
0.997368
0.997543
0.997016
0.997894
0.997719
0.996841
0.997543
0.997543
0.997192
0.997192
0.997192
0.997543
0.997543
0.997543
0.997543
0.997368
0.997719
0.997719
0.998070
0.997016
0.996841
0.998420
0.997894
0.997894
0.997368
