1033.032715
867.332458
754.903198
682.687500
620.760498
568.213318
522.413269
481.025879
442.265717
408.224243
377.983856
350.380402
325.357178
302.402832
281.449371
262.173309
244.452377
228.170181
213.132309
199.243896
186.373978
174.449722
163.376053
153.088455
143.520691
134.604462
126.297028
118.541992
111.300423
104.530594
98.198021
92.271248
86.721931
81.519745
76.643677
72.068321
67.773788
63.742397
59.957680
56.402107
53.060684
49.920582
46.968910
44.194881
41.583836
39.129440
36.819336
34.647720
32.603596
30.681055
28.871288
27.168432
25.565676
24.058466
22.639921
21.305542
20.049355
18.867085
17.755327
16.708429
15.724207
14.799781
13.930465
13.112638
12.343392
11.620350
10.939842
10.301700
9.700410
9.138966
8.606856
8.108788
7.640810
7.201745
6.789860
6.403078
6.038051
5.697152
5.375076
5.074378
4.791916
4.524887
4.275051
4.041502
3.821102
3.613079
3.418741
3.235085
3.063217
2.902189
2.751862
2.607157
2.473042
2.346482
2.227833
2.115577
2.009407
1.910526
1.817259
1.728641
1.646285
1.567049
1.492206
1.422859
1.356532
1.302863
1.236078
1.181359
1.128036
1.082605
1.032590
0.987601
0.945341
0.904692
0.866566
0.831320
0.795965
0.763414
0.732179
0.702666
0.679908
0.649670
0.621898
0.597070
0.574088
0.551077
0.530010
0.509927
0.493758
0.472959
0.455527
0.438760
0.423097
0.409031
0.394664
0.381491
0.366624
0.354925
0.342662
0.331551
0.320015
0.310564
0.298833
0.288611
0.279211
0.270373
0.261798
0.253341
0.245987
0.239236
0.232089
0.226286
0.218646
0.212497
0.206678
0.202037
0.196373
0.191474
0.185687
0.181299
0.176655
0.173170
0.168714
0.164914
0.161034
0.157267
0.155241
0.150638
0.147339
0.145721
0.141484
0.138880
0.136918
0.133229
0.131176
0.128771
0.126784
0.124049
0.122326
0.120106
0.123441
0.117134
0.114918
0.114160
0.112093
0.110491
0.109287
0.108133
0.106539
0.105052
0.103698
0.102473
0.101459
0.100036
0.099131
0.097511
0.096339
0.096563
0.094827
0.093730
0.092706
0.132920
0.096549
0.092509
0.090729
0.089454
0.088463
0.087671
0.086827
0.086131
0.085212
0.084750
0.083723
0.083407
0.082752
0.081619
0.081735
0.080420
0.080241
0.079082
0.078721
0.077975
0.077328
0.077171
0.076349
0.076177
0.075106
0.074960
0.074242
0.073104
0.072808
0.072417
0.071781
0.071427
0.070994
0.070858
0.069338
0.069328
0.068573
0.068812
