0.419972
0.455774
0.601615
0.690067
0.746929
0.783959
0.804668
0.837136
0.863636
0.881362
0.889610
0.899263
0.909617
0.910319
0.921025
0.925061
0.930502
0.934714
0.940856
0.948052
0.953668
0.956300
0.960337
0.964900
0.966479
0.969638
0.971569
0.975079
0.975956
0.978238
0.978589
0.979993
0.980344
0.981046
0.981748
0.982099
0.983678
0.983152
0.984029
0.984205
0.984205
0.983854
0.985258
0.985960
0.985433
0.985609
0.985258
0.985784
0.986311
0.985960
0.986135
0.987013
0.987013
0.988768
0.987890
0.987539
0.988417
0.988241
0.988066
0.988768
0.988944
0.988593
0.988417
0.989294
0.987364
0.988417
0.988593
0.987890
0.989470
0.987715
0.988768
0.988417
0.988768
0.988944
0.988417
0.988944
0.989470
0.989119
0.987890
0.988944
0.986486
0.987890
0.988768
0.988241
0.987715
0.989294
0.989470
0.988768
0.987890
0.988944
0.988066
0.987188
0.988417
0.987715
0.988944
0.985433
0.988944
0.989645
0.988241
0.988768
0.989294
0.989645
0.988593
0.989470
0.989294
0.987364
0.989470
0.989996
0.990874
0.988417
0.989470
0.988944
0.990172
0.990523
0.990874
0.990874
0.991225
0.990348
0.991400
0.991927
0.992103
0.992278
0.990699
0.991927
0.990523
0.990348
0.991576
0.992278
0.991927
0.992454
0.991751
0.992804
0.992454
0.992278
0.991576
0.991225
0.992454
0.992629
0.991751
0.991225
0.993506
0.991400
0.993155
0.992454
0.992454
0.994209
0.993858
0.993858
0.992980
0.993506
0.992629
0.993858
0.995086
0.994559
0.994384
0.994209
0.995261
0.996490
0.993506
0.996841
0.994559
0.994209
0.995964
0.995788
0.994559
0.995613
0.994910
0.996315
0.997192
0.996841
0.996315
0.995613
0.997016
0.995788
0.997192
0.996139
0.995437
0.997192
0.995964
0.996139
0.995964
0.996315
0.996139
0.997368
0.997719
0.997016
0.997894
0.997368
0.995788
0.997016
0.997192
0.997368
0.997192
0.997368
0.997719
0.997543
0.997719
0.995964
0.997719
0.997016
0.997894
0.997719
0.997192
0.997719
0.997543
0.998070
0.998070
0.996841
0.998070
0.996665
0.998070
0.997894
0.997543
0.996665
0.996841
0.997192
0.998245
0.998420
0.998245
0.998596
0.998070
0.996315
0.998070
0.998070
0.998420
0.997719
0.998245
0.997894
0.998070
0.997894
0.998420
0.998771
0.997192
0.998771
0.997192
0.997192
0.998596
0.998070
0.998070
0.997894
