962.566223
839.976318
752.780090
680.185913
615.936096
558.083374
505.875977
458.370697
415.414703
376.486938
341.199493
309.194733
280.178162
253.867599
229.984833
208.339493
188.750488
171.024780
154.979370
140.466431
127.337189
115.475677
104.749084
95.050980
86.289772
78.370125
71.211075
64.741043
58.895630
53.611019
48.835190
44.516598
40.612041
37.081108
33.885151
30.995998
28.379072
26.010141
23.862795
21.916449
20.150440
18.548889
17.093031
15.769716
14.565963
13.470055
12.471584
11.560553
10.728911
9.968953
9.273483
8.636464
8.052173
7.515522
7.022339
6.568704
6.151304
5.765467
5.409978
5.080694
4.776371
4.494183
4.232255
3.989132
3.764027
3.552094
3.355803
3.172836
3.001692
2.841894
2.691657
2.552059
2.419933
2.296025
2.180754
2.070810
1.968270
1.871657
1.780767
1.694834
1.614593
1.537176
1.464876
1.396362
1.332088
1.270434
1.212526
1.157964
1.105295
1.055937
1.009321
0.965074
0.922852
0.883310
0.844267
0.809164
0.773859
0.741280
0.710769
0.680470
0.652375
0.625673
0.600294
0.576339
0.552810
0.531973
0.509968
0.490032
0.471350
0.453530
0.436471
0.419745
0.404137
0.389617
0.375355
0.362069
0.349571
0.337979
0.326332
0.315748
0.305384
0.295559
0.286923
0.277694
0.269786
0.262150
0.253467
0.246101
0.239375
0.232630
0.226740
0.220405
0.214902
0.209745
0.204435
0.199926
0.195235
0.190102
0.185872
0.182199
0.178143
0.174689
0.170622
0.167724
0.165130
0.161623
0.158589
0.155872
0.153673
0.150699
0.148641
0.146043
0.143795
0.141497
0.140189
0.137935
0.135876
0.134066
0.132335
0.130440
0.128894
0.127608
0.126633
0.124443
0.123084
0.121596
0.120582
0.118933
0.117747
0.116665
0.115360
0.114093
0.113339
0.111651
0.110785
0.109858
0.108721
0.108407
0.106640
0.105877
0.106758
0.104047
0.102649
0.102710
0.100878
0.100689
0.099469
0.098438
0.098124
0.096946
0.095835
0.095279
0.094250
0.093311
0.092641
0.091725
0.091330
0.091927
0.089359
0.089527
0.087774
0.088102
0.086952
0.086482
0.085248
0.084321
0.083734
0.084304
0.082412
0.082506
0.081232
0.080757
0.080406
0.080696
0.080097
0.079070
0.077984
0.076956
0.076134
0.076022
0.075748
0.076043
0.074003
0.073831
0.073197
0.073624
0.072135
0.071920
0.071818
0.070784
0.070530
0.070197
0.070861
0.068836
0.070233
0.070038
0.068031
0.067382
0.067053
0.067539
