0.361530
0.360653
0.542822
0.737101
0.764830
0.821341
0.853282
0.863987
0.873289
0.886627
0.899263
0.910670
0.916988
0.923131
0.929975
0.933661
0.939277
0.941383
0.944015
0.946999
0.951386
0.953492
0.960337
0.963847
0.964900
0.968410
0.968761
0.970867
0.971218
0.974202
0.975781
0.977009
0.978940
0.980168
0.980168
0.982450
0.982801
0.986662
0.987890
0.987890
0.989470
0.988768
0.988593
0.989294
0.990348
0.988768
0.989294
0.990348
0.990523
0.990874
0.990699
0.990523
0.991225
0.989821
0.989996
0.990699
0.990699
0.991400
0.990523
0.990874
0.991927
0.991225
0.991576
0.991225
0.990348
0.990874
0.991400
0.991576
0.991400
0.991751
0.990523
0.990348
0.990699
0.990523
0.991400
0.990874
0.988944
0.988593
0.991400
0.989996
0.991400
0.989996
0.991400
0.989645
0.986838
0.986486
0.989645
0.991400
0.991576
0.990348
0.989470
0.991225
0.988066
0.990348
0.990699
0.990523
0.990172
0.988593
0.990523
0.989294
0.990699
0.991576
0.989645
0.989119
0.990699
0.989470
0.989294
0.989294
0.988417
0.991225
0.989294
0.992103
0.989996
0.991751
0.989996
0.992103
0.989996
0.991576
0.991751
0.984029
0.991576
0.992454
0.992278
0.992103
0.992103
0.992629
0.991225
0.992454
0.992629
0.992980
0.992804
0.993331
0.992980
0.992454
0.993155
0.988944
0.993331
0.993506
0.993682
0.993155
0.992454
0.993682
0.993858
0.993155
0.993858
0.983678
0.993331
0.993858
0.993506
0.993506
0.994384
0.993858
0.993506
0.993682
0.993331
0.994384
0.994209
0.994384
0.993682
0.993858
0.994384
0.994384
0.994910
0.994209
0.994209
0.995086
0.993858
0.994910
0.994910
0.988417
0.992454
0.995613
0.995086
0.995437
0.995788
0.995437
0.992278
0.994559
0.995788
0.996665
0.996665
0.996139
0.996139
0.995964
0.996665
0.996665
0.992629
0.996139
0.992629
0.996315
0.996665
0.996841
0.996841
0.996665
0.997192
0.996665
0.997192
0.996315
0.997192
0.997192
0.996841
0.997192
0.997192
0.996841
0.997016
0.997368
0.997368
0.997192
0.997543
0.997719
0.997368
0.997368
0.997368
0.997543
0.997192
0.997894
0.998070
0.997016
0.997016
0.997016
0.997543
0.998070
0.997543
0.998070
0.997894
0.997543
0.992629
0.998070
0.997719
0.997719
0.997368
0.997894
0.996315
0.997894
0.998070
0.998070
0.998070
0.997894
0.998070
0.998245
