1037.360107
868.898987
764.691406
690.725891
634.203918
583.390869
537.086609
495.016235
456.701538
421.814423
389.924225
360.787598
334.130615
309.732971
287.374786
266.854492
248.024475
230.705032
214.765594
200.069214
186.518814
174.006317
162.430344
151.722305
141.795761
132.585083
124.034798
116.081779
108.685402
101.791862
95.369934
89.373001
83.773956
78.539932
73.649986
69.073235
64.786720
60.771713
57.010502
53.485676
50.179352
47.078297
44.169163
41.439365
38.876774
36.473251
34.215591
32.095779
30.106710
28.239109
26.486277
24.841082
23.296587
21.847872
20.487444
19.210077
18.012892
16.890583
15.838218
14.851253
13.926691
13.058764
12.246457
11.487354
10.773401
10.106147
9.480807
8.896379
8.348818
7.837472
7.361994
6.911385
6.491312
6.100172
5.733144
5.390773
5.071507
4.773911
4.491586
4.230511
3.985651
3.757045
3.543810
3.343915
3.163959
2.988950
2.830849
2.673411
2.527963
2.392521
2.267368
2.154849
2.044548
1.936401
1.839449
1.747720
1.661563
1.581790
1.505345
1.435626
1.367693
1.303133
1.244548
1.193405
1.133553
1.082121
1.035739
0.988996
0.951051
0.911208
0.870429
0.830014
0.795143
0.758889
0.728196
0.696893
0.669378
0.641033
0.615749
0.603034
0.570596
0.544283
0.521573
0.500771
0.481379
0.463318
0.444522
0.426676
0.410124
0.397236
0.379523
0.365555
0.352183
0.347507
0.328981
0.323564
0.305007
0.301556
0.285235
0.273540
0.264244
0.255606
0.247186
0.239076
0.233718
0.238631
0.219297
0.211862
0.205927
0.207904
0.197972
0.190154
0.185039
0.180460
0.176048
0.171531
0.167649
0.164210
0.162810
0.157496
0.154601
0.150521
0.148075
0.146139
0.142426
0.140113
0.138317
0.136061
0.133619
0.138067
0.130787
0.127840
0.125200
0.124176
0.121729
0.121738
0.122313
0.118209
0.116013
0.115071
0.115030
0.113427
0.110213
0.109229
0.108057
0.106757
0.115284
0.104908
0.144694
0.111844
0.106844
0.104196
0.102685
0.102366
0.100245
0.099319
0.098517
0.098985
0.097741
0.096859
0.095801
0.096094
0.094483
0.093685
0.093288
0.092439
0.092060
0.091525
0.090668
0.089978
0.088985
0.091667
0.088088
0.090358
0.086521
0.086231
0.085252
0.085059
0.084718
0.084971
0.082931
0.082486
0.081275
0.082583
0.081698
0.079546
0.094510
0.079575
0.077907
0.077371
0.077068
0.077777
0.088100
0.082552
0.076583
0.074588
0.073960
0.073689
0.072866
0.072422
