0.449105
0.623903
0.701825
0.760793
0.801509
0.832748
0.861706
0.882766
0.905581
0.919621
0.926992
0.941558
0.947350
0.949807
0.954545
0.958406
0.960863
0.966128
0.966479
0.968234
0.968936
0.969989
0.972797
0.973324
0.970165
0.972973
0.975956
0.974728
0.975430
0.974552
0.977009
0.976483
0.977360
0.978238
0.978940
0.976834
0.977711
0.979817
0.978940
0.978940
0.977536
0.980168
0.980695
0.978764
0.979291
0.979115
0.980870
0.980870
0.979817
0.979817
0.982099
0.981397
0.979993
0.979817
0.979993
0.982450
0.981046
0.981221
0.982976
0.980519
0.981748
0.981573
0.984380
0.980344
0.981923
0.982274
0.981748
0.981046
0.980168
0.980344
0.977887
0.978764
0.979817
0.981748
0.981221
0.979466
0.981221
0.980168
0.983503
0.983678
0.979993
0.979291
0.978413
0.980168
0.979993
0.981397
0.981046
0.983328
0.981221
0.979993
0.978062
0.982625
0.981221
0.982450
0.980870
0.976307
0.981397
0.982976
0.980695
0.982625
0.982099
0.979642
0.981573
0.984731
0.983678
0.983678
0.985258
0.984380
0.983503
0.984029
0.983503
0.986662
0.982625
0.985784
0.985258
0.985258
0.985960
0.985609
0.986838
0.985083
0.984205
0.985784
0.984731
0.987364
0.987890
0.985960
0.985784
0.985960
0.988768
0.986838
0.986662
0.989470
0.990172
0.989294
0.987715
0.988417
0.989470
0.989996
0.988944
0.989294
0.988417
0.988944
0.991049
0.991400
0.990348
0.990699
0.991049
0.991927
0.990523
0.992629
0.991049
0.990699
0.989294
0.991400
0.993155
0.992454
0.992278
0.993506
0.992454
0.993858
0.991225
0.990699
0.992980
0.994209
0.992278
0.992980
0.990348
0.992804
0.992804
0.992980
0.993155
0.991400
0.993682
0.993682
0.993155
0.991751
0.993331
0.992804
0.992980
0.993858
0.993155
0.993506
0.992980
0.994033
0.994033
0.994910
0.993506
0.994209
0.995964
0.995437
0.994735
0.994735
0.992980
0.994559
0.995788
0.995261
0.994559
0.993506
0.996139
0.995437
0.995613
0.995437
0.995788
0.994910
0.996139
0.994735
0.994209
0.995964
0.995437
0.996315
0.995788
0.996490
0.996665
0.995613
0.995613
0.995613
0.995964
0.995964
0.997016
0.996841
0.993858
0.996490
0.995261
0.995964
0.996490
0.996665
0.996315
0.996139
0.996665
0.996490
0.996841
0.995613
0.996490
0.997016
0.996841
0.997016
0.997192
0.996490
0.997016
0.995788
