842.355225
729.814392
640.335083
562.914673
495.533569
436.611359
385.021393
339.770203
300.004333
265.013947
234.206238
207.038025
183.092804
161.979355
143.347931
126.905693
112.394585
99.587303
88.277779
78.289993
69.470589
61.679264
54.794930
48.714752
43.337849
38.586311
34.383961
30.667746
27.380459
24.469139
21.892771
19.610392
17.586962
15.793433
14.201969
12.789647
11.535014
10.420035
9.428957
8.546068
7.759586
7.057189
6.430414
5.869839
5.367150
4.916651
4.511437
4.146493
3.817601
3.520565
3.252533
3.009907
2.790726
2.593475
2.410958
2.244338
2.092904
1.956213
1.830013
1.715631
1.608646
1.513271
1.422882
1.347093
1.264939
1.194912
1.130414
1.072706
1.015573
0.963023
0.917256
0.870562
0.829785
0.789231
0.754059
0.720862
0.687035
0.657555
0.628655
0.602625
0.579698
0.555859
0.533980
0.513293
0.497592
0.474936
0.457886
0.441873
0.426394
0.412423
0.399819
0.385939
0.373600
0.361325
0.350740
0.343680
0.330830
0.321669
0.312980
0.305037
0.300330
0.291224
0.282134
0.274311
0.267921
0.261894
0.255956
0.250941
0.246054
0.241613
0.235987
0.231361
0.227961
0.223977
0.219547
0.215111
0.210999
0.208708
0.204506
0.201291
0.199982
0.195710
0.192592
0.190429
0.186562
0.186247
0.182658
0.181084
0.177196
0.174475
0.173210
0.170489
0.168299
0.167977
0.165399
0.162888
0.160619
0.159918
0.157798
0.155632
0.155341
0.152385
0.150084
0.148878
0.148200
0.147033
0.145831
0.143415
0.142829
0.140640
0.139150
0.137968
0.138069
0.136233
0.134808
0.133107
0.131362
0.130725
0.128914
0.128029
0.127793
0.126402
0.124745
0.123445
0.122419
0.122167
0.122249
0.120033
0.118369
0.117104
0.116385
0.116317
0.114298
0.114667
0.112361
0.115137
0.111654
0.111516
0.113449
0.108162
0.107675
0.106542
0.105739
0.104827
0.104154
0.103508
0.103124
0.102670
0.101463
0.100748
0.100011
0.098951
0.098830
0.098078
0.096705
0.096275
0.095678
0.095893
0.094444
0.094464
0.093815
0.091948
0.091506
0.090873
0.090715
0.090351
0.089925
0.088777
0.089187
0.087604
0.087005
0.086514
0.085868
0.085563
0.084235
0.083934
0.083377
0.083140
0.082633
0.081482
0.083342
0.080534
0.080605
0.081234
0.079433
0.078737
0.078326
0.079060
0.077244
0.076990
0.075746
0.076798
0.075103
0.075579
0.074239
0.074166
0.072933
0.072916
0.072645
0.072781
