0.348017
0.467006
0.576167
0.660232
0.734819
0.778168
0.806599
0.824500
0.839417
0.848368
0.858722
0.880484
0.890137
0.897508
0.912074
0.914707
0.924535
0.926816
0.933485
0.936118
0.940856
0.944191
0.948754
0.950684
0.955949
0.959635
0.966479
0.968585
0.968410
0.972095
0.975079
0.977536
0.979115
0.983328
0.984731
0.984731
0.985083
0.988241
0.986135
0.988066
0.986662
0.987539
0.990172
0.991049
0.990172
0.990523
0.990172
0.991225
0.990172
0.991751
0.992278
0.991927
0.992103
0.992980
0.991576
0.993682
0.993506
0.992278
0.992980
0.993682
0.991927
0.992103
0.991049
0.992103
0.990699
0.992103
0.991927
0.988066
0.991400
0.992804
0.991927
0.991225
0.991927
0.991576
0.990348
0.991225
0.989645
0.990699
0.990699
0.990523
0.990874
0.990874
0.992103
0.990348
0.988241
0.990348
0.989996
0.988241
0.991225
0.989645
0.989645
0.988944
0.989645
0.990348
0.991400
0.989119
0.988944
0.990699
0.990523
0.989470
0.989294
0.989821
0.989119
0.988944
0.990523
0.990348
0.990172
0.988593
0.989821
0.987539
0.990172
0.990699
0.989645
0.990699
0.988593
0.988944
0.990874
0.990348
0.989996
0.990348
0.989996
0.989645
0.990172
0.990172
0.990874
0.990523
0.989821
0.990348
0.989645
0.991049
0.990699
0.991751
0.990348
0.992980
0.991576
0.992103
0.991225
0.991751
0.992103
0.992980
0.991400
0.994033
0.993155
0.993155
0.992103
0.994559
0.994559
0.993331
0.993858
0.994910
0.994033
0.995437
0.992629
0.994910
0.995437
0.994910
0.994209
0.995788
0.994209
0.995788
0.995437
0.993506
0.994735
0.995437
0.995086
0.995964
0.996490
0.995437
0.996315
0.995613
0.996315
0.994735
0.997192
0.997368
0.996139
0.996490
0.997894
0.996490
0.997368
0.996841
0.996490
0.997016
0.997894
0.996841
0.997719
0.997894
0.997543
0.997368
0.996665
0.997894
0.996315
0.997719
0.998070
0.998070
0.997894
0.997719
0.997368
0.997719
0.998070
0.997543
0.997543
0.997368
0.998070
0.997543
0.997016
0.998420
0.997543
0.996841
0.925412
0.997719
0.998420
0.998420
0.998420
0.998245
0.998420
0.998420
0.998245
0.998070
0.998070
0.998245
0.998245
0.998070
0.998420
0.998420
0.998420
0.998596
0.998245
0.998596
0.998420
0.998420
0.998245
0.998245
0.998420
0.998245
0.998420
0.998596
0.998420
0.998771
0.998070
0.997894
