925.842285
811.812317
717.094238
637.794373
573.064819
517.074097
467.620178
423.725006
384.417053
349.188446
317.559692
289.087036
263.516205
240.410034
219.515503
200.690216
183.613388
168.132797
154.084732
141.339432
129.745239
119.209122
109.602524
100.844803
92.852005
85.556915
78.882149
72.781982
67.198647
62.075867
57.381134
53.069107
49.114185
45.476650
42.129742
39.052876
36.220020
33.604748
31.198120
28.974957
26.925449
25.032143
23.279446
21.664677
20.169264
18.784622
17.506035
16.318615
15.222908
14.204251
13.261060
12.386850
11.576279
10.823549
10.126709
9.477880
8.875774
8.317740
7.798126
7.316401
6.868123
6.450521
6.064218
5.701156
5.365018
5.052551
4.761107
4.494722
4.239243
4.001059
3.780905
3.575723
3.384479
3.206892
3.039752
2.883852
2.737571
2.600782
2.473273
2.353027
2.240778
2.136026
2.036447
1.943735
1.856660
1.774655
1.695625
1.623403
1.553628
1.488114
1.426765
1.369645
1.313743
1.262476
1.213107
1.166579
1.122814
1.078872
1.039447
1.000900
0.965316
0.929905
0.897080
0.865070
0.834438
0.805057
0.777535
0.749904
0.724789
0.707635
0.676403
0.653588
0.631175
0.610191
0.591402
0.570781
0.551355
0.533404
0.516209
0.499435
0.483329
0.468519
0.453546
0.439065
0.424428
0.411295
0.398567
0.385919
0.374513
0.361908
0.350079
0.339293
0.329316
0.319402
0.309623
0.300064
0.291139
0.282535
0.274363
0.266009
0.259643
0.250935
0.243989
0.237079
0.231332
0.225052
0.218816
0.212985
0.207833
0.202004
0.197133
0.192651
0.188991
0.183533
0.179574
0.175624
0.172552
0.167935
0.164704
0.162388
0.158201
0.155724
0.152074
0.149398
0.147290
0.144420
0.142113
0.139999
0.137388
0.135706
0.133364
0.131996
0.129170
0.128538
0.127833
0.124189
0.122322
0.121145
0.119705
0.118415
0.117736
0.115418
0.114125
0.112841
0.111668
0.110526
0.109372
0.108630
0.108516
0.105954
0.105787
0.104306
0.102927
0.101946
0.100890
0.099977
0.099455
0.099154
0.097330
0.096736
0.095826
0.094923
0.094147
0.093588
0.093859
0.091524
0.091206
0.090597
0.286597
0.095240
0.090764
0.089416
0.088664
0.088120
0.087356
0.086810
0.086311
0.085840
0.085373
0.084924
0.084487
0.084076
0.083529
0.082994
0.082541
0.081977
0.081656
0.080993
0.080612
0.080226
0.079687
0.079205
0.078990
0.078936
0.077807
0.077533
0.076957
0.076437
0.076029
0.076172
