0.364338
0.534398
0.689365
0.742892
0.775535
0.814145
0.836083
0.855388
0.868375
0.881888
0.892594
0.907336
0.912952
0.914882
0.924710
0.930853
0.939979
0.943313
0.947876
0.958406
0.954721
0.962618
0.958757
0.963496
0.967006
0.962618
0.968585
0.968585
0.972271
0.970691
0.970691
0.972622
0.972973
0.971744
0.974552
0.976132
0.978589
0.978413
0.978940
0.981046
0.979642
0.981923
0.979115
0.981923
0.979817
0.979993
0.980870
0.979115
0.980519
0.979466
0.981046
0.982625
0.983503
0.979642
0.982976
0.975605
0.979993
0.982801
0.977887
0.979466
0.981397
0.979817
0.982274
0.982099
0.983328
0.981046
0.982801
0.980168
0.984205
0.983678
0.982450
0.983328
0.966479
0.981573
0.981221
0.982976
0.982625
0.983152
0.983152
0.982625
0.981397
0.984205
0.965426
0.983152
0.983328
0.983503
0.982450
0.981397
0.981221
0.982976
0.982099
0.981573
0.978940
0.980695
0.983678
0.982450
0.982450
0.981397
0.981573
0.981046
0.980168
0.981923
0.984556
0.976483
0.981923
0.983152
0.982450
0.980695
0.984731
0.984205
0.983854
0.983678
0.983328
0.983328
0.984907
0.984380
0.985433
0.982976
0.985609
0.985784
0.985960
0.985784
0.982801
0.984907
0.985258
0.987013
0.986135
0.985960
0.986486
0.986838
0.982450
0.985258
0.987715
0.986135
0.987013
0.987890
0.987890
0.988768
0.987013
0.991751
0.991225
0.989470
0.991927
0.989996
0.991400
0.990172
0.992103
0.990523
0.992980
0.994209
0.994559
0.993331
0.993858
0.991927
0.989821
0.993155
0.994384
0.994209
0.992629
0.994384
0.994559
0.995437
0.993682
0.995437
0.994735
0.993506
0.995261
0.994559
0.995261
0.995261
0.995261
0.995613
0.994735
0.995964
0.994735
0.995086
0.993858
0.995613
0.993682
0.995086
0.995964
0.994910
0.996315
0.996841
0.996665
0.996841
0.996665
0.996841
0.996490
0.996665
0.995788
0.997192
0.997543
0.996841
0.997192
0.997368
0.997368
0.997894
0.997543
0.997543
0.997368
0.997543
0.997719
0.997543
0.997894
0.997192
0.997192
0.997719
0.997192
0.998070
0.997368
0.997719
0.988066
0.996665
0.998070
0.998070
0.997719
0.997894
0.998245
0.997894
0.998420
0.998070
0.998070
0.998245
0.998070
0.997894
0.997719
0.997719
0.997894
0.998070
0.998420
0.998070
0.998245
0.998245
0.998420
0.998420
0.998420
0.997719
0.998420
0.998070
