942.666260
775.436523
676.028687
598.264648
531.398621
472.797974
421.032440
375.368835
334.988403
299.253693
267.581238
239.489182
214.559784
192.431290
172.773987
155.310089
139.768311
125.933487
113.619690
102.635384
92.839996
84.081711
76.267357
69.268013
63.001598
57.386715
52.341904
47.815723
43.739613
40.070358
36.762524
33.775578
31.073124
28.626703
26.409336
24.395681
22.564695
20.897785
19.376301
17.987953
16.717667
15.553553
14.483306
13.502741
12.599681
11.766931
10.997808
10.289180
9.631348
9.022982
8.458326
7.935143
7.447922
6.994565
6.573352
6.181579
5.810781
5.467001
5.154943
4.847261
4.567443
4.302334
4.055129
3.828387
3.609581
3.406693
3.216182
3.041428
2.872285
2.714272
2.567035
2.428577
2.321201
2.179990
2.066202
1.958642
1.858728
1.765121
1.675805
1.591903
1.514176
1.438447
1.392664
1.303512
1.240786
1.182057
1.127826
1.088346
1.031232
0.984004
0.940274
0.897442
0.865930
0.822101
0.788254
0.755418
0.723101
0.694065
0.667998
0.641876
0.617768
0.593256
0.571086
0.570474
0.536849
0.517968
0.501271
0.484343
0.470696
0.455186
0.441438
0.427873
0.415452
0.403960
0.392873
0.382168
0.372362
0.362879
0.353512
0.344412
0.335744
0.327727
0.321639
0.313488
0.305284
0.298331
0.292456
0.285786
0.282272
0.273798
0.270907
0.263289
0.257957
0.254104
0.247788
0.242729
0.239039
0.230654
0.228667
0.221394
0.216552
0.213004
0.208584
0.205466
0.201901
0.198917
0.193847
0.190499
0.187172
0.183582
0.180996
0.178887
0.174742
0.173257
0.172185
0.167425
0.167140
0.162266
0.161859
0.157567
0.156263
0.153368
0.152705
0.149439
0.147009
0.146930
0.143978
0.143784
0.139604
0.138147
0.136418
0.137182
0.133070
0.131947
0.131071
0.129113
0.129294
0.126319
0.126100
0.124463
0.121706
0.120444
0.118823
0.117508
0.116414
0.117318
0.113519
0.113033
0.112020
0.111234
0.115303
0.108432
0.107307
0.106388
0.105238
0.105162
0.103472
0.103300
0.101572
0.100918
0.099761
0.098969
0.098534
0.097873
0.096803
0.096391
0.094801
0.093673
0.093095
0.092025
0.091677
0.090464
0.105552
0.091013
0.088458
0.087503
0.086724
0.086652
0.085185
0.085202
0.084835
0.083248
0.082989
0.081677
0.081438
0.080683
0.080142
0.079340
0.078795
0.079334
0.077216
0.077078
0.075806
0.076377
0.075342
0.074796
0.073733
0.073801
0.072403
0.074876
