0.436495
0.615576
0.615123
0.649536
0.679647
0.705683
0.749830
0.770885
0.774281
0.774055
0.776545
0.764546
0.751868
0.750962
0.753905
0.756622
0.769074
0.784922
0.805071
0.809373
0.809599
0.813222
0.817976
0.820693
0.820014
0.824768
0.824315
0.820466
0.819334
0.822051
0.817750
0.824768
0.816618
0.821372
0.819787
0.807335
0.808920
0.807562
0.815259
0.808467
0.809373
0.812769
0.803260
0.811637
0.804845
0.803034
0.803034
0.801902
0.805524
0.801449
0.803713
0.802581
0.802807
0.803034
0.804392
0.802807
0.800996
0.802807
0.805071
0.801902
0.798732
0.799411
0.803939
0.800543
0.803939
0.797600
0.798279
0.804619
0.798279
0.800091
0.800770
0.799185
0.801902
0.802581
0.799411
0.799411
0.801223
0.800317
0.802128
0.802581
0.802128
0.799185
0.801223
0.797600
0.800543
0.797600
0.800543
0.796468
0.801675
0.798506
0.801449
0.796921
0.798959
0.799638
0.798053
0.799185
0.798732
0.797827
0.798959
0.798053
0.797827
0.800543
0.798959
0.796242
0.798959
0.796695
0.797147
0.796468
0.797147
0.795336
0.795789
0.793525
0.794657
0.795563
0.795336
0.796921
0.797147
0.793525
0.792846
0.794204
0.795336
0.795336
0.793978
0.793751
0.793978
0.794204
0.792167
0.792167
0.794431
0.794431
0.794883
0.793299
0.793978
0.794883
0.793525
0.792393
0.795563
0.796695
0.794657
0.796242
0.794883
0.793978
0.793751
0.795110
0.799864
0.798959
0.801675
0.799185
0.798279
0.796468
0.798732
0.796921
0.802807
0.810278
0.806883
0.801223
0.797600
0.803487
0.800543
0.802581
0.807109
0.809826
0.806883
0.804619
0.808241
0.807335
0.813448
0.815712
0.808920
0.811184
0.810052
0.813674
0.812769
0.814354
0.813901
0.813674
0.812542
0.816844
0.811637
0.813448
0.816618
0.814580
0.819787
0.814127
0.817297
0.820919
0.812316
0.815712
0.817523
0.819334
0.819561
0.818655
0.820919
0.824089
0.819561
0.822278
0.817523
0.823183
0.821146
0.818429
0.821372
0.827032
0.823183
0.823636
0.819334
0.823183
0.822051
0.826353
0.819787
0.827711
0.826806
0.820466
0.822504
0.821598
0.824994
0.827485
0.827032
0.827938
0.832239
0.827485
0.834050
0.823862
0.830654
0.826806
0.828164
0.830428
0.830428
0.826126
0.821598
0.834503
0.836767
0.831786
0.832692
0.829522
0.834503
0.833597
0.833371
0.831333
0.834956
0.827258
