431.633362
379.822662
331.774292
290.631226
256.164917
226.119080
200.089859
177.473999
157.602966
140.417892
125.217934
111.889915
100.067017
89.627602
80.384186
72.208260
64.922386
58.527115
52.772453
47.642994
43.097752
39.033920
35.404045
32.167992
29.289602
26.712889
24.406141
22.330923
20.466797
18.785784
17.270275
15.895387
14.662291
13.538987
12.521147
11.598153
10.755713
9.989100
9.286924
8.646729
8.064439
7.523655
7.035079
6.578992
6.163773
5.781501
5.427121
5.102332
4.799199
4.522878
4.264496
4.025740
3.804265
3.599862
3.407718
3.231808
3.068052
2.913941
2.770350
2.638802
2.515466
2.399416
2.289361
2.190341
2.094549
2.007701
1.924671
1.845837
1.775078
1.706407
1.642114
1.584254
1.527670
1.475184
1.426346
1.380725
1.336735
1.296474
1.257479
1.221745
1.187695
1.156992
1.126476
1.099109
1.070152
1.045982
1.021434
1.001999
0.978834
0.959271
0.939931
0.923786
0.907142
0.890528
0.875899
0.861117
0.847254
0.835062
0.822352
0.811344
0.799914
0.789210
0.779279
0.770170
0.760307
0.752467
0.743827
0.736397
0.729209
0.722176
0.714513
0.710877
0.703481
0.695486
0.690116
0.684762
0.679491
0.674866
0.671396
0.667147
0.661408
0.657388
0.655878
0.650693
0.646995
0.644976
0.641540
0.639206
0.635869
0.634265
0.630493
0.628385
0.626208
0.623348
0.621610
0.619652
0.618524
0.615647
0.613222
0.611862
0.610390
0.609004
0.606512
0.605561
0.605617
0.601373
0.601154
0.598459
0.597544
0.596383
0.594814
0.593580
0.591840
0.590472
0.589721
0.587645
0.587086
0.585672
0.584117
0.582258
0.581524
0.580163
0.580342
0.577805
0.577963
0.575455
0.574217
0.574109
0.572229
0.571607
0.570397
0.568464
0.566646
0.566414
0.566196
0.564474
0.562635
0.562297
0.561120
0.559042
0.559458
0.557675
0.558011
0.556440
0.555226
0.553199
0.554980
0.553235
0.551157
0.548711
0.546910
0.547171
0.544601
0.545182
0.545832
0.542637
0.541790
0.540243
0.539360
0.541276
0.538883
0.535653
0.535588
0.534487
0.535589
0.531535
0.530169
0.529948
0.530572
0.527178
0.525527
0.527086
0.524629
0.525484
0.522164
0.521545
0.520811
0.520315
0.518468
0.516950
0.518211
0.517478
0.514811
0.514504
0.512214
0.511470
0.512068
0.511054
0.514438
0.508076
0.507262
0.506599
0.505406
0.506633
0.504775
0.502267
0.502967
0.502346
0.501182
0.501485
