443.119171
392.259216
351.871002
317.930695
287.172638
259.819916
235.233490
213.292480
193.476746
175.655441
159.564240
145.120712
132.087784
120.290031
109.645615
99.998032
91.270409
83.356514
76.160599
69.644577
63.738007
58.357281
53.454575
49.000343
44.928680
41.220901
37.834789
34.754543
31.923252
29.346413
26.982861
24.824926
22.848434
21.023750
19.373703
17.844893
16.440704
15.164156
13.987247
12.908841
11.910612
11.000972
10.159246
9.385787
8.683332
8.028312
7.436511
6.882272
6.379747
5.921215
5.492311
5.099692
4.742506
4.414561
4.110591
3.833293
3.576194
3.339813
3.121596
2.923232
2.743796
2.577495
2.424245
2.282825
2.158194
2.041209
1.934281
1.835896
1.744722
1.657869
1.582455
1.510009
1.444568
1.387145
1.334531
1.284398
1.238756
1.198220
1.159075
1.124756
1.092577
1.062796
1.036219
1.010592
0.987358
0.964969
0.945369
0.926312
0.908868
0.892286
0.876782
0.862788
0.849125
0.836598
0.824747
0.813982
0.803088
0.792989
0.783483
0.773811
0.765809
0.757521
0.749470
0.742287
0.735371
0.728616
0.722109
0.716441
0.709989
0.705544
0.699242
0.693738
0.688664
0.683966
0.679134
0.674882
0.670407
0.666308
0.662346
0.658813
0.655723
0.651860
0.648651
0.645137
0.642593
0.639220
0.636537
0.634594
0.630886
0.629479
0.626828
0.624448
0.622428
0.621228
0.617594
0.616390
0.613835
0.612744
0.610459
0.608492
0.607008
0.605563
0.603741
0.602148
0.600554
0.599685
0.597051
0.597624
0.595062
0.593554
0.591660
0.590423
0.588511
0.587822
0.586444
0.584456
0.584178
0.583539
0.581944
0.580065
0.578761
0.577077
0.576181
0.574668
0.574476
0.572887
0.571216
0.571355
0.569818
0.570294
0.567378
0.565568
0.565374
0.564775
0.563225
0.562659
0.560762
0.560694
0.558447
0.557962
0.557041
0.556149
0.555923
0.554578
0.552658
0.551842
0.550913
0.549875
0.549630
0.549036
0.547625
0.546694
0.545271
0.543881
0.542685
0.542000
0.541493
0.540595
0.540913
0.538218
0.537340
0.537356
0.535975
0.536606
0.533577
0.532658
0.532304
0.532079
0.530275
0.528705
0.528555
0.526748
0.526243
0.525606
0.524133
0.523364
0.523762
0.521365
0.521153
0.519853
0.518328
0.518381
0.516883
0.516308
0.518287
0.514132
0.514592
0.512949
0.514311
0.512711
0.511624
0.509733
0.508650
0.507164
0.507727
0.505520
0.507920
0.503866
0.506724
0.502681
