0.468644
0.604030
0.654969
0.651573
0.700023
0.714965
0.718587
0.729228
0.734209
0.741227
0.749377
0.763867
0.783337
0.793978
0.797374
0.796015
0.796921
0.795336
0.798279
0.799411
0.796695
0.793299
0.791487
0.791035
0.789450
0.784696
0.781752
0.777677
0.776092
0.772696
0.773828
0.770885
0.768848
0.774055
0.770432
0.773149
0.775640
0.774055
0.774281
0.774508
0.776772
0.776319
0.780620
0.781979
0.781526
0.784696
0.781752
0.787412
0.787186
0.784243
0.788318
0.789903
0.790129
0.791035
0.791714
0.790808
0.791940
0.794204
0.795563
0.794883
0.795563
0.795336
0.794431
0.796921
0.793299
0.794431
0.794431
0.793978
0.795563
0.796468
0.793299
0.793072
0.795563
0.795110
0.793072
0.794883
0.795110
0.795336
0.796015
0.795563
0.795789
0.795336
0.794883
0.795336
0.795789
0.793751
0.794204
0.794431
0.792167
0.794657
0.795563
0.794431
0.793072
0.793751
0.794883
0.793525
0.793299
0.791261
0.794883
0.794431
0.794657
0.792846
0.793072
0.793299
0.794657
0.795110
0.792846
0.793299
0.793525
0.791261
0.793299
0.792846
0.794431
0.793299
0.793751
0.795110
0.794204
0.794657
0.793751
0.793978
0.794204
0.795336
0.794657
0.795110
0.791714
0.794431
0.793978
0.792846
0.795789
0.792846
0.793525
0.792167
0.795110
0.793072
0.795563
0.797600
0.795336
0.797827
0.800091
0.800770
0.801449
0.798732
0.795789
0.800091
0.800996
0.800770
0.801223
0.805298
0.799185
0.803034
0.805524
0.809373
0.806883
0.811410
0.803034
0.808241
0.811637
0.807788
0.806203
0.807109
0.812090
0.810958
0.810505
0.811184
0.811863
0.810958
0.813448
0.811184
0.812090
0.811410
0.811184
0.813222
0.812542
0.815486
0.814806
0.813901
0.815033
0.815938
0.815938
0.815033
0.813901
0.817297
0.815486
0.817976
0.818655
0.817750
0.819561
0.815938
0.817070
0.814580
0.818429
0.817523
0.817750
0.819334
0.819561
0.818882
0.818202
0.819561
0.819561
0.821146
0.822051
0.817750
0.820014
0.819108
0.820014
0.821372
0.818429
0.818202
0.820240
0.820240
0.824542
0.822051
0.820466
0.822051
0.824994
0.823636
0.823183
0.823862
0.823183
0.824542
0.823636
0.822278
0.824994
0.826126
0.822730
0.827485
0.825900
0.829522
0.824089
0.832465
0.826126
0.826126
0.824315
0.827485
0.823636
0.828843
0.824768
0.830202
0.821825
0.826806
