0.654290
0.703192
0.709531
0.718134
0.738284
0.744623
0.751868
0.752321
0.756622
0.759792
0.757981
0.763640
0.765678
0.763867
0.769980
0.777677
0.785148
0.786733
0.782432
0.781300
0.779036
0.776772
0.775866
0.772696
0.777677
0.778356
0.777451
0.781073
0.781526
0.784016
0.784016
0.784016
0.785601
0.786054
0.786959
0.787639
0.791714
0.789676
0.792167
0.793525
0.795336
0.796015
0.797374
0.797600
0.797374
0.797374
0.796695
0.797827
0.797374
0.797374
0.797147
0.797827
0.796695
0.796468
0.797374
0.797827
0.798053
0.796468
0.796468
0.796468
0.793751
0.796015
0.795110
0.794883
0.795789
0.794657
0.794204
0.795336
0.795563
0.794204
0.794657
0.794657
0.796468
0.795789
0.795789
0.796015
0.794883
0.796015
0.793751
0.796921
0.794657
0.794657
0.794657
0.795563
0.796695
0.794883
0.795789
0.795789
0.795336
0.793072
0.796242
0.796242
0.795789
0.796695
0.796242
0.796015
0.795110
0.796468
0.797147
0.793978
0.794657
0.795110
0.795563
0.795789
0.793751
0.794204
0.795789
0.796468
0.795789
0.796015
0.795336
0.797147
0.795563
0.795563
0.795336
0.794657
0.796468
0.794883
0.796242
0.795336
0.794883
0.795563
0.796695
0.795789
0.796468
0.793978
0.795336
0.795336
0.795336
0.795789
0.796242
0.797374
0.797374
0.796921
0.798279
0.800091
0.796468
0.801223
0.798506
0.800317
0.798959
0.800996
0.797147
0.800091
0.799864
0.805298
0.799411
0.800091
0.802128
0.807562
0.811184
0.802355
0.804845
0.808015
0.812995
0.812316
0.808920
0.809599
0.814127
0.813901
0.809146
0.814806
0.813448
0.813901
0.809146
0.816391
0.814806
0.816391
0.811863
0.816165
0.814806
0.814354
0.816391
0.812995
0.817976
0.817297
0.817297
0.811410
0.814127
0.820240
0.821598
0.821372
0.819334
0.819108
0.818655
0.820240
0.816165
0.818429
0.816391
0.820014
0.822730
0.820919
0.820919
0.819787
0.820466
0.819787
0.823410
0.822957
0.822730
0.821825
0.823410
0.824089
0.822504
0.820693
0.823862
0.824089
0.824089
0.824542
0.820466
0.824089
0.823183
0.823636
0.824768
0.824542
0.822278
0.826806
0.825674
0.825900
0.823636
0.825674
0.826353
0.825447
0.824315
0.827711
0.824315
0.826126
0.827258
0.827938
0.829069
0.825447
0.827938
0.831107
0.827711
0.822957
0.827485
0.830881
0.826579
0.825900
0.829522
0.826126
