434.141541
383.112915
338.185944
298.718872
264.024933
233.561218
206.505798
182.890671
161.903839
143.514481
127.255066
112.903763
100.181534
88.947075
78.987869
70.176109
62.364689
55.482868
49.382874
43.964581
39.179073
34.935947
31.169910
27.824421
24.853479
22.222429
19.887369
17.802967
15.956382
14.310438
12.852551
11.552327
10.391966
9.363733
8.447348
7.633995
6.904571
6.263395
5.686563
5.168584
4.713372
4.301575
3.935334
3.609686
3.318315
3.058287
2.825897
2.617954
2.432501
2.266647
2.118099
1.984024
1.864477
1.756598
1.659409
1.573023
1.494652
1.424166
1.361086
1.303307
1.252358
1.204930
1.162487
1.123540
1.088632
1.056576
1.027574
1.000563
0.976191
0.954080
0.933835
0.915140
0.897707
0.882126
0.867666
0.853824
0.840964
0.829804
0.818928
0.808956
0.799740
0.790261
0.782494
0.774684
0.767012
0.759695
0.753536
0.747620
0.741382
0.736035
0.729811
0.725100
0.719863
0.715427
0.710570
0.706208
0.701465
0.697768
0.694064
0.690404
0.687719
0.683717
0.680989
0.677935
0.675167
0.672723
0.669544
0.667540
0.664973
0.662063
0.660363
0.658028
0.656234
0.654270
0.652365
0.650299
0.648479
0.646728
0.644455
0.643366
0.640449
0.639625
0.637937
0.636234
0.634357
0.632860
0.631977
0.630200
0.628055
0.627156
0.625120
0.623643
0.622601
0.620356
0.620431
0.618255
0.616666
0.615751
0.613931
0.611809
0.610888
0.608696
0.608146
0.606966
0.605241
0.603761
0.602514
0.600980
0.599773
0.598900
0.598366
0.595904
0.595653
0.593944
0.591996
0.591224
0.589369
0.589112
0.587580
0.586390
0.584920
0.583572
0.582472
0.581542
0.580282
0.579366
0.577037
0.576148
0.576164
0.574204
0.572110
0.572835
0.570580
0.569307
0.568207
0.567110
0.566130
0.565970
0.563578
0.562821
0.560966
0.561591
0.559804
0.556847
0.556944
0.556035
0.555584
0.552893
0.551613
0.551029
0.550692
0.550419
0.548384
0.547149
0.546449
0.544642
0.543893
0.542528
0.542490
0.541198
0.542284
0.540082
0.538381
0.537541
0.535476
0.535394
0.534157
0.533637
0.534194
0.531799
0.531059
0.530287
0.528790
0.528363
0.527135
0.526175
0.526385
0.524889
0.523537
0.523089
0.521445
0.521958
0.521166
0.518030
0.518872
0.517375
0.515963
0.515641
0.514782
0.515619
0.512875
0.512599
0.510638
0.511769
0.509990
0.509528
0.509241
0.507668
0.505742
0.507405
