432.528381
376.672333
329.926514
290.294128
256.372742
226.786987
200.701523
177.897934
157.730881
140.044952
124.452057
110.682480
98.580864
87.929428
78.537895
70.155060
62.807175
56.297451
50.507832
45.383812
40.819218
36.762936
33.160973
29.946712
27.105282
24.553778
22.269110
20.252262
18.431421
16.799988
15.344353
14.035634
12.867203
11.804051
10.851666
9.988178
9.211223
8.504421
7.866303
7.288765
6.762309
6.284355
5.843451
5.448145
5.079501
4.746647
4.439559
4.159024
3.901269
3.664714
3.446013
3.246352
3.062870
2.890728
2.730147
2.581470
2.443250
2.319336
2.198671
2.090124
1.986479
1.892532
1.809196
1.724405
1.651920
1.582186
1.518349
1.454330
1.398905
1.345391
1.297005
1.252952
1.210770
1.172063
1.134806
1.099657
1.067586
1.038586
1.009726
0.984422
0.960104
0.937908
0.915660
0.895835
0.876961
0.859559
0.843840
0.827893
0.813938
0.800447
0.788151
0.776247
0.764852
0.755028
0.745387
0.736013
0.727633
0.719364
0.712082
0.704734
0.697992
0.691863
0.686543
0.680393
0.675324
0.670256
0.665506
0.661025
0.656493
0.652746
0.649008
0.645363
0.642011
0.638400
0.635198
0.633084
0.629643
0.626021
0.623136
0.620647
0.618013
0.615614
0.613918
0.611767
0.609803
0.607567
0.606144
0.603364
0.601453
0.599759
0.598410
0.596385
0.595355
0.593091
0.591424
0.589999
0.588444
0.587247
0.585641
0.583687
0.582497
0.582046
0.580143
0.579036
0.577112
0.575657
0.574299
0.574432
0.572565
0.570485
0.571160
0.568556
0.567364
0.566620
0.565469
0.563694
0.562368
0.561737
0.560223
0.559325
0.558378
0.556539
0.555947
0.554281
0.554562
0.551914
0.551172
0.550033
0.550549
0.547470
0.546099
0.545626
0.544315
0.542966
0.542241
0.540924
0.539329
0.538874
0.538271
0.536109
0.535913
0.534422
0.534661
0.534795
0.532011
0.530934
0.529827
0.528623
0.528462
0.527760
0.526143
0.525771
0.523975
0.523028
0.522815
0.520906
0.520245
0.519848
0.517813
0.518070
0.517030
0.515532
0.514980
0.514913
0.513592
0.512057
0.511170
0.510582
0.510147
0.509170
0.507990
0.508318
0.506360
0.504750
0.505481
0.503828
0.503787
0.503043
0.500805
0.500818
0.501070
0.499434
0.497916
0.497167
0.496662
0.496860
0.495868
0.494909
0.493134
0.495504
0.492990
0.492786
0.491407
0.490755
0.490437
0.489109
0.489829
0.487491
0.486446
0.486855
