0.614218
0.678968
0.711343
0.731039
0.739416
0.747113
0.755717
0.749151
0.756622
0.761150
0.763188
0.779262
0.782884
0.787412
0.796015
0.809599
0.810958
0.798732
0.807788
0.793751
0.799864
0.808015
0.810731
0.815486
0.815033
0.825900
0.831333
0.831786
0.835635
0.826353
0.831107
0.825674
0.823410
0.811410
0.803034
0.796242
0.796695
0.795563
0.796695
0.796695
0.797147
0.795563
0.797827
0.797147
0.798959
0.798732
0.798506
0.798732
0.798959
0.797600
0.798506
0.798279
0.797147
0.797374
0.797147
0.798053
0.798959
0.797147
0.797600
0.796921
0.798506
0.797600
0.795563
0.798506
0.798053
0.797147
0.796242
0.799864
0.797600
0.800317
0.798959
0.799411
0.800091
0.798053
0.798959
0.799638
0.800543
0.800091
0.800770
0.800317
0.799185
0.797374
0.800091
0.799638
0.799864
0.800317
0.799411
0.799864
0.800091
0.798732
0.800091
0.800996
0.800770
0.799638
0.798506
0.800317
0.797147
0.800317
0.798279
0.799411
0.797600
0.799864
0.797147
0.799185
0.798506
0.799638
0.799864
0.798732
0.797827
0.798959
0.797147
0.798959
0.797147
0.797827
0.797374
0.797147
0.798279
0.798053
0.797374
0.796242
0.798053
0.795563
0.797147
0.797600
0.796695
0.796695
0.797147
0.799411
0.798279
0.798053
0.808920
0.799411
0.800091
0.800543
0.802128
0.802807
0.802581
0.803034
0.802128
0.806430
0.808920
0.812316
0.809373
0.811410
0.809599
0.815033
0.806656
0.813674
0.812090
0.815259
0.813448
0.811410
0.815712
0.815938
0.819108
0.816844
0.817297
0.814354
0.813674
0.816844
0.816618
0.816391
0.818429
0.819334
0.820466
0.820919
0.820014
0.823183
0.815259
0.820693
0.824089
0.821146
0.822278
0.825221
0.820693
0.825900
0.824994
0.822957
0.825221
0.824994
0.822504
0.825674
0.823410
0.821372
0.823862
0.824994
0.826579
0.826806
0.824542
0.824994
0.825447
0.827032
0.827711
0.829069
0.824542
0.828164
0.828843
0.824768
0.826353
0.827258
0.826353
0.827485
0.826579
0.827938
0.826353
0.829296
0.830428
0.828617
0.826806
0.827711
0.830881
0.825900
0.830881
0.833597
0.835182
0.833824
0.828390
0.831107
0.833824
0.828843
0.834050
0.833145
0.832239
0.832692
0.833597
0.834277
0.830881
0.833145
0.835182
0.830654
0.833145
0.832239
0.836767
0.836314
0.833145
0.835635
0.831107
0.835182
0.833597
0.838125
