0.515282
0.668780
0.724926
0.757754
0.757075
0.749830
0.760244
0.761603
0.762056
0.766131
0.770659
0.779036
0.780620
0.777904
0.776998
0.777224
0.789676
0.802355
0.811637
0.815712
0.817070
0.818202
0.813901
0.810958
0.811410
0.818655
0.816165
0.815712
0.815033
0.813448
0.809373
0.809146
0.808015
0.807335
0.806203
0.810052
0.808920
0.807788
0.810731
0.807562
0.808920
0.809146
0.809146
0.807562
0.810731
0.812090
0.812769
0.812995
0.812995
0.814127
0.813674
0.812090
0.813901
0.812542
0.812995
0.814127
0.812090
0.811637
0.811184
0.811637
0.811184
0.811410
0.811184
0.810958
0.810052
0.810278
0.810278
0.811410
0.811637
0.811410
0.810505
0.810505
0.811184
0.810052
0.809373
0.809373
0.807109
0.807562
0.807562
0.808467
0.808694
0.808241
0.808920
0.808920
0.805298
0.808241
0.808694
0.803713
0.809373
0.806203
0.805977
0.803034
0.807788
0.803034
0.797147
0.802807
0.805977
0.796242
0.805524
0.797147
0.798279
0.798959
0.799185
0.799638
0.794883
0.801675
0.797827
0.796695
0.799864
0.795110
0.794657
0.800996
0.793751
0.796921
0.795789
0.795789
0.795789
0.797147
0.796015
0.796242
0.795336
0.796921
0.796242
0.795563
0.806203
0.796921
0.793751
0.794883
0.796015
0.798959
0.796242
0.796468
0.795789
0.798053
0.797600
0.796015
0.799185
0.798506
0.798506
0.796015
0.796921
0.801449
0.800543
0.800091
0.799864
0.806203
0.798506
0.801675
0.806203
0.800770
0.805524
0.805524
0.810731
0.807335
0.809826
0.810958
0.811410
0.811637
0.812542
0.812090
0.811637
0.812316
0.812769
0.815033
0.813674
0.812769
0.813901
0.813448
0.815033
0.815712
0.817750
0.814806
0.815259
0.816618
0.818882
0.820466
0.816844
0.815033
0.821598
0.818202
0.820014
0.822051
0.824089
0.822051
0.822278
0.821598
0.826126
0.819787
0.824994
0.823636
0.821598
0.826579
0.824089
0.824315
0.827711
0.821372
0.826806
0.827485
0.826126
0.826353
0.827258
0.828617
0.827258
0.829069
0.828843
0.825900
0.828390
0.830428
0.829749
0.829749
0.830654
0.831107
0.830654
0.827485
0.831333
0.829975
0.832013
0.827711
0.832465
0.834277
0.833824
0.828390
0.834277
0.836314
0.833371
0.834050
0.834503
0.833597
0.835861
0.834503
0.833824
0.835635
0.835409
0.836541
0.833371
0.838125
0.835182
0.834277
0.836314
0.836088
