441.884033
390.733826
349.474396
313.174225
280.647583
251.339798
224.819717
201.135391
179.882263
160.917191
143.980087
128.779724
115.265335
103.207382
92.412048
82.774750
74.159798
66.467812
59.589333
53.443790
47.951065
43.037201
38.646915
34.718170
31.194281
28.037991
25.222757
22.700485
20.445503
18.424923
16.613750
14.992952
13.540826
12.241731
11.081159
10.036086
9.104490
8.267282
7.517195
6.844355
6.242937
5.703081
5.218809
4.784234
4.393213
4.042041
3.727894
3.445872
3.193612
2.966073
2.762774
2.579099
2.413465
2.265026
2.130798
2.008675
1.899249
1.799930
1.710255
1.629398
1.555602
1.488779
1.428487
1.372065
1.321284
1.274630
1.231425
1.191496
1.155884
1.123455
1.093792
1.066488
1.041666
1.018556
0.997023
0.976274
0.957590
0.940014
0.923732
0.908402
0.893612
0.880343
0.867595
0.854682
0.843087
0.832169
0.821254
0.810970
0.801328
0.792083
0.783191
0.774887
0.766336
0.759144
0.751622
0.744361
0.737951
0.731523
0.725741
0.719458
0.714034
0.708671
0.704028
0.699204
0.694071
0.690778
0.685177
0.681973
0.677525
0.674004
0.670520
0.666563
0.663633
0.660062
0.656185
0.654059
0.651267
0.648395
0.645775
0.642897
0.640390
0.637598
0.635591
0.633167
0.631037
0.628700
0.626816
0.624573
0.622319
0.620544
0.618477
0.617452
0.615241
0.613703
0.611367
0.610127
0.608689
0.607620
0.606052
0.603826
0.602725
0.601255
0.600208
0.598034
0.597393
0.595523
0.593913
0.592965
0.591210
0.590578
0.588069
0.588187
0.586294
0.584983
0.583163
0.582362
0.581921
0.579702
0.577654
0.576620
0.576336
0.575227
0.573303
0.571191
0.570565
0.568667
0.568164
0.567503
0.566303
0.563758
0.563186
0.562117
0.561494
0.560012
0.558039
0.557894
0.556156
0.555290
0.553366
0.552473
0.551178
0.550261
0.549929
0.547859
0.547412
0.545637
0.546532
0.544566
0.542176
0.541668
0.541346
0.539396
0.537697
0.536999
0.535605
0.536402
0.533424
0.532509
0.531569
0.530124
0.528844
0.527803
0.526225
0.525949
0.525194
0.523965
0.522694
0.521409
0.519734
0.518835
0.519423
0.517034
0.517467
0.516087
0.514268
0.514081
0.512469
0.511925
0.510194
0.508692
0.507113
0.509265
0.506298
0.505905
0.504698
0.503681
0.502175
0.500750
0.499924
0.498389
0.498072
0.497002
0.495789
0.494736
0.496032
0.492909
0.492547
0.492763
0.491195
0.491130
