0.504641
0.635046
0.679647
0.705456
0.707267
0.718134
0.719493
0.723568
0.736473
0.748245
0.757075
0.753905
0.753905
0.757754
0.769074
0.785827
0.789903
0.800317
0.804392
0.803260
0.803034
0.804619
0.805071
0.806656
0.804619
0.804845
0.803939
0.803487
0.804619
0.799411
0.801223
0.798732
0.798053
0.798279
0.796695
0.794431
0.792393
0.796468
0.799411
0.802355
0.805524
0.806883
0.807562
0.807335
0.808241
0.809146
0.806883
0.804845
0.805071
0.801449
0.801223
0.800543
0.801902
0.797827
0.798959
0.799185
0.799864
0.800091
0.798732
0.800091
0.800543
0.798279
0.799411
0.798279
0.797827
0.796921
0.794883
0.797374
0.794883
0.793978
0.794883
0.795110
0.795110
0.794883
0.794657
0.795110
0.795110
0.794431
0.794431
0.795336
0.794883
0.795336
0.795336
0.796015
0.795789
0.795789
0.795336
0.795336
0.794883
0.794204
0.795563
0.795110
0.795110
0.795336
0.795110
0.795563
0.794657
0.795110
0.795110
0.794883
0.794657
0.795336
0.795563
0.794204
0.795110
0.794657
0.794431
0.794204
0.794657
0.795110
0.794204
0.794883
0.796015
0.793978
0.793299
0.793751
0.794204
0.794657
0.795563
0.794204
0.794657
0.793299
0.793525
0.793978
0.797827
0.794431
0.797147
0.796695
0.795336
0.796468
0.800770
0.798279
0.803260
0.798959
0.805071
0.800543
0.805977
0.797827
0.804845
0.805071
0.802807
0.800091
0.802355
0.804166
0.803487
0.803034
0.806656
0.806656
0.801223
0.811184
0.807788
0.811184
0.809599
0.809599
0.811410
0.812090
0.810731
0.807109
0.810052
0.813674
0.813674
0.810278
0.808694
0.811410
0.812542
0.812316
0.813674
0.813222
0.812769
0.812769
0.814580
0.812995
0.813222
0.816618
0.811637
0.815033
0.814354
0.818429
0.816391
0.817523
0.817523
0.813448
0.818655
0.818429
0.816165
0.818429
0.817070
0.820014
0.818655
0.815712
0.815938
0.820014
0.818202
0.818655
0.818882
0.815712
0.820466
0.817750
0.820014
0.818655
0.818655
0.818882
0.820240
0.820240
0.821372
0.820919
0.820014
0.821598
0.820014
0.820919
0.822051
0.822278
0.820693
0.827032
0.820919
0.824994
0.824542
0.825221
0.820919
0.822730
0.823410
0.824315
0.823636
0.822504
0.826126
0.822051
0.826579
0.826126
0.824089
0.825221
0.826579
0.825674
0.822504
0.823410
0.827485
0.818429
0.823636
0.824994
0.827938
0.830654
