448.532318
400.550568
357.257050
321.875641
289.430847
259.706909
233.131683
209.099182
187.506180
168.118866
150.751266
135.265045
121.352661
108.888161
97.712578
87.734322
78.766228
70.766708
63.582222
57.160072
51.394051
46.243710
41.611580
37.458160
33.744877
30.408777
27.421040
24.737570
22.333303
20.191982
18.256100
16.527378
14.972782
13.576777
12.327521
11.200815
10.193157
9.280719
8.464552
7.727551
7.065058
6.469009
5.932624
5.450655
5.016508
4.623474
4.271674
3.952647
3.663880
3.402116
3.165966
2.952410
2.758894
2.583487
2.424103
2.279052
2.146986
2.027198
1.918499
1.819198
1.728733
1.647156
1.572656
1.504205
1.441636
1.384642
1.332969
1.284703
1.240662
1.199898
1.162275
1.127913
1.096366
1.066661
1.039705
1.013952
0.990345
0.968451
0.948005
0.929364
0.911530
0.894668
0.879459
0.864783
0.850800
0.837934
0.825987
0.814640
0.804022
0.794367
0.784748
0.776158
0.767857
0.759336
0.751675
0.745232
0.738751
0.732534
0.726450
0.721002
0.715165
0.709881
0.705325
0.700408
0.695974
0.691502
0.687779
0.684367
0.679960
0.677078
0.673214
0.670441
0.667628
0.664082
0.661654
0.658461
0.656674
0.653878
0.652043
0.648570
0.646246
0.644201
0.642107
0.639923
0.638273
0.635667
0.634278
0.631408
0.628630
0.626933
0.624467
0.622957
0.621669
0.620333
0.618285
0.616991
0.615291
0.613819
0.612780
0.610183
0.610245
0.607556
0.605707
0.604875
0.604511
0.602172
0.600186
0.599662
0.597577
0.596136
0.595552
0.593459
0.592731
0.590445
0.590286
0.589361
0.587294
0.585992
0.584742
0.584317
0.583052
0.580870
0.580454
0.580286
0.577325
0.576021
0.575376
0.574190
0.572597
0.572098
0.570970
0.568413
0.568628
0.569010
0.565781
0.566634
0.566297
0.563176
0.561140
0.560124
0.559755
0.558925
0.557646
0.555122
0.555451
0.553131
0.553563
0.551750
0.549693
0.549655
0.549066
0.548921
0.546496
0.545193
0.545612
0.544531
0.541782
0.542692
0.539575
0.538916
0.537627
0.537370
0.535429
0.534634
0.533387
0.532979
0.532385
0.531395
0.529917
0.529629
0.527969
0.527134
0.525571
0.525767
0.525132
0.523483
0.522322
0.520972
0.521875
0.520096
0.519049
0.518068
0.516276
0.516261
0.518361
0.514707
0.513455
0.512458
0.510744
0.511557
0.509205
0.509093
0.511840
0.508045
0.504749
0.512733
0.505507
0.502522
0.501362
0.500189
