0.613539
0.713607
0.734209
0.752773
0.765452
0.769527
0.772244
0.785375
0.777224
0.775413
0.775413
0.782658
0.786959
0.790129
0.789676
0.790808
0.791714
0.790808
0.788997
0.785375
0.787186
0.790808
0.794204
0.794883
0.793751
0.795563
0.791714
0.794204
0.793978
0.792167
0.793978
0.793978
0.793978
0.795789
0.792619
0.796015
0.796468
0.794431
0.793299
0.793978
0.793751
0.793525
0.793072
0.792619
0.791261
0.794204
0.792846
0.791714
0.792393
0.792393
0.793072
0.793525
0.792846
0.794657
0.794204
0.793525
0.793525
0.794657
0.794657
0.794431
0.793751
0.793072
0.793751
0.793299
0.793525
0.793525
0.794657
0.792846
0.791714
0.793751
0.794204
0.792846
0.793525
0.794204
0.792846
0.793525
0.793751
0.792846
0.792846
0.792846
0.792393
0.793978
0.792393
0.793072
0.793978
0.792846
0.791714
0.791261
0.791714
0.792619
0.792846
0.792846
0.791261
0.793525
0.792167
0.792619
0.793072
0.792619
0.794204
0.793751
0.792619
0.792619
0.793299
0.791940
0.792619
0.793072
0.793299
0.793299
0.792167
0.792393
0.793978
0.792619
0.792167
0.793525
0.793072
0.794204
0.793072
0.791714
0.793751
0.792393
0.793299
0.793525
0.792846
0.793299
0.792619
0.790582
0.792846
0.791940
0.793299
0.794431
0.793072
0.792619
0.791035
0.793072
0.793299
0.794431
0.792846
0.793525
0.795110
0.793978
0.797374
0.794657
0.794431
0.804619
0.798053
0.800317
0.798732
0.800996
0.798053
0.797147
0.805750
0.799864
0.799638
0.800543
0.807562
0.807562
0.807335
0.808241
0.808241
0.799185
0.808241
0.805750
0.808015
0.806883
0.808694
0.808467
0.811410
0.802807
0.813222
0.811863
0.811637
0.814127
0.809599
0.806883
0.812090
0.812090
0.810731
0.816165
0.810278
0.816844
0.810731
0.815259
0.815033
0.817976
0.809373
0.816844
0.814354
0.809826
0.813901
0.817297
0.819561
0.815938
0.818655
0.818655
0.817976
0.817297
0.820240
0.813901
0.817750
0.816391
0.818655
0.819108
0.820919
0.821372
0.817750
0.816165
0.819787
0.820919
0.818882
0.819334
0.820240
0.819108
0.821825
0.818655
0.824315
0.820693
0.820693
0.820693
0.822278
0.823410
0.817976
0.822730
0.816844
0.819334
0.823183
0.825221
0.824315
0.818429
0.823862
0.822051
0.827711
0.821372
0.824994
0.825674
0.824542
0.826806
0.822504
0.829296
0.824768
0.821372
