420.683685
374.385529
332.167023
294.504669
261.207611
231.640732
205.673996
182.580612
162.215378
144.200165
128.211151
114.069221
101.567429
90.501549
80.675888
71.974121
64.256302
57.411919
51.332306
45.934319
41.134102
36.864620
33.062069
29.679369
26.671078
23.984989
21.595989
19.458279
17.552425
15.852700
14.328751
12.969052
11.751890
10.660774
9.686293
8.808188
8.023087
7.320084
6.687636
6.119293
5.609199
5.148725
4.734672
4.360631
4.023892
3.718397
3.444935
3.197993
2.973655
2.770949
2.587108
2.420365
2.270414
2.132752
2.008796
1.894064
1.789993
1.696487
1.611734
1.534319
1.463398
1.398171
1.339754
1.286480
1.237173
1.192487
1.151631
1.113513
1.078828
1.047990
1.019224
0.991814
0.967952
0.944747
0.924567
0.905555
0.888478
0.872038
0.857338
0.843585
0.831091
0.819100
0.808097
0.798127
0.788975
0.779939
0.771177
0.763872
0.755977
0.749003
0.743468
0.737533
0.731126
0.726005
0.721035
0.716183
0.710801
0.705383
0.701600
0.698493
0.693782
0.690455
0.687764
0.684355
0.680059
0.678002
0.675060
0.672226
0.669408
0.666195
0.664087
0.661616
0.659510
0.657175
0.654866
0.653675
0.650217
0.649013
0.646448
0.644781
0.641880
0.639851
0.638781
0.636891
0.634985
0.633677
0.631307
0.629964
0.628433
0.625680
0.624738
0.622712
0.621001
0.619352
0.618363
0.616783
0.615525
0.612235
0.611199
0.610011
0.608195
0.606792
0.605395
0.604943
0.603162
0.602514
0.599415
0.598923
0.597483
0.596384
0.595528
0.593008
0.590922
0.589771
0.589337
0.588802
0.585931
0.585195
0.583841
0.581955
0.581774
0.579496
0.579762
0.576670
0.577569
0.574648
0.574640
0.573085
0.574361
0.570638
0.571941
0.569107
0.567391
0.565817
0.565175
0.564878
0.561819
0.561610
0.563562
0.560088
0.559831
0.559473
0.555978
0.555427
0.555009
0.554273
0.552131
0.551428
0.551009
0.549086
0.549586
0.546507
0.547142
0.545747
0.543892
0.542932
0.543046
0.543649
0.540750
0.541764
0.538773
0.537210
0.539198
0.535885
0.535015
0.532888
0.532348
0.532705
0.531230
0.529557
0.529333
0.528871
0.527075
0.527342
0.524603
0.524271
0.522943
0.523645
0.522720
0.520450
0.521753
0.518004
0.519644
0.519155
0.516424
0.514678
0.517201
0.517456
0.513258
0.514594
0.512071
0.512244
0.510357
0.510743
0.508807
0.507420
0.508808
0.505879
0.505452
0.506776
