422.017334
374.608093
332.179779
294.928314
261.792755
232.302597
206.501511
183.729965
163.545807
145.702774
129.865356
115.798180
103.317474
92.235146
82.385689
73.625999
65.829704
58.910427
52.748363
47.258522
42.372971
38.020603
34.139778
30.679935
27.593172
24.841221
22.380548
20.182863
18.216116
16.459415
14.884140
13.475578
12.211370
11.078643
10.061214
9.146352
8.326107
7.588112
6.924021
6.326148
5.789063
5.302473
4.864439
4.470235
4.112303
3.789991
3.497864
3.234360
2.996479
2.782578
2.589179
2.414938
2.256517
2.113246
1.984331
1.866977
1.760829
1.663991
1.575830
1.495270
1.423220
1.357307
1.297811
1.243818
1.194905
1.149895
1.109313
1.071755
1.037747
1.006139
0.977891
0.952224
0.928541
0.906141
0.886702
0.868419
0.852078
0.837282
0.823999
0.811624
0.800358
0.789649
0.779795
0.770822
0.762731
0.755200
0.747750
0.741163
0.734894
0.729596
0.723755
0.718903
0.714147
0.709554
0.705373
0.701910
0.697634
0.694336
0.690550
0.687346
0.684133
0.681615
0.678690
0.675798
0.673135
0.669710
0.666698
0.662996
0.660455
0.658422
0.655934
0.654033
0.652053
0.649295
0.647679
0.644694
0.643539
0.641330
0.639407
0.637778
0.636195
0.633759
0.631823
0.630708
0.630055
0.627454
0.625433
0.623695
0.622391
0.621440
0.619302
0.618471
0.616704
0.614576
0.613290
0.611683
0.612115
0.609345
0.607842
0.605870
0.605425
0.603529
0.602321
0.600499
0.598834
0.597632
0.597736
0.595078
0.594226
0.593382
0.592199
0.589500
0.590498
0.588435
0.585919
0.585010
0.585438
0.582147
0.580881
0.580324
0.578929
0.578048
0.577928
0.574599
0.574214
0.572345
0.570986
0.570435
0.569536
0.568018
0.567310
0.565435
0.564510
0.563589
0.562322
0.560599
0.559356
0.558658
0.557999
0.555539
0.555839
0.554096
0.552085
0.551872
0.551637
0.549747
0.548307
0.547243
0.546879
0.545139
0.543533
0.543301
0.542854
0.540493
0.539224
0.538175
0.536862
0.535794
0.535069
0.534715
0.534235
0.533160
0.530136
0.529137
0.528543
0.526784
0.525975
0.524806
0.527222
0.522875
0.523872
0.521425
0.519588
0.520334
0.518307
0.517218
0.515301
0.514656
0.513365
0.513257
0.511893
0.510975
0.510934
0.508907
0.507834
0.506838
0.507264
0.505331
0.506666
0.502131
0.502016
0.502390
0.499546
0.499072
0.498399
0.498592
0.496805
0.495446
0.494029
0.493920
