0.569165
0.609463
0.649536
0.701834
0.709531
0.742359
0.751641
0.741680
0.754585
0.777677
0.785827
0.792167
0.793072
0.791940
0.796468
0.796695
0.796468
0.798959
0.805298
0.808467
0.808015
0.808241
0.810052
0.809826
0.812542
0.811863
0.809146
0.805071
0.805524
0.802807
0.804392
0.802355
0.800996
0.800770
0.801223
0.799638
0.799864
0.798279
0.798506
0.800543
0.798506
0.799638
0.799411
0.797827
0.796921
0.795789
0.796695
0.796468
0.796242
0.796242
0.796242
0.796242
0.796921
0.797147
0.796242
0.796921
0.796695
0.797147
0.796468
0.797147
0.796921
0.796695
0.796468
0.796695
0.796468
0.797147
0.797374
0.796921
0.796242
0.796921
0.796921
0.797827
0.796468
0.797147
0.796468
0.797600
0.796468
0.796921
0.795563
0.796015
0.794883
0.796015
0.795563
0.795563
0.796468
0.795110
0.796468
0.794204
0.795789
0.796015
0.794883
0.794431
0.795336
0.796015
0.795110
0.794883
0.795789
0.795563
0.793978
0.794431
0.795110
0.795336
0.795336
0.794431
0.795110
0.793751
0.794657
0.794657
0.795789
0.793978
0.794204
0.796242
0.792846
0.793299
0.793299
0.793525
0.794657
0.793072
0.794204
0.793751
0.793751
0.794883
0.794657
0.794431
0.794883
0.794883
0.793978
0.795336
0.795110
0.795336
0.797600
0.797374
0.795563
0.796468
0.795789
0.796921
0.796695
0.796242
0.798732
0.801223
0.800770
0.798053
0.797147
0.802807
0.797600
0.804845
0.808015
0.805298
0.804392
0.808241
0.812769
0.806430
0.808920
0.805977
0.807109
0.809826
0.802355
0.809599
0.811410
0.807335
0.810278
0.815712
0.805750
0.813901
0.810505
0.815938
0.815938
0.814806
0.813674
0.818429
0.814806
0.817070
0.816618
0.816165
0.817070
0.820240
0.816165
0.817523
0.818882
0.817070
0.820693
0.817750
0.822051
0.821598
0.820466
0.821598
0.823636
0.817750
0.820919
0.821372
0.822051
0.820014
0.821372
0.825447
0.821598
0.825900
0.824768
0.823410
0.827032
0.828164
0.828390
0.823636
0.826126
0.825221
0.827485
0.825900
0.829522
0.827938
0.822051
0.827258
0.824768
0.826353
0.830654
0.831107
0.831107
0.828390
0.829069
0.829296
0.830654
0.831786
0.828843
0.832239
0.827258
0.830202
0.832239
0.835182
0.829069
0.832239
0.831333
0.833824
0.833824
0.839937
0.837899
0.834503
0.834503
0.832465
0.836314
0.838578
0.836767
0.837446
