428.932190
377.721436
333.085510
294.208405
259.855194
229.491241
202.547119
178.714844
157.683151
139.073929
122.642471
108.130775
95.325211
84.026436
74.056305
65.260048
57.498856
50.659855
44.629730
39.315845
34.638897
30.519638
26.893875
23.705408
20.900978
18.435936
16.270451
14.369669
12.703352
11.239304
9.955068
8.829882
7.842455
6.976929
6.219861
5.556416
4.976258
4.467975
4.023137
3.634786
3.294761
2.997561
2.736932
2.509602
2.309776
2.135406
1.982069
1.847586
1.730060
1.626211
1.534661
1.453872
1.382352
1.318854
1.261063
1.210358
1.165280
1.125138
1.089161
1.056003
1.026187
0.999367
0.975902
0.954100
0.934205
0.916346
0.899727
0.884712
0.870869
0.857996
0.846256
0.835089
0.824770
0.815192
0.806147
0.797965
0.790390
0.782753
0.775875
0.769549
0.763210
0.757657
0.752176
0.746692
0.741421
0.736994
0.732416
0.728595
0.724184
0.720143
0.716565
0.712690
0.709254
0.705766
0.702688
0.699479
0.696693
0.693915
0.691243
0.688700
0.686240
0.683278
0.681934
0.679052
0.677363
0.674299
0.672419
0.669959
0.668148
0.665940
0.664202
0.661397
0.659780
0.658095
0.656184
0.653668
0.652544
0.651072
0.649081
0.646841
0.645070
0.643820
0.641940
0.640378
0.638781
0.637504
0.635768
0.634109
0.632139
0.630751
0.628691
0.627902
0.625854
0.624424
0.623139
0.621761
0.620784
0.620179
0.616699
0.615497
0.613702
0.612602
0.610879
0.610140
0.608337
0.606861
0.605196
0.604476
0.602817
0.601571
0.600518
0.598114
0.597010
0.595001
0.597227
0.593172
0.591296
0.589629
0.588211
0.586704
0.585473
0.584046
0.582862
0.583765
0.581761
0.578520
0.579518
0.576723
0.574337
0.573058
0.573097
0.570854
0.569793
0.570419
0.567869
0.566019
0.564815
0.563041
0.562657
0.563491
0.559222
0.559316
0.559027
0.555777
0.556737
0.554301
0.553556
0.553295
0.550925
0.549146
0.548346
0.547630
0.545483
0.543734
0.542199
0.541228
0.539996
0.538290
0.537335
0.542578
0.535492
0.534623
0.533593
0.532293
0.531387
0.530198
0.530304
0.527092
0.526625
0.524909
0.524247
0.522756
0.524140
0.521203
0.520965
0.519596
0.518170
0.516276
0.515907
0.515336
0.513565
0.513320
0.511595
0.511307
0.510224
0.509505
0.508181
0.507251
0.508163
0.510894
0.504888
0.503195
0.503130
0.501845
0.502921
0.502363
0.499526
0.499656
0.498622
0.498230
