0.666516
0.716097
0.755037
0.772470
0.772244
0.770659
0.771112
0.785148
0.789450
0.797374
0.798732
0.796695
0.803713
0.803260
0.803260
0.803487
0.803034
0.803034
0.802807
0.805298
0.803939
0.803713
0.805071
0.808694
0.811184
0.811863
0.814354
0.815712
0.815033
0.814580
0.816165
0.816618
0.817750
0.818202
0.817750
0.813448
0.813448
0.815033
0.813674
0.814127
0.813901
0.813901
0.813901
0.811637
0.811637
0.809373
0.809373
0.808015
0.805750
0.806430
0.803939
0.800996
0.797600
0.798506
0.799864
0.799185
0.798732
0.797147
0.796695
0.796921
0.797147
0.797147
0.796695
0.795789
0.796921
0.796468
0.796015
0.794204
0.795563
0.792846
0.791940
0.793072
0.793525
0.793072
0.792619
0.792393
0.792167
0.794204
0.792393
0.791714
0.792393
0.790808
0.790582
0.793072
0.791035
0.792846
0.792393
0.793299
0.792167
0.792393
0.793299
0.793299
0.793072
0.793299
0.791940
0.793072
0.791940
0.792393
0.792393
0.793299
0.793751
0.793299
0.793525
0.791714
0.793751
0.792619
0.792393
0.793525
0.793072
0.793525
0.793978
0.793525
0.792846
0.793978
0.793525
0.792619
0.792846
0.793751
0.793299
0.793525
0.792619
0.793299
0.794431
0.794431
0.794657
0.795110
0.793751
0.793072
0.795336
0.793978
0.795110
0.796242
0.795110
0.795789
0.796242
0.796695
0.798959
0.796468
0.795789
0.796921
0.796468
0.796015
0.799864
0.797147
0.796921
0.801223
0.799185
0.801223
0.803034
0.801902
0.809599
0.809599
0.805977
0.807562
0.808241
0.811410
0.803260
0.812316
0.808241
0.810505
0.808015
0.808015
0.808015
0.811637
0.807562
0.812769
0.812995
0.815938
0.815486
0.814127
0.813901
0.812995
0.819334
0.818202
0.816165
0.815938
0.816165
0.813674
0.815938
0.812542
0.815259
0.819108
0.817750
0.817976
0.820240
0.820466
0.817070
0.816391
0.820240
0.820693
0.818882
0.815938
0.819561
0.822051
0.820466
0.820014
0.821598
0.822051
0.821825
0.817750
0.822957
0.821825
0.824542
0.823862
0.823636
0.822051
0.825674
0.823183
0.821825
0.824089
0.825221
0.827711
0.823410
0.823862
0.823183
0.823636
0.825674
0.827711
0.828843
0.829296
0.825221
0.825674
0.827485
0.826579
0.827938
0.824994
0.829296
0.828843
0.826353
0.823183
0.829975
0.832013
0.829296
0.828843
0.828617
0.825674
0.828843
0.829975
0.830881
0.831786
