422.185181
371.163818
327.623596
289.301910
255.263229
225.385635
198.803177
175.400818
154.754517
136.500534
120.419899
106.301643
93.858788
82.887344
73.223259
64.705971
57.195618
50.577415
44.737698
39.586517
35.045696
31.047234
27.520966
24.412178
21.670290
19.254566
17.123495
15.246506
13.593009
12.133359
10.847853
9.712925
8.713938
7.830536
7.053123
6.364989
5.758649
5.222494
4.748733
4.328502
3.957608
3.628551
3.336392
3.078022
2.848641
2.644847
2.463109
2.301908
2.156848
2.027148
1.911649
1.807351
1.713227
1.629082
1.551101
1.481383
1.417919
1.360860
1.307089
1.258747
1.215153
1.174876
1.138001
1.103435
1.072054
1.043703
1.016782
0.992089
0.969407
0.947894
0.928396
0.910294
0.892286
0.876476
0.861460
0.847024
0.834338
0.822198
0.810551
0.799685
0.789210
0.779985
0.770521
0.762972
0.754909
0.747385
0.740058
0.733241
0.727273
0.721960
0.715690
0.710107
0.705399
0.700268
0.696090
0.691305
0.687108
0.683699
0.679259
0.676546
0.672226
0.668962
0.666143
0.663061
0.659537
0.657166
0.653739
0.651545
0.648633
0.646270
0.643868
0.641711
0.639488
0.637130
0.636192
0.632974
0.630525
0.628331
0.627025
0.625096
0.622545
0.621042
0.619267
0.618180
0.615929
0.614649
0.612420
0.610586
0.609265
0.607459
0.606182
0.604232
0.602823
0.601512
0.599525
0.597554
0.597109
0.596166
0.593161
0.592318
0.591968
0.591090
0.587695
0.587491
0.585138
0.584252
0.582361
0.582624
0.580561
0.578131
0.577244
0.577703
0.575044
0.572744
0.572058
0.571466
0.569679
0.568374
0.567082
0.566394
0.565909
0.563924
0.563150
0.560616
0.560327
0.558773
0.557405
0.555951
0.555399
0.555135
0.551268
0.550908
0.550493
0.550899
0.548263
0.548501
0.546009
0.543971
0.543012
0.542967
0.541284
0.540359
0.538656
0.539021
0.536667
0.536440
0.535839
0.533798
0.532233
0.531301
0.531178
0.531002
0.527894
0.527335
0.527399
0.525045
0.523939
0.522471
0.528857
0.521863
0.521061
0.519873
0.518511
0.519005
0.517215
0.514634
0.517638
0.514323
0.515008
0.514279
0.513865
0.509228
0.509749
0.507805
0.507743
0.509013
0.505453
0.508401
0.504587
0.504847
0.502383
0.502316
0.500730
0.500889
0.498510
0.496900
0.497332
0.496017
0.496925
0.495582
0.492451
0.493461
0.493687
0.490170
0.490346
0.491956
0.490249
0.488077
0.489195
0.486955
