0.636178
0.747566
0.778583
0.782884
0.779488
0.772923
0.771564
0.774734
0.780394
0.783111
0.780394
0.779715
0.775413
0.778809
0.787412
0.791940
0.793299
0.795110
0.799411
0.800317
0.803939
0.805750
0.804619
0.804392
0.805524
0.806883
0.809146
0.808920
0.808241
0.810052
0.810958
0.808467
0.809373
0.809599
0.810052
0.806656
0.806203
0.805977
0.805071
0.804166
0.805071
0.803713
0.802807
0.802355
0.801902
0.801675
0.801902
0.801223
0.803939
0.800543
0.801223
0.799864
0.798279
0.799411
0.798506
0.799638
0.799411
0.797600
0.798506
0.798732
0.797374
0.797827
0.797374
0.798506
0.798279
0.798053
0.798053
0.797600
0.797827
0.797147
0.797827
0.798732
0.798279
0.796468
0.797147
0.796468
0.797600
0.798279
0.796695
0.796015
0.796468
0.795336
0.796242
0.795336
0.795110
0.795336
0.794883
0.795110
0.793299
0.795110
0.795563
0.796015
0.794204
0.794431
0.794204
0.794657
0.794883
0.794204
0.795789
0.794204
0.794204
0.795789
0.793525
0.795563
0.794657
0.794431
0.794657
0.795563
0.795110
0.794431
0.795110
0.794883
0.794431
0.794883
0.795789
0.796015
0.795336
0.796015
0.795110
0.795110
0.796921
0.796468
0.795336
0.796468
0.796695
0.796695
0.796921
0.798959
0.803713
0.801675
0.798053
0.797827
0.798959
0.801902
0.800996
0.802355
0.805071
0.802581
0.805524
0.810278
0.804166
0.811637
0.811637
0.801675
0.807788
0.809146
0.810278
0.808467
0.805977
0.812316
0.814806
0.812769
0.813901
0.813674
0.816391
0.817523
0.812769
0.812542
0.814354
0.813448
0.814580
0.815033
0.815938
0.813222
0.817297
0.813222
0.817070
0.815938
0.816165
0.815259
0.818429
0.817297
0.818655
0.819108
0.818429
0.817976
0.819787
0.818655
0.816844
0.819108
0.821598
0.817750
0.820466
0.823636
0.821825
0.818429
0.823862
0.821598
0.824542
0.823183
0.820466
0.820466
0.821825
0.823183
0.823183
0.821598
0.823862
0.823636
0.820466
0.824315
0.822504
0.822504
0.823636
0.822730
0.823410
0.826579
0.821372
0.823410
0.824089
0.823636
0.821825
0.827938
0.824994
0.826126
0.827485
0.821372
0.824994
0.824089
0.825221
0.827258
0.829749
0.826126
0.828164
0.825900
0.826579
0.828164
0.828164
0.831333
0.828164
0.828843
0.828164
0.830428
0.828843
0.832013
0.833145
0.826806
0.829522
0.831560
0.833371
0.834956
