0.089163
0.100137
0.115226
0.130315
0.190672
0.222222
0.235940
0.249657
0.242798
0.238683
0.234568
0.235940
0.237311
0.230453
0.229081
0.229081
0.223594
0.226337
0.220850
0.220850
0.216735
0.215364
0.216735
0.220850
0.223594
0.223594
0.218107
0.222222
0.240055
0.242798
0.256516
0.259259
0.275720
0.281207
0.300412
0.323731
0.341564
0.349794
0.362140
0.377229
0.381344
0.399177
0.414266
0.423868
0.433471
0.451303
0.462277
0.474623
0.497942
0.503429
0.518519
0.529492
0.539095
0.550069
0.566530
0.578875
0.585734
0.604938
0.607682
0.621399
0.632373
0.633745
0.641975
0.654321
0.659808
0.666667
0.672154
0.685871
0.689986
0.699588
0.692730
0.696845
0.702332
0.707819
0.713306
0.713306
0.724280
0.720165
0.722908
0.721536
0.728395
0.733882
0.739369
0.740741
0.740741
0.740741
0.739369
0.740741
0.744856
0.747599
0.746228
0.750343
0.751715
0.748971
0.755830
0.754458
0.757202
0.762689
0.762689
0.765432
0.762689
0.768176
0.773663
0.775034
0.773663
0.776406
0.780521
0.781893
0.779150
0.783265
0.787380
0.784636
0.790123
0.784636
0.788752
0.790123
0.788752
0.795610
0.798354
0.796982
0.798354
0.798354
0.798354
0.798354
0.801097
0.803841
0.803841
0.805213
0.807956
0.812071
0.813443
0.812071
0.814815
0.812071
0.813443
0.813443
0.813443
0.816187
0.818930
0.818930
0.823045
0.827160
0.825789
0.834019
0.832647
0.835391
0.835391
0.839506
0.840878
0.842250
0.843621
0.843621
0.843621
0.849108
0.842250
0.843621
0.847737
0.849108
0.850480
0.855967
0.854595
0.849108
0.853224
0.857339
0.855967
0.857339
0.858711
0.858711
0.857339
0.860082
0.860082
0.861454
0.860082
0.862826
0.866941
0.862826
0.866941
0.869685
0.869685
0.872428
0.869685
0.873800
0.875171
0.875171
0.877915
0.877915
0.876543
0.879287
0.887517
0.884774
0.886145
0.886145
0.886145
0.887517
0.887517
0.893004
0.890261
0.894376
0.897119
0.901235
0.902606
0.902606
0.902606
0.902606
0.902606
0.903978
0.905350
0.912208
0.909465
0.909465
0.910837
0.913580
0.914952
0.916324
0.916324
0.919067
0.921811
0.923182
0.920439
0.924554
0.927298
0.928669
0.925926
0.928669
0.928669
0.931413
0.932785
0.935528
0.932785
0.936900
0.936900
0.936900
0.938272
0.939643
0.941015
0.939643
0.939643
0.941015
0.939643
0.942387
0.943759
0.941015
0.945130
0.945130
0.945130
0.949246
0.947874
0.947874
0.949246
0.951989
0.950617
0.951989
0.951989
0.951989
0.957476
0.956104
0.961591
0.961591
0.962963
0.962963
0.964335
0.968450
0.968450
0.969822
0.969822
0.967078
0.971193
0.968450
0.971193
0.972565
0.973937
0.973937
0.975309
0.976680
0.971193
0.976680
0.976680
0.978052
0.976680
0.978052
0.980796
0.978052
0.982167
0.980796
0.983539
0.984911
0.986283
0.984911
0.987654
0.989026
0.989026
0.990398
0.989026
0.989026
0.989026
0.987654
0.986283
0.987654
0.990398
0.987654
0.990398
0.991770
0.991770
0.989026
0.990398
0.990398
0.991770
0.990398
0.989026
0.990398
0.989026
0.987654
0.989026
0.993141
0.993141
0.994513
0.991770
0.995885
0.991770
0.993141
0.995885
0.994513
0.994513
0.995885
0.994513
0.995885
0.995885
0.995885
0.995885
0.997257
0.997257
0.995885
0.997257
0.995885
0.995885
0.995885
0.995885
0.995885
0.995885
0.995885
0.995885
0.995885
0.995885
0.995885
0.995885
0.995885
0.995885
0.995885
0.995885
0.995885
0.994513
0.995885
0.995885
0.995885
0.995885
0.995885
0.995885
0.995885
0.995885
0.995885
0.995885
0.995885
0.995885
0.995885
0.995885
0.995885
0.995885
0.995885
0.995885
0.995885
0.995885
0.995885
0.995885
0.995885
0.995885
0.995885
0.995885
0.995885
0.997257
0.995885
0.997257
0.995885
0.995885
0.997257
0.997257
0.997257
0.997257
0.997257
0.997257
0.997257
0.997257
0.997257
0.997257
0.997257
0.997257
0.997257
0.997257
0.997257
0.997257
0.997257
