149.858047
113.766518
85.440620
70.476204
68.060287
68.748444
68.438545
67.547691
65.712257
64.829163
63.755810
61.636917
60.558861
59.633022
57.894413
56.444214
54.888123
52.636715
50.908543
48.891884
46.431168
45.108860
43.001057
41.994404
40.036255
38.431122
36.908257
35.330620
33.256657
31.415009
30.058218
28.418432
27.026814
25.809017
23.953859
22.628139
21.319172
19.634436
18.662277
17.650398
16.709045
15.948126
15.029140
14.025016
13.519005
12.710351
12.114553
11.403373
10.599142
10.098150
9.441097
8.874268
8.495043
7.975744
7.558537
7.211806
6.882662
6.534727
6.411426
6.058276
5.725031
5.573641
5.342881
5.100441
4.955080
4.798896
4.663962
4.535975
4.391143
4.233065
4.170888
4.106533
3.987304
3.874934
3.789611
3.710624
3.698986
3.663831
3.545180
3.534834
3.462141
3.398997
3.332886
3.293180
3.250032
3.224819
3.220394
3.181160
3.090894
3.066308
3.048138
3.015746
2.978789
2.968468
2.881229
2.859764
2.837649
2.758485
2.708219
2.687823
2.634775
2.596047
2.531155
2.468422
2.443291
2.394836
2.346097
2.323884
2.269276
2.235307
2.200996
2.161578
2.089098
2.046583
2.015784
1.965564
1.952821
1.904838
1.880814
1.870441
1.840459
1.800191
1.787504
1.748261
1.709188
1.686303
1.645954
1.640519
1.592632
1.581887
1.547717
1.508982
1.483048
1.478199
1.449299
1.436307
1.392876
1.369172
1.350475
1.327568
1.305934
1.278174
1.252968
1.224499
1.211024
1.195284
1.170223
1.149487
1.131683
1.116118
1.100908
1.069381
1.049317
1.029448
1.015583
0.993690
0.966147
0.959450
0.941580
0.914412
0.892199
0.881293
0.871737
0.844948
0.827087
0.815071
0.805300
0.784511
0.773454
0.761791
0.751307
0.736710
0.732837
0.715877
0.700972
0.693326
0.672122
0.660906
0.648862
0.639078
0.626327
0.615762
0.593733
0.577374
0.571449
0.565327
0.555613
0.537457
0.525770
0.513390
0.502157
0.491117
0.474035
0.463594
0.448796
0.438023
0.427017
0.423943
0.409368
0.403093
0.390204
0.383137
0.373063
0.361557
0.350812
0.348203
0.334509
0.328574
0.316778
0.312787
0.307203
0.298197
0.293504
0.282068
0.271356
0.269279
0.262474
0.255124
0.245979
0.239512
0.235332
0.230252
0.220736
0.218702
0.214372
0.208641
0.206612
0.195225
0.189576
0.183774
0.182158
0.178798
0.172486
0.170313
0.164578
0.160738
0.154364
0.152005
0.149607
0.147024
0.143818
0.140395
0.135707
0.135512
0.130831
0.129210
0.125121
0.120688
0.117444
0.115013
0.112157
0.111013
0.106977
0.105332
0.102113
0.102374
0.098214
0.097409
0.092586
0.087515
0.086351
0.085084
0.080852
0.078117
0.077486
0.078052
0.074036
0.073369
0.071531
0.069397
0.067777
0.066326
0.064329
0.062272
0.062607
0.059330
0.060207
0.057077
0.055957
0.054838
0.051578
0.053743
0.050115
0.049627
0.047789
0.046610
0.047673
0.045287
0.045518
0.041953
0.042860
0.040721
0.041695
0.040955
0.039221
0.040073
0.039624
0.037804
0.036034
0.036842
0.035923
0.033668
0.034065
0.033352
0.034264
0.033417
0.031905
0.032011
0.032313
0.031435
0.032841
0.033588
0.031664
0.030490
0.029770
0.029121
0.030354
0.028354
0.028736
0.028482
0.028790
0.028286
0.028604
0.027976
0.028483
0.028139
0.027224
0.025789
0.026299
0.024915
0.024611
0.025643
0.024136
0.024908
0.024823
0.025188
0.025026
0.023994
0.022911
0.024407
0.023246
0.024882
0.022791
0.023091
0.023128
0.021775
0.022386
0.022097
0.021624
0.021430
0.021073
0.021216
0.021347
0.021778
0.020107
0.020442
0.020178
0.020078
0.021079
0.019088
0.020058
0.020388
0.019355
0.018285
0.019447
0.019149
0.018075
0.018228
0.017826
0.018252
0.017751
0.018187
0.018341
0.018219
0.017388
0.017130
0.016701
0.016654
0.016350
0.016621
0.016713
0.016604
0.016540
0.015948
0.016270
0.016538
0.016209
0.016028
0.015535
0.016325
0.016004
0.015229
0.015485
0.015240
0.014709
0.014871
0.014698
0.015189
0.014963
0.014499
