0.127572
0.161866
0.161866
0.167353
0.171468
0.209877
0.241427
0.255144
0.259259
0.263374
0.260631
0.255144
0.257888
0.259259
0.271605
0.272977
0.292181
0.307270
0.311385
0.319616
0.325103
0.334705
0.338820
0.347051
0.352538
0.359396
0.363512
0.366255
0.370370
0.375857
0.377229
0.400549
0.397805
0.407407
0.412894
0.422497
0.421125
0.426612
0.429355
0.433471
0.443073
0.447188
0.445816
0.452675
0.459534
0.459534
0.463649
0.470508
0.477366
0.486968
0.492455
0.495199
0.504801
0.508916
0.508916
0.517147
0.522634
0.526749
0.526749
0.529492
0.540466
0.544582
0.547325
0.547325
0.548697
0.552812
0.555556
0.561043
0.561043
0.569273
0.567901
0.569273
0.578875
0.582990
0.592593
0.593964
0.596708
0.595336
0.598080
0.599451
0.599451
0.600823
0.600823
0.600823
0.604938
0.603567
0.599451
0.598080
0.604938
0.609053
0.613169
0.620027
0.625514
0.633745
0.639232
0.643347
0.647462
0.647462
0.650206
0.654321
0.654321
0.659808
0.665295
0.665295
0.669410
0.672154
0.680384
0.680384
0.683128
0.683128
0.677641
0.674897
0.680384
0.677641
0.683128
0.687243
0.685871
0.689986
0.694102
0.699588
0.699588
0.699588
0.705075
0.713306
0.716049
0.720165
0.717421
0.720165
0.724280
0.724280
0.725652
0.729767
0.731139
0.733882
0.735254
0.736625
0.743484
0.742112
0.744856
0.746228
0.755830
0.758573
0.759945
0.766804
0.770919
0.773663
0.773663
0.775034
0.783265
0.779150
0.788752
0.790123
0.790123
0.794239
0.791495
0.794239
0.792867
0.791495
0.796982
0.799726
0.802469
0.806584
0.803841
0.810700
0.813443
0.813443
0.814815
0.816187
0.823045
0.825789
0.827160
0.834019
0.829904
0.832647
0.834019
0.834019
0.836763
0.835391
0.832647
0.835391
0.834019
0.840878
0.839506
0.840878
0.844993
0.842250
0.844993
0.843621
0.847737
0.849108
0.851852
0.850480
0.855967
0.854595
0.854595
0.855967
0.858711
0.851852
0.860082
0.864198
0.862826
0.864198
0.866941
0.865569
0.865569
0.868313
0.865569
0.872428
0.869685
0.868313
0.872428
0.868313
0.872428
0.868313
0.876543
0.876543
0.877915
0.873800
0.873800
0.876543
0.882030
0.876543
0.880658
0.880658
0.879287
0.882030
0.880658
0.883402
0.884774
0.883402
0.886145
0.887517
0.890261
0.891632
0.888889
0.893004
0.891632
0.894376
0.894376
0.894376
0.891632
0.891632
0.893004
0.894376
0.895748
0.897119
0.897119
0.898491
0.898491
0.895748
0.897119
0.897119
0.894376
0.898491
0.898491
0.897119
0.897119
0.895748
0.897119
0.897119
0.897119
0.895748
0.897119
0.898491
0.897119
0.899863
0.899863
0.899863
0.898491
0.899863
0.898491
0.899863
0.902606
0.902606
0.901235
0.901235
0.902606
0.903978
0.902606
0.905350
0.903978
0.903978
0.905350
0.905350
0.906722
0.908093
0.908093
0.908093
0.909465
0.909465
0.910837
0.910837
0.909465
0.912208
0.912208
0.913580
0.913580
0.913580
0.914952
0.916324
0.917695
0.919067
0.919067
0.920439
0.921811
0.920439
0.921811
0.923182
0.923182
0.923182
0.923182
0.924554
0.925926
0.925926
0.925926
0.927298
0.927298
0.924554
0.927298
0.925926
0.928669
0.928669
0.928669
0.928669
0.925926
0.928669
0.930041
0.930041
0.930041
0.930041
0.934156
0.932785
0.934156
0.932785
0.932785
0.935528
0.934156
0.935528
0.936900
0.935528
0.938272
0.936900
0.939643
0.939643
0.938272
0.941015
0.942387
0.939643
0.945130
0.942387
0.945130
0.942387
0.945130
0.946502
0.949246
0.949246
0.949246
0.947874
0.949246
0.949246
0.950617
0.949246
0.950617
0.951989
0.953361
0.956104
0.953361
0.954733
0.957476
0.958848
0.956104
0.960220
0.960220
0.960220
0.961591
0.958848
0.962963
0.964335
0.961591
0.965706
0.965706
0.965706
0.964335
0.965706
0.965706
0.964335
0.965706
0.965706
0.967078
0.967078
0.965706
0.967078
0.967078
0.969822
0.968450
0.968450
0.969822
0.968450
0.969822
0.969822
