250.007721
209.551605
179.504761
152.118210
129.114807
113.874550
103.242218
96.094032
89.322639
84.431511
79.422920
74.803688
69.858841
64.983559
60.338966
56.490517
52.226692
49.404598
46.530067
44.548275
42.824337
41.389534
39.941055
38.921772
38.002876
37.203613
36.592899
35.363247
34.346481
34.008762
33.263161
32.207333
31.505045
30.995195
29.882940
29.043285
28.349754
27.830219
27.495504
26.684052
26.147842
25.457804
25.132225
24.677656
24.119379
23.576210
23.208096
22.701468
21.973984
21.455729
20.998625
20.538973
19.976231
19.537764
19.054541
18.514948
18.059637
17.605476
16.982378
16.622211
16.475080
15.931938
15.648146
15.178419
14.894826
14.296693
14.088342
13.673517
13.277113
12.937031
12.634742
12.429379
12.091803
11.697619
11.291258
11.029767
10.720180
10.493012
10.009259
9.851449
9.668756
9.348236
9.087639
8.789635
8.635974
8.345528
8.089895
7.820316
7.685050
7.488081
7.216690
7.046824
6.877206
6.692747
6.481314
6.377493
6.242186
6.085354
5.994377
5.919564
5.772062
5.587509
5.482142
5.397262
5.317794
5.263605
5.075640
4.982178
4.927333
4.828351
4.726247
4.628839
4.519108
4.415617
4.355827
4.279738
4.200546
4.098907
4.008062
3.922331
3.867682
3.818991
3.730415
3.672969
3.599564
3.539879
3.460796
3.405033
3.350924
3.295085
3.234465
3.164991
3.127210
3.055943
3.026687
2.936661
2.895698
2.852659
2.747689
2.699992
2.617319
2.553600
2.490943
2.433357
2.383823
2.328903
2.308321
2.257471
2.216362
2.199136
2.133332
2.120645
2.083816
2.057163
2.040474
2.013120
1.997928
1.961052
1.928889
1.906053
1.873844
1.858007
1.845096
1.800221
1.775115
1.776568
1.743555
1.703915
1.677993
1.665523
1.649386
1.611489
1.606778
1.583707
1.561112
1.518409
1.509011
1.491474
1.489979
1.470837
1.439787
1.421535
1.414482
1.390424
1.385031
1.354464
1.334265
1.314306
1.307484
1.292089
1.261118
1.253568
1.230088
1.237858
1.213658
1.190457
1.181731
1.166252
1.160842
1.138131
1.122826
1.110898
1.088066
1.075817
1.063873
1.046793
1.033475
1.013418
0.999998
0.990363
0.971791
0.963845
0.939597
0.940742
0.916053
0.905795
0.894018
0.881727
0.879225
0.858673
0.838004
0.826430
0.817338
0.805268
0.801148
0.787493
0.779492
0.765266
0.750548
0.740183
0.722835
0.711628
0.706681
0.698339
0.691521
0.684738
0.662969
0.665609
0.651743
0.642847
0.639012
0.620184
0.619644
0.605696
0.603692
0.591141
0.588490
0.578213
0.571504
0.563810
0.552180
0.551564
0.544197
0.534503
0.524975
0.522544
0.515221
0.504967
0.500652
0.493360
0.484378
0.482881
0.473975
0.468050
0.463746
0.454695
0.447483
0.440496
0.437742
0.429975
0.428700
0.421790
0.415802
0.410496
0.401232
0.395874
0.390871
0.387721
0.381655
0.378462
0.371699
0.367330
0.361656
0.358631
0.351677
0.343762
0.339727
0.339536
0.332993
0.329315
0.324244
0.318234
0.315205
0.308555
0.307849
0.303626
0.297489
0.296829
0.293662
0.288442
0.284457
0.274731
0.278112
0.268671
0.268154
0.263114
0.261739
0.255086
0.249680
0.248029
0.246474
0.238616
0.236807
0.236171
0.233397
0.228238
0.223824
0.221685
0.218669
0.215864
0.212253
0.209157
0.205776
0.202567
0.203130
0.197344
0.192333
0.194225
0.189014
0.188434
0.184019
0.179307
0.179470
0.175177
0.174329
0.172362
0.169889
0.165027
0.162801
0.160444
0.158457
0.157311
0.155900
0.153668
0.151162
0.147265
0.145725
0.144214
0.139745
0.140022
0.136678
0.135430
0.134643
0.130155
0.129100
0.127937
0.126298
0.122713
0.122631
0.120134
0.118555
0.117377
0.116779
0.113946
0.111999
0.110136
0.110666
0.107976
0.106960
0.104454
0.104297
0.101966
0.100603
0.099028
0.097970
0.097877
0.095801
0.093779
0.092246
0.091350
0.089543
0.089434
0.087654
0.087695
0.086403
0.083877
0.084275
0.082696
0.081264
0.079790
0.080543
0.079314
0.078227
0.076701
0.075517
0.075518
0.074942
0.074152
0.073385
0.071863
