233.518051
167.270004
129.248199
109.299767
97.152565
87.646469
79.861183
72.990417
67.911560
63.651627
59.678207
56.424786
52.700836
49.903919
47.067810
44.170113
41.825459
39.344532
37.402225
35.688225
34.000965
32.471096
31.009117
29.729092
28.519234
27.639164
26.556223
25.488943
25.018944
24.219152
23.276703
22.750280
22.113926
21.620186
21.049065
20.766388
19.902000
19.483978
18.939579
18.467686
17.944788
17.550003
17.091234
16.638296
16.144758
15.767354
15.609010
14.987987
14.748941
14.220816
13.923865
13.446925
12.789005
12.300224
11.653479
10.980270
10.441674
10.011372
9.691131
9.177777
8.889192
8.445806
8.219555
8.066215
7.797991
7.572789
7.366469
7.256674
7.098835
6.958507
6.841152
6.701839
6.598353
6.433956
6.295056
6.227739
6.145856
6.058409
5.848937
5.706865
5.671909
5.485108
5.312418
5.278605
5.154788
4.970140
4.889561
4.830143
4.680750
4.582513
4.497090
4.384863
4.335709
4.164578
4.116087
4.063891
3.953174
3.868027
3.857051
3.773975
3.739854
3.678582
3.597034
3.525877
3.482310
3.427776
3.358158
3.282679
3.216033
3.158042
3.158053
3.102853
2.998177
2.932957
2.886661
2.865768
2.822223
2.802747
2.783627
2.754708
2.744922
2.706039
2.646359
2.630013
2.622457
2.577494
2.556358
2.513196
2.431974
2.426098
2.369381
2.361207
2.321642
2.270198
2.247344
2.226684
2.180460
2.206759
2.122021
2.131250
2.072753
2.025478
1.993074
1.959766
1.975173
1.903524
1.910019
1.854911
1.810154
1.778194
1.751969
1.759109
1.690211
1.667384
1.630570
1.595377
1.568985
1.528430
1.535524
1.484814
1.456820
1.432731
1.430949
1.377522
1.337260
1.362567
1.318410
1.291429
1.265585
1.255544
1.246335
1.229343
1.197856
1.184638
1.186236
1.150378
1.115619
1.104468
1.086221
1.054168
1.044181
1.038593
1.028507
1.002084
0.995626
0.980160
0.958543
0.957529
0.943403
0.920072
0.923245
0.911417
0.913367
0.881301
0.879747
0.869668
0.864597
0.847179
0.831842
0.822862
0.802434
0.797418
0.779850
0.785888
0.766219
0.761803
0.749361
0.745288
0.738886
0.732279
0.715599
0.722220
0.706420
0.695711
0.693166
0.684144
0.676198
0.669933
0.663113
0.661819
0.644961
0.651282
0.638567
0.632662
0.624140
0.620997
0.615937
0.607659
0.598225
0.597713
0.589481
0.586384
0.582496
0.576668
0.569725
0.563486
0.559619
0.551494
0.550769
0.546970
0.544098
0.537236
0.528445
0.522896
0.522233
0.518874
0.516420
0.513045
0.505322
0.500855
0.497885
0.494782
0.495032
0.486437
0.484008
0.478845
0.474917
0.471610
0.469693
0.466594
0.463163
0.459377
0.455058
0.451399
0.449034
0.444912
0.441213
0.437363
0.433531
0.430187
0.426297
0.425464
0.420933
0.419040
0.417685
0.411631
0.409354
0.405761
0.403934
0.399807
0.397082
0.396760
0.389920
0.388527
0.385730
0.381324
0.379338
0.375978
0.374334
0.372171
0.370069
0.365914
0.362066
0.359292
0.359574
0.356296
0.350887
0.348951
0.345675
0.343127
0.341202
0.337700
0.335035
0.333693
0.330463
0.328776
0.325539
0.323113
0.324494
0.320038
0.318430
0.315852
0.314733
0.310751
0.308937
0.306221
0.303827
0.301517
0.299907
0.297498
0.294864
0.293819
0.292104
0.291708
0.287335
0.284468
0.283614
0.281425
0.278837
0.277599
0.275967
0.275795
0.271962
0.271268
0.268071
0.267329
0.265987
0.262620
0.262472
0.260835
0.258944
0.259296
0.255986
0.255716
0.254504
0.251537
0.251089
0.249485
0.248289
0.247929
0.246298
0.244651
0.243487
0.241724
0.239772
0.238435
0.236991
0.236296
0.234621
0.232264
0.232990
0.231181
0.227617
0.227528
0.224449
0.223463
0.222781
0.221126
0.220490
0.219069
0.217356
0.216434
0.215306
0.214550
0.213733
0.211945
0.210673
0.208711
0.207474
0.207075
0.204689
0.204693
0.203841
0.202315
0.200974
0.199557
0.196899
0.197641
0.195462
0.195589
0.194228
0.192822
0.192258
0.190199
0.190228
0.188529
0.187483
0.185762
0.185395
0.184799
