0.046639
0.079561
0.146776
0.159122
0.148148
0.139918
0.148148
0.163237
0.168724
0.179698
0.192044
0.209877
0.222222
0.226337
0.237311
0.262003
0.271605
0.296296
0.314129
0.327846
0.351166
0.362140
0.368999
0.375857
0.388203
0.401920
0.404664
0.418381
0.423868
0.427984
0.429355
0.434842
0.436214
0.447188
0.449931
0.448560
0.452675
0.459534
0.465021
0.465021
0.475995
0.481481
0.480110
0.485597
0.491084
0.493827
0.488340
0.493827
0.491084
0.491084
0.492455
0.500686
0.513032
0.508916
0.511660
0.513032
0.525377
0.539095
0.534979
0.545953
0.562414
0.570645
0.562414
0.569273
0.574760
0.570645
0.585734
0.587106
0.589849
0.598080
0.600823
0.609053
0.617284
0.622771
0.622771
0.628258
0.631001
0.636488
0.637860
0.639232
0.640604
0.640604
0.648834
0.652949
0.657064
0.655693
0.657064
0.659808
0.659808
0.663923
0.663923
0.669410
0.668038
0.679012
0.673525
0.677641
0.679012
0.676269
0.680384
0.683128
0.683128
0.689986
0.685871
0.685871
0.685871
0.685871
0.681756
0.683128
0.685871
0.694102
0.694102
0.692730
0.695473
0.694102
0.695473
0.698217
0.695473
0.698217
0.702332
0.694102
0.696845
0.699588
0.705075
0.698217
0.705075
0.706447
0.702332
0.700960
0.698217
0.696845
0.699588
0.692730
0.698217
0.698217
0.699588
0.692730
0.698217
0.696845
0.696845
0.699588
0.703704
0.705075
0.713306
0.716049
0.710562
0.711934
0.713306
0.713306
0.720165
0.721536
0.725652
0.721536
0.724280
0.727023
0.729767
0.725652
0.731139
0.735254
0.731139
0.729767
0.736625
0.742112
0.737997
0.740741
0.748971
0.740741
0.742112
0.744856
0.750343
0.747599
0.746228
0.750343
0.750343
0.747599
0.747599
0.753086
0.759945
0.753086
0.755830
0.765432
0.762689
0.764060
0.759945
0.769547
0.768176
0.768176
0.773663
0.768176
0.773663
0.779150
0.773663
0.777778
0.773663
0.780521
0.780521
0.783265
0.780521
0.787380
0.788752
0.791495
0.792867
0.792867
0.796982
0.798354
0.801097
0.803841
0.803841
0.805213
0.806584
0.809328
0.809328
0.805213
0.807956
0.809328
0.805213
0.807956
0.807956
0.810700
0.806584
0.810700
0.817558
0.817558
0.818930
0.818930
0.818930
0.818930
0.820302
0.817558
0.821674
0.821674
0.828532
0.827160
0.831276
0.831276
0.832647
0.828532
0.832647
0.835391
0.836763
0.832647
0.838134
0.839506
0.836763
0.838134
0.842250
0.839506
0.838134
0.842250
0.851852
0.853224
0.854595
0.855967
0.851852
0.860082
0.862826
0.858711
0.860082
0.858711
0.864198
0.861454
0.864198
0.866941
0.868313
0.869685
0.872428
0.869685
0.877915
0.871056
0.877915
0.877915
0.880658
0.879287
0.879287
0.879287
0.877915
0.882030
0.880658
0.879287
0.882030
0.880658
0.884774
0.887517
0.884774
0.886145
0.882030
0.883402
0.883402
0.890261
0.884774
0.884774
0.888889
0.887517
0.888889
0.886145
0.886145
0.888889
0.886145
0.888889
0.886145
0.890261
0.888889
0.893004
0.890261
0.891632
0.895748
0.894376
0.898491
0.893004
0.897119
0.893004
0.898491
0.897119
0.898491
0.901235
0.902606
0.898491
0.901235
0.901235
0.903978
0.901235
0.899863
0.901235
0.899863
0.899863
0.895748
0.905350
0.903978
0.901235
0.902606
0.902606
0.901235
0.902606
0.902606
0.901235
0.902606
0.906722
0.902606
0.903978
0.905350
0.910837
0.906722
0.905350
0.905350
0.908093
0.906722
0.908093
0.905350
0.908093
0.906722
0.905350
0.909465
0.906722
0.910837
0.912208
0.910837
0.913580
0.914952
0.914952
0.920439
0.913580
0.919067
0.916324
0.919067
0.919067
0.920439
0.920439
0.919067
0.921811
0.920439
0.921811
0.920439
0.921811
0.921811
0.921811
0.921811
0.923182
0.924554
0.925926
0.924554
0.927298
0.927298
0.930041
0.928669
0.927298
0.930041
0.934156
0.932785
0.934156
0.932785
0.934156
0.938272
0.932785
0.936900
0.934156
0.938272
0.935528
0.938272
0.939643
0.936900
0.942387
