339.650299
251.565033
189.206619
150.723633
127.743118
112.266098
100.437996
89.899261
81.273468
74.814995
69.031746
63.698402
59.917278
57.062778
54.564384
51.999512
48.558739
47.143551
45.224625
43.779938
42.183544
39.119194
38.369694
37.537861
35.692654
33.543873
32.909863
31.347775
29.851561
27.693172
25.401878
24.514307
22.827866
21.289648
19.963865
18.711697
17.922077
16.793520
16.610714
15.574924
14.707862
14.507167
13.796803
13.332432
13.074371
12.686544
12.031274
11.973866
11.953093
11.813151
11.392006
11.470651
11.172961
11.303394
11.307005
11.231838
11.264121
11.025322
10.986318
10.896823
10.830996
10.692549
10.727594
10.337438
10.203041
10.084705
9.923500
9.641500
9.394501
9.259119
9.151194
8.983974
8.871614
8.734171
8.625166
8.402730
8.035552
8.111791
7.830755
7.616445
7.431371
7.321689
7.183617
7.011007
6.743017
6.694682
6.474914
6.453893
6.251491
6.145720
5.978158
5.951049
5.805746
5.655789
5.460397
5.374584
5.285482
5.111465
5.104304
4.975621
4.810910
4.840633
4.677870
4.542093
4.397940
4.353784
4.286894
4.219886
4.064189
4.054020
4.020899
3.913980
3.842828
3.751794
3.666653
3.699872
3.594760
3.471097
3.436970
3.433390
3.328267
3.271923
3.205428
3.205456
3.133392
3.083270
3.046006
3.002729
2.938631
2.897603
2.872498
2.828397
2.792131
2.750832
2.726398
2.679029
2.699054
2.627586
2.620752
2.584831
2.555600
2.515287
2.447826
2.444791
2.371187
2.377778
2.353181
2.337944
2.295989
2.303472
2.234699
2.214784
2.177296
2.153979
2.147798
2.118785
2.062336
2.086039
2.046945
2.024898
2.002600
1.957474
1.936215
1.958412
1.906998
1.858153
1.870787
1.833869
1.798421
1.794671
1.773534
1.763827
1.751470
1.722842
1.709959
1.654958
1.654625
1.641690
1.622850
1.591498
1.572042
1.543452
1.505970
1.509041
1.478374
1.486365
1.466309
1.417124
1.430732
1.411578
1.386415
1.361915
1.347769
1.332794
1.314040
1.309894
1.278803
1.271412
1.243341
1.226676
1.213814
1.198355
1.176539
1.166025
1.140603
1.124714
1.117550
1.098131
1.081411
1.060004
1.034820
1.022790
1.019391
0.992184
0.990107
0.956983
0.938223
0.940196
0.909924
0.903497
0.889758
0.879760
0.865754
0.850377
0.840384
0.814815
0.793182
0.793172
0.780898
0.761812
0.728601
0.738509
0.720139
0.717240
0.695404
0.673495
0.681660
0.671637
0.644559
0.636206
0.636494
0.612204
0.614881
0.596207
0.584413
0.581761
0.569791
0.554687
0.539104
0.530941
0.518559
0.512053
0.500452
0.494543
0.488085
0.467287
0.460338
0.456641
0.447498
0.431529
0.431304
0.419625
0.401181
0.400619
0.406107
0.386800
0.383861
0.375766
0.370162
0.351862
0.353792
0.345605
0.330132
0.327168
0.316835
0.316746
0.305856
0.296158
0.292396
0.286049
0.279877
0.274583
0.261034
0.268297
0.265167
0.253633
0.246460
0.248108
0.239276
0.240589
0.233962
0.227998
0.225034
0.231592
0.220532
0.219397
0.209687
0.209229
0.202465
0.202044
0.198580
0.185992
0.188366
0.187386
0.180814
0.176597
0.172701
0.170776
0.169931
0.168037
0.155542
0.159254
0.156291
0.161538
0.146397
0.146481
0.150150
0.144302
0.141714
0.136200
0.137305
0.132908
0.133700
0.128978
0.127100
0.125540
0.125121
0.120063
0.117267
0.110888
0.113642
0.108839
0.110430
0.111338
0.104854
0.107518
0.101601
0.100612
0.099239
0.094963
0.097818
0.093252
0.090316
0.091107
0.089910
0.086119
0.087532
0.086056
0.082812
0.084923
0.083110
0.080694
0.079759
0.078689
0.077330
0.074012
0.075931
0.072391
0.075106
0.069484
0.067992
0.065084
0.064556
0.065350
0.063269
0.063247
0.062365
0.061530
0.058661
0.056896
0.057721
0.054651
0.052287
0.052300
0.052425
0.053056
0.051891
0.050145
0.048721
0.050147
0.048521
0.046913
0.045996
0.044741
0.046956
0.044489
0.044068
0.043202
0.042985
0.041444
0.041084
0.039072
0.039255
0.039510
0.038511
0.037542
0.036130
0.035954
0.036272
0.035655
