0.179698
0.179698
0.182442
0.204390
0.246914
0.274348
0.310014
0.325103
0.338820
0.349794
0.351166
0.356653
0.363512
0.371742
0.374486
0.373114
0.374486
0.370370
0.367627
0.373114
0.366255
0.381344
0.381344
0.381344
0.386831
0.400549
0.400549
0.415638
0.426612
0.430727
0.448560
0.451303
0.474623
0.481481
0.481481
0.484225
0.480110
0.486968
0.488340
0.499314
0.514403
0.526749
0.529492
0.530864
0.526749
0.530864
0.534979
0.529492
0.528121
0.529492
0.528121
0.525377
0.536351
0.522634
0.526749
0.525377
0.521262
0.524005
0.530864
0.528121
0.526749
0.529492
0.529492
0.541838
0.543210
0.543210
0.551440
0.562414
0.563786
0.566530
0.566530
0.580247
0.578875
0.588477
0.593964
0.602195
0.611797
0.610425
0.618656
0.631001
0.633745
0.631001
0.635117
0.643347
0.658436
0.661180
0.672154
0.663923
0.673525
0.668038
0.672154
0.670782
0.670782
0.677641
0.688615
0.688615
0.688615
0.692730
0.699588
0.700960
0.699588
0.703704
0.710562
0.714678
0.721536
0.720165
0.729767
0.737997
0.744856
0.746228
0.746228
0.750343
0.755830
0.757202
0.759945
0.765432
0.762689
0.765432
0.766804
0.773663
0.772291
0.777778
0.784636
0.791495
0.791495
0.795610
0.798354
0.801097
0.803841
0.805213
0.803841
0.809328
0.810700
0.816187
0.812071
0.814815
0.820302
0.820302
0.817558
0.825789
0.818930
0.825789
0.828532
0.831276
0.825789
0.828532
0.828532
0.831276
0.831276
0.831276
0.838134
0.839506
0.836763
0.838134
0.840878
0.839506
0.839506
0.842250
0.843621
0.842250
0.840878
0.844993
0.840878
0.839506
0.840878
0.843621
0.839506
0.842250
0.844993
0.849108
0.850480
0.839506
0.844993
0.846365
0.842250
0.851852
0.851852
0.857339
0.854595
0.851852
0.854595
0.855967
0.860082
0.858711
0.861454
0.855967
0.858711
0.862826
0.864198
0.862826
0.865569
0.865569
0.866941
0.868313
0.871056
0.872428
0.872428
0.876543
0.875171
0.873800
0.876543
0.875171
0.873800
0.875171
0.875171
0.876543
0.876543
0.879287
0.877915
0.880658
0.882030
0.880658
0.882030
0.880658
0.883402
0.883402
0.886145
0.884774
0.884774
0.891632
0.891632
0.891632
0.886145
0.894376
0.890261
0.898491
0.893004
0.897119
0.898491
0.895748
0.902606
0.899863
0.899863
0.901235
0.902606
0.899863
0.901235
0.901235
0.899863
0.902606
0.903978
0.903978
0.905350
0.905350
0.903978
0.905350
0.905350
0.909465
0.909465
0.909465
0.912208
0.910837
0.914952
0.916324
0.913580
0.913580
0.917695
0.920439
0.920439
0.916324
0.919067
0.921811
0.927298
0.927298
0.921811
0.928669
0.928669
0.930041
0.931413
0.932785
0.932785
0.932785
0.936900
0.935528
0.936900
0.936900
0.935528
0.942387
0.941015
0.942387
0.941015
0.941015
0.942387
0.943759
0.941015
0.945130
0.945130
0.943759
0.943759
0.945130
0.947874
0.946502
0.947874
0.949246
0.947874
0.946502
0.949246
0.947874
0.947874
0.947874
0.949246
0.951989
0.956104
0.956104
0.953361
0.954733
0.954733
0.956104
0.957476
0.956104
0.958848
0.960220
0.957476
0.956104
0.962963
0.961591
0.958848
0.960220
0.964335
0.965706
0.962963
0.961591
0.965706
0.967078
0.962963
0.964335
0.967078
0.968450
0.967078
0.969822
0.968450
0.968450
0.967078
0.968450
0.972565
0.969822
0.971193
0.969822
0.973937
0.971193
0.973937
0.975309
0.972565
0.975309
0.973937
0.972565
0.975309
0.975309
0.973937
0.975309
0.975309
0.975309
0.976680
0.975309
0.975309
0.975309
0.975309
0.975309
0.976680
0.976680
0.976680
0.978052
0.976680
0.979424
0.980796
0.976680
0.979424
0.979424
0.978052
0.979424
0.979424
0.982167
0.979424
0.982167
0.982167
0.982167
0.982167
0.983539
0.983539
0.983539
0.983539
0.984911
0.983539
0.984911
0.983539
0.984911
0.986283
0.987654
0.986283
0.986283
0.987654
0.987654
0.989026
0.989026
0.987654
0.987654
0.990398
0.987654
0.987654
0.989026
