0.078189
0.079561
0.075446
0.078189
0.076818
0.071331
0.069959
0.057613
0.078189
0.096022
0.124829
0.144033
0.164609
0.193416
0.218107
0.235940
0.252401
0.270233
0.279835
0.294925
0.312757
0.323731
0.333333
0.330590
0.337449
0.342936
0.345679
0.355281
0.367627
0.384088
0.410151
0.419753
0.445816
0.454047
0.475995
0.484225
0.489712
0.503429
0.510288
0.517147
0.521262
0.526749
0.533608
0.543210
0.548697
0.552812
0.554184
0.559671
0.567901
0.567901
0.573388
0.578875
0.580247
0.578875
0.580247
0.580247
0.578875
0.581619
0.584362
0.587106
0.587106
0.585734
0.587106
0.585734
0.588477
0.589849
0.595336
0.599451
0.602195
0.606310
0.610425
0.615912
0.621399
0.625514
0.625514
0.625514
0.626886
0.625514
0.633745
0.629630
0.628258
0.629630
0.631001
0.635117
0.632373
0.639232
0.643347
0.643347
0.641975
0.643347
0.641975
0.646091
0.641975
0.647462
0.647462
0.651578
0.657064
0.661180
0.676269
0.679012
0.683128
0.684499
0.691358
0.700960
0.702332
0.706447
0.716049
0.717421
0.717421
0.724280
0.729767
0.739369
0.740741
0.747599
0.747599
0.751715
0.751715
0.755830
0.758573
0.764060
0.766804
0.772291
0.772291
0.784636
0.784636
0.787380
0.788752
0.790123
0.795610
0.798354
0.805213
0.805213
0.806584
0.805213
0.814815
0.816187
0.818930
0.821674
0.824417
0.821674
0.821674
0.824417
0.824417
0.827160
0.829904
0.828532
0.832647
0.832647
0.832647
0.829904
0.834019
0.829904
0.835391
0.838134
0.835391
0.836763
0.840878
0.843621
0.843621
0.844993
0.847737
0.851852
0.851852
0.855967
0.855967
0.857339
0.861454
0.862826
0.865569
0.861454
0.864198
0.860082
0.860082
0.865569
0.861454
0.865569
0.868313
0.869685
0.871056
0.873800
0.873800
0.875171
0.872428
0.873800
0.876543
0.882030
0.883402
0.884774
0.887517
0.890261
0.888889
0.888889
0.891632
0.898491
0.893004
0.895748
0.898491
0.901235
0.899863
0.905350
0.899863
0.905350
0.908093
0.902606
0.902606
0.906722
0.909465
0.908093
0.908093
0.909465
0.910837
0.912208
0.910837
0.914952
0.912208
0.912208
0.916324
0.916324
0.917695
0.919067
0.919067
0.920439
0.924554
0.924554
0.928669
0.930041
0.932785
0.931413
0.932785
0.932785
0.931413
0.931413
0.932785
0.932785
0.934156
0.934156
0.931413
0.935528
0.934156
0.935528
0.939643
0.935528
0.939643
0.938272
0.941015
0.938272
0.941015
0.941015
0.939643
0.942387
0.942387
0.942387
0.943759
0.946502
0.945130
0.945130
0.943759
0.943759
0.943759
0.943759
0.945130
0.943759
0.943759
0.946502
0.949246
0.949246
0.949246
0.951989
0.950617
0.951989
0.950617
0.950617
0.950617
0.953361
0.953361
0.956104
0.954733
0.956104
0.953361
0.954733
0.954733
0.954733
0.954733
0.954733
0.954733
0.957476
0.956104
0.957476
0.957476
0.956104
0.958848
0.956104
0.957476
0.960220
0.956104
0.958848
0.958848
0.962963
0.962963
0.962963
0.960220
0.965706
0.960220
0.964335
0.965706
0.967078
0.964335
0.965706
0.967078
0.967078
0.964335
0.968450
0.968450
0.967078
0.969822
0.968450
0.969822
0.968450
0.972565
0.971193
0.969822
0.971193
0.972565
0.973937
0.971193
0.972565
0.972565
0.975309
0.976680
0.975309
0.976680
0.976680
0.973937
0.979424
0.978052
0.978052
0.979424
0.978052
0.978052
0.979424
0.979424
0.980796
0.979424
0.980796
0.979424
0.979424
0.980796
0.980796
0.980796
0.980796
0.979424
0.980796
0.980796
0.980796
0.982167
0.983539
0.980796
0.983539
0.983539
0.983539
0.982167
0.984911
0.984911
0.983539
0.982167
0.984911
0.984911
0.984911
0.984911
0.986283
0.984911
0.986283
0.984911
0.984911
0.986283
0.984911
0.986283
0.984911
0.984911
0.986283
0.984911
0.984911
0.984911
0.986283
0.986283
0.984911
0.986283
0.984911
0.984911
0.987654
0.989026
0.986283
0.987654
0.986283
0.986283
0.986283
0.987654
0.987654
0.986283
0.986283
