408.606750
345.908142
287.242096
236.491623
192.755341
155.256836
125.151299
104.248535
91.577171
82.563873
75.238441
69.364265
65.007607
61.097828
58.396606
55.893578
54.253139
53.433331
51.530247
50.534908
49.186073
47.576180
46.403202
44.882324
43.761799
42.388096
40.833897
39.095844
37.951363
35.900669
34.424572
33.146061
32.006485
31.487230
30.662630
29.970881
29.081879
28.268211
27.807726
27.134388
26.418043
25.844368
25.614307
25.008268
24.687634
24.264875
23.638895
22.775171
22.162510
21.803782
21.336197
20.979382
20.396681
20.010658
19.442062
19.101435
18.584089
18.333555
18.009340
17.266891
17.063881
16.736917
16.247095
16.240431
15.843123
15.193231
15.081637
14.845757
14.459197
14.113675
13.758319
13.685094
13.350570
12.957674
12.535957
12.250660
12.009751
11.704138
11.230696
10.878822
10.636138
10.550827
9.933682
9.696373
9.289181
9.154244
8.729220
8.468489
8.050236
7.954237
7.729534
7.381039
7.247004
6.898398
6.809775
6.474666
6.270560
6.181652
5.932741
5.820698
5.612701
5.358024
5.237370
5.066206
5.074929
4.891883
4.717381
4.599433
4.472643
4.410530
4.151637
4.009148
4.060637
3.916164
3.870449
3.801685
3.659746
3.630069
3.452439
3.438021
3.351426
3.289860
3.196667
3.062986
2.993077
2.963589
2.889992
2.863454
2.810704
2.756238
2.657581
2.598283
2.585515
2.560397
2.474732
2.370075
2.357399
2.366914
2.253489
2.221744
2.182612
2.164328
2.145306
2.063948
2.057456
1.946894
1.931678
1.945076
1.882746
1.865449
1.810064
1.768650
1.766539
1.701887
1.695953
1.675298
1.645324
1.595697
1.574974
1.524948
1.521304
1.479136
1.485518
1.454381
1.418640
1.392289
1.374537
1.312986
1.301329
1.293540
1.280173
1.250211
1.219075
1.205300
1.200604
1.168938
1.141538
1.115659
1.112252
1.071087
1.053713
1.040483
1.026811
1.013441
1.004615
0.966217
0.956120
0.930396
0.902921
0.879743
0.879447
0.860442
0.835803
0.822897
0.817445
0.799759
0.780499
0.766226
0.756161
0.729408
0.720172
0.705775
0.690188
0.688324
0.679406
0.660649
0.646169
0.634464
0.636717
0.618890
0.598248
0.590832
0.587111
0.575923
0.560037
0.553041
0.538624
0.528613
0.517824
0.513123
0.499081
0.499842
0.477352
0.471677
0.475683
0.462621
0.446980
0.444262
0.439789
0.445659
0.426618
0.423961
0.423050
0.402700
0.387199
0.388860
0.377806
0.373755
0.366523
0.354688
0.355498
0.350868
0.342678
0.338784
0.335004
0.343264
0.321734
0.320006
0.317313
0.310057
0.296638
0.291360
0.284636
0.283423
0.282122
0.280909
0.267329
0.264583
0.260706
0.262338
0.248027
0.250575
0.256200
0.244005
0.230494
0.236114
0.230934
0.218378
0.220281
0.213054
0.217677
0.212771
0.199996
0.197920
0.204186
0.198657
0.187487
0.190612
0.193073
0.185626
0.185252
0.176620
0.178163
0.175864
0.173262
0.165950
0.164746
0.158876
0.166100
0.159901
0.152283
0.153139
0.152180
0.152732
0.148662
0.140779
0.143149
0.134442
0.131204
0.133015
0.136398
0.126168
0.129395
0.121096
0.119553
0.116516
0.122374
0.114151
0.113919
0.112738
0.115128
0.108765
0.108564
0.107969
0.099826
0.101577
0.095951
0.096834
0.091617
0.090543
0.092761
0.090071
0.086269
0.083983
0.088715
0.084998
0.087504
0.078027
0.078960
0.077516
0.077538
0.074547
0.076135
0.073317
0.073849
0.072267
0.070197
0.069484
0.067693
0.068810
0.068154
0.065936
0.065122
0.063623
0.064162
0.060144
0.056378
0.056426
0.059952
0.054467
0.061010
0.053752
0.052841
0.051868
0.048160
0.050552
0.053244
0.050144
0.052237
0.050249
0.046705
0.046317
0.046397
0.044646
0.040090
0.043633
0.045008
0.042064
0.042804
0.041864
0.039713
0.036443
0.042469
0.037500
0.036745
0.039878
0.034260
0.035780
0.034312
0.032114
0.032766
0.035187
0.032786
0.032874
0.034231
0.031523
0.030137
0.031901
0.030768
0.028311
0.025829
0.030513
0.026906
0.027001
0.025689
0.025401
0.026407
0.025283
0.026594
0.027525
