123.982498
97.745636
82.076775
69.716095
59.173424
51.197220
46.475731
43.677917
41.811977
40.205383
38.854713
38.047699
37.197010
36.108990
35.383568
34.235794
33.445759
32.531731
31.751669
31.214878
30.293676
29.692583
28.767771
28.276331
27.480894
26.834969
25.647648
25.094923
24.451641
23.616640
22.854746
22.340012
21.769882
21.238733
20.738531
20.326246
19.719982
19.125313
18.482676
18.590363
17.604908
17.098211
16.626455
16.213764
16.036180
15.972576
15.527833
15.217680
14.942895
14.568176
14.403297
13.886749
13.320721
13.354953
13.432319
13.015340
12.597723
12.321922
12.354156
11.755869
11.459991
11.124931
11.018426
10.826028
10.560665
10.216740
10.089395
9.874616
9.512198
9.211056
8.960907
8.819679
8.618034
8.384141
8.134584
8.064349
7.939637
7.664132
7.304907
7.229803
6.873127
6.842582
6.760863
6.562706
6.471832
6.189887
5.964005
5.849161
5.683907
5.676065
5.471395
5.271998
5.203041
4.940675
4.992461
4.763595
4.679901
4.621502
4.390002
4.318540
4.280320
4.174757
4.045457
3.946653
3.794657
3.696532
3.648959
3.529212
3.520215
3.352312
3.285141
3.261157
3.157334
3.100541
3.017228
2.927622
2.840086
2.787451
2.712835
2.727349
2.624410
2.576930
2.515032
2.438367
2.432435
2.376951
2.314984
2.262524
2.226678
2.165266
2.154832
2.068106
2.058466
2.065652
2.004982
1.932187
1.939620
1.867205
1.840631
1.780458
1.779433
1.714819
1.700294
1.642934
1.618176
1.561790
1.565577
1.513535
1.509812
1.446467
1.442362
1.412991
1.378754
1.335142
1.310110
1.298488
1.266841
1.239025
1.217366
1.189510
1.168099
1.164544
1.137463
1.113815
1.066260
1.058143
1.047941
1.004193
0.995680
0.971794
0.979099
0.944949
0.921953
0.891711
0.871910
0.877292
0.850163
0.830245
0.832384
0.804263
0.787182
0.770817
0.758284
0.729784
0.711366
0.707978
0.691844
0.686376
0.661211
0.660901
0.663021
0.631857
0.610672
0.583869
0.583043
0.578713
0.566303
0.560090
0.521948
0.515079
0.522124
0.497427
0.495222
0.488879
0.466458
0.460676
0.446875
0.435723
0.447751
0.421350
0.411241
0.402584
0.389279
0.373669
0.368494
0.366770
0.357656
0.362693
0.338295
0.336976
0.332222
0.318755
0.317144
0.309705
0.299480
0.292949
0.289886
0.277950
0.287666
0.273729
0.269106
0.253355
0.252597
0.254730
0.241569
0.246472
0.229651
0.227433
0.228929
0.214125
0.208649
0.212019
0.203839
0.200940
0.192145
0.191721
0.185457
0.178729
0.176905
0.180894
0.179093
0.168595
0.163409
0.157015
0.162399
0.153742
0.155770
0.141007
0.149745
0.148172
0.140200
0.137349
0.139845
0.129926
0.133321
0.133553
0.127942
0.130142
0.122448
0.118207
0.122723
0.114276
0.113588
0.112417
0.106529
0.106522
0.105427
0.106354
0.106420
0.103155
0.099244
0.100600
0.097097
0.097983
0.094515
0.092683
0.093485
0.094362
0.087942
0.088465
0.086152
0.086484
0.084578
0.082841
0.086977
0.082320
0.082140
0.077768
0.081354
0.076107
0.080694
0.076281
0.079517
0.074922
0.071313
0.076870
0.072628
0.069698
0.066460
0.069235
0.070246
0.067529
0.065959
0.067734
0.064882
0.063356
0.062020
0.061921
0.061387
0.061060
0.057573
0.058063
0.059251
0.058942
0.057166
0.055554
0.056021
0.055605
0.054086
0.052813
0.053726
0.051702
0.052894
0.056211
0.051032
0.048996
0.050342
0.050139
0.051871
0.048248
0.048607
0.049926
0.047921
0.047968
0.044393
0.045582
0.048920
0.046405
0.044789
0.045770
0.044746
0.043919
0.044818
0.046656
0.041470
0.041598
0.041817
0.043565
0.040978
0.041427
0.041743
0.040843
0.040308
0.040600
0.037674
0.037540
0.038696
0.036373
0.037764
0.037139
0.035780
0.036092
0.035507
0.034305
0.035168
0.033345
0.034109
0.034339
0.033532
0.033922
0.032093
0.033585
0.033639
0.032247
0.032906
0.030429
0.033098
0.031695
0.031544
0.030181
0.030596
0.029899
0.029509
0.030296
0.028668
0.029125
0.029958
0.028080
0.028350
0.028106
