0.134431
0.141289
0.164609
0.174211
0.198903
0.207133
0.248285
0.271605
0.299040
0.329218
0.362140
0.374486
0.389575
0.390947
0.393690
0.400549
0.396433
0.388203
0.390947
0.385460
0.377229
0.371742
0.381344
0.374486
0.381344
0.386831
0.399177
0.408779
0.422497
0.432099
0.445816
0.451303
0.448560
0.456790
0.462277
0.467764
0.467764
0.480110
0.480110
0.478738
0.489712
0.493827
0.504801
0.508916
0.508916
0.507545
0.514403
0.518519
0.533608
0.530864
0.533608
0.541838
0.550069
0.558299
0.561043
0.574760
0.578875
0.588477
0.580247
0.595336
0.599451
0.600823
0.602195
0.609053
0.610425
0.615912
0.613169
0.622771
0.632373
0.637860
0.648834
0.647462
0.646091
0.654321
0.655693
0.658436
0.659808
0.661180
0.670782
0.672154
0.685871
0.684499
0.687243
0.694102
0.700960
0.703704
0.705075
0.711934
0.716049
0.717421
0.721536
0.720165
0.727023
0.742112
0.743484
0.740741
0.744856
0.747599
0.755830
0.755830
0.757202
0.762689
0.766804
0.775034
0.783265
0.792867
0.791495
0.795610
0.794239
0.801097
0.805213
0.803841
0.805213
0.809328
0.809328
0.812071
0.813443
0.814815
0.818930
0.812071
0.818930
0.820302
0.823045
0.828532
0.824417
0.831276
0.835391
0.831276
0.839506
0.839506
0.836763
0.839506
0.846365
0.835391
0.838134
0.843621
0.839506
0.842250
0.847737
0.851852
0.847737
0.850480
0.853224
0.858711
0.853224
0.861454
0.860082
0.862826
0.864198
0.871056
0.869685
0.872428
0.872428
0.875171
0.869685
0.876543
0.873800
0.877915
0.876543
0.879287
0.877915
0.872428
0.879287
0.876543
0.884774
0.882030
0.886145
0.887517
0.894376
0.893004
0.893004
0.901235
0.899863
0.899863
0.899863
0.902606
0.902606
0.902606
0.903978
0.902606
0.903978
0.906722
0.908093
0.905350
0.905350
0.905350
0.905350
0.906722
0.906722
0.912208
0.910837
0.912208
0.914952
0.912208
0.919067
0.913580
0.914952
0.913580
0.916324
0.921811
0.920439
0.917695
0.921811
0.921811
0.923182
0.920439
0.927298
0.925926
0.927298
0.927298
0.928669
0.928669
0.928669
0.931413
0.932785
0.934156
0.934156
0.935528
0.935528
0.935528
0.934156
0.935528
0.936900
0.938272
0.939643
0.939643
0.939643
0.939643
0.939643
0.938272
0.939643
0.943759
0.942387
0.939643
0.941015
0.942387
0.946502
0.943759
0.943759
0.946502
0.947874
0.949246
0.949246
0.950617
0.950617
0.951989
0.951989
0.949246
0.950617
0.953361
0.953361
0.953361
0.956104
0.957476
0.956104
0.956104
0.961591
0.960220
0.960220
0.962963
0.962963
0.957476
0.957476
0.964335
0.960220
0.964335
0.960220
0.962963
0.961591
0.964335
0.962963
0.967078
0.967078
0.968450
0.968450
0.968450
0.968450
0.968450
0.971193
0.969822
0.968450
0.971193
0.968450
0.972565
0.971193
0.972565
0.972565
0.972565
0.972565
0.975309
0.973937
0.975309
0.975309
0.975309
0.973937
0.975309
0.975309
0.975309
0.975309
0.975309
0.975309
0.975309
0.975309
0.975309
0.976680
0.975309
0.976680
0.978052
0.976680
0.976680
0.976680
0.976680
0.979424
0.978052
0.978052
0.979424
0.979424
0.980796
0.979424
0.979424
0.979424
0.979424
0.979424
0.980796
0.980796
0.982167
0.979424
0.980796
0.982167
0.980796
0.979424
0.982167
0.979424
0.979424
0.980796
0.984911
0.983539
0.980796
0.982167
0.984911
0.983539
0.984911
0.984911
0.980796
0.986283
0.984911
0.980796
0.986283
0.984911
0.984911
0.984911
0.984911
0.986283
0.982167
0.986283
0.986283
0.986283
0.984911
0.986283
0.986283
0.984911
0.986283
0.987654
0.987654
0.987654
0.987654
0.984911
0.986283
0.986283
0.989026
0.989026
0.989026
0.989026
0.989026
0.986283
0.987654
0.989026
0.989026
0.989026
0.989026
0.987654
0.989026
0.989026
0.989026
0.987654
0.987654
0.989026
0.987654
0.987654
0.987654
0.987654
0.990398
0.990398
0.989026
0.990398
0.987654
0.991770
0.989026
0.989026
0.990398
