215.272156
186.203491
158.000427
133.431290
114.513901
101.279617
92.684410
85.101372
77.768440
70.408386
63.930115
57.212860
51.293167
47.915874
44.871487
42.597767
40.628036
39.002544
37.252262
35.338398
34.082226
32.770813
31.303793
29.868862
28.429434
27.105383
25.855785
24.876860
23.698509
22.800112
21.925074
20.937241
20.210976
19.342020
18.295185
17.639584
16.766212
15.959922
15.150688
14.556667
14.068648
13.395143
12.807399
12.446008
11.844912
11.490229
10.898560
10.523642
10.214164
9.977157
9.643064
9.249749
9.041202
8.920260
8.548817
8.223243
8.165081
7.779278
7.527685
7.266974
7.037084
6.833500
6.777221
6.493007
6.299436
6.086234
5.943659
5.837788
5.667714
5.613431
5.368623
5.292340
5.145833
5.095718
5.062582
4.864125
4.740529
4.614390
4.548581
4.533940
4.423953
4.346848
4.278484
4.246752
4.096077
4.068070
4.055889
4.014692
3.972962
3.832798
3.808875
3.857898
3.690590
3.665195
3.636424
3.612275
3.603301
3.547990
3.522426
3.427486
3.311236
3.228815
3.252725
3.212229
3.140724
3.075747
2.934418
2.926930
2.911276
2.775302
2.751369
2.703930
2.617271
2.548671
2.488360
2.450088
2.387062
2.297236
2.270828
2.233029
2.174358
2.177921
2.048021
2.024194
1.970350
1.941103
1.848735
1.873404
1.822745
1.751746
1.688460
1.651570
1.608114
1.618834
1.560038
1.538797
1.502415
1.460024
1.463498
1.397753
1.357903
1.328222
1.300088
1.295814
1.247581
1.195086
1.190058
1.155785
1.134637
1.103853
1.105525
1.071931
1.045992
1.035357
1.001853
0.991627
0.978322
0.968995
0.931262
0.916827
0.889028
0.891025
0.858229
0.854180
0.845325
0.817248
0.820107
0.805911
0.787120
0.772885
0.751110
0.744541
0.748876
0.731091
0.705599
0.693074
0.688735
0.673434
0.664594
0.649261
0.633913
0.625673
0.602336
0.620603
0.592452
0.590806
0.575327
0.561185
0.548790
0.541176
0.525710
0.520336
0.509262
0.490100
0.495621
0.480459
0.466198
0.460037
0.453257
0.442956
0.431464
0.424862
0.423149
0.420614
0.411607
0.403020
0.399102
0.386699
0.382162
0.373170
0.370696
0.359203
0.351565
0.339037
0.337804
0.331185
0.332447
0.325694
0.316043
0.303554
0.305830
0.299203
0.288941
0.288149
0.282871
0.279283
0.275029
0.270502
0.266845
0.262908
0.257520
0.255888
0.253274
0.243041
0.237619
0.230074
0.228228
0.222926
0.219889
0.217468
0.208318
0.205349
0.200688
0.202473
0.200195
0.195354
0.186110
0.183073
0.181834
0.175241
0.171197
0.171486
0.172761
0.161640
0.157645
0.156190
0.151310
0.152929
0.148204
0.143184
0.141431
0.139328
0.141092
0.136625
0.137037
0.128936
0.131827
0.123208
0.122095
0.120981
0.119513
0.114321
0.113509
0.109514
0.107805
0.107592
0.103975
0.101136
0.099951
0.098196
0.095296
0.094365
0.091565
0.090811
0.087706
0.085407
0.086784
0.086429
0.083920
0.080031
0.078294
0.080964
0.078461
0.077361
0.075182
0.074555
0.071360
0.071748
0.071443
0.069329
0.067083
0.066386
0.065551
0.064550
0.065189
0.063124
0.061508
0.061241
0.060047
0.059168
0.058237
0.057008
0.056492
0.056354
0.054680
0.053271
0.051114
0.052733
0.052393
0.051698
0.049535
0.048248
0.048116
0.046958
0.047483
0.046640
0.045555
0.044417
0.043121
0.042287
0.042070
0.041595
0.041629
0.040664
0.040267
0.040777
0.040799
0.039206
0.039346
0.039460
0.038086
0.037200
0.036862
0.036428
0.037336
0.035727
0.035393
0.035023
0.034722
0.034535
0.033917
0.034156
0.033558
0.032435
0.031133
0.030714
0.030917
0.030604
0.029380
0.029582
0.028657
0.028498
0.028341
0.028095
0.027879
0.027430
0.027528
0.027390
0.026608
0.025942
0.026214
0.026006
0.026167
0.025280
0.024505
0.024380
0.024608
0.024357
0.024546
0.023785
0.023586
0.023983
0.023159
0.022969
0.022806
0.023201
0.022386
0.021787
0.022307
0.021228
0.021482
0.021587
0.021124
0.020779
0.021188
0.021196
0.020613
0.020079
0.020037
0.019697
