0.097394
0.130315
0.137174
0.137174
0.157750
0.203018
0.211248
0.227709
0.233196
0.245542
0.262003
0.282579
0.310014
0.314129
0.314129
0.329218
0.334705
0.349794
0.359396
0.362140
0.368999
0.370370
0.381344
0.385460
0.385460
0.393690
0.401920
0.412894
0.429355
0.441701
0.451303
0.456790
0.469136
0.473251
0.486968
0.495199
0.491084
0.495199
0.495199
0.496571
0.507545
0.526749
0.532236
0.540466
0.547325
0.545953
0.552812
0.559671
0.561043
0.563786
0.566530
0.577503
0.577503
0.576132
0.591221
0.595336
0.600823
0.606310
0.621399
0.629630
0.633745
0.639232
0.639232
0.650206
0.654321
0.668038
0.669410
0.672154
0.685871
0.687243
0.695473
0.691358
0.689986
0.696845
0.694102
0.703704
0.705075
0.709191
0.718793
0.721536
0.727023
0.732510
0.737997
0.736625
0.744856
0.750343
0.748971
0.748971
0.748971
0.754458
0.757202
0.755830
0.762689
0.762689
0.761317
0.764060
0.762689
0.770919
0.772291
0.777778
0.781893
0.783265
0.781893
0.783265
0.780521
0.783265
0.788752
0.780521
0.780521
0.781893
0.787380
0.786008
0.792867
0.795610
0.795610
0.798354
0.796982
0.799726
0.801097
0.802469
0.805213
0.806584
0.817558
0.818930
0.821674
0.823045
0.827160
0.827160
0.827160
0.831276
0.836763
0.839506
0.840878
0.836763
0.840878
0.839506
0.838134
0.842250
0.839506
0.840878
0.838134
0.839506
0.840878
0.839506
0.842250
0.847737
0.849108
0.850480
0.847737
0.850480
0.850480
0.853224
0.850480
0.851852
0.854595
0.855967
0.855967
0.855967
0.858711
0.860082
0.861454
0.861454
0.862826
0.866941
0.866941
0.871056
0.869685
0.872428
0.872428
0.873800
0.877915
0.876543
0.876543
0.877915
0.880658
0.887517
0.882030
0.887517
0.886145
0.884774
0.890261
0.890261
0.890261
0.887517
0.893004
0.891632
0.891632
0.894376
0.894376
0.894376
0.897119
0.899863
0.897119
0.898491
0.899863
0.899863
0.901235
0.899863
0.902606
0.902606
0.905350
0.906722
0.906722
0.906722
0.908093
0.910837
0.908093
0.909465
0.909465
0.913580
0.914952
0.914952
0.914952
0.913580
0.916324
0.913580
0.916324
0.917695
0.919067
0.921811
0.916324
0.917695
0.920439
0.923182
0.923182
0.924554
0.924554
0.925926
0.924554
0.925926
0.928669
0.925926
0.923182
0.927298
0.927298
0.927298
0.928669
0.931413
0.928669
0.931413
0.935528
0.935528
0.935528
0.938272
0.938272
0.931413
0.936900
0.939643
0.938272
0.939643
0.938272
0.941015
0.943759
0.939643
0.943759
0.943759
0.943759
0.946502
0.949246
0.949246
0.950617
0.947874
0.947874
0.949246
0.953361
0.951989
0.950617
0.954733
0.953361
0.956104
0.956104
0.956104
0.957476
0.957476
0.956104
0.956104
0.957476
0.960220
0.961591
0.960220
0.961591
0.962963
0.961591
0.964335
0.965706
0.960220
0.962963
0.964335
0.964335
0.965706
0.969822
0.968450
0.969822
0.969822
0.969822
0.969822
0.973937
0.973937
0.973937
0.975309
0.976680
0.975309
0.975309
0.975309
0.975309
0.976680
0.978052
0.978052
0.978052
0.978052
0.976680
0.978052
0.980796
0.978052
0.980796
0.980796
0.980796
0.979424
0.978052
0.982167
0.982167
0.980796
0.983539
0.983539
0.983539
0.982167
0.982167
0.984911
0.984911
0.987654
0.984911
0.989026
0.989026
0.987654
0.986283
0.987654
0.989026
0.989026
0.990398
0.987654
0.987654
0.989026
0.989026
0.989026
0.990398
0.990398
0.990398
0.990398
0.990398
0.990398
0.990398
0.991770
0.990398
0.990398
0.990398
0.990398
0.990398
0.991770
0.990398
0.991770
0.993141
0.990398
0.990398
0.990398
0.991770
0.991770
0.991770
0.991770
0.993141
0.991770
0.993141
0.993141
0.991770
0.993141
0.994513
0.994513
0.994513
0.994513
0.994513
0.994513
0.994513
0.994513
0.994513
0.995885
0.995885
0.995885
0.994513
0.994513
0.995885
0.994513
0.994513
0.994513
0.994513
0.994513
0.995885
0.995885
0.994513
0.994513
0.995885
0.995885
