0.196159
0.198903
0.209877
0.271605
0.301783
0.290809
0.288066
0.304527
0.312757
0.334705
0.356653
0.373114
0.381344
0.390947
0.403292
0.407407
0.432099
0.437586
0.445816
0.455418
0.462277
0.474623
0.474623
0.485597
0.495199
0.504801
0.510288
0.513032
0.519890
0.525377
0.525377
0.526749
0.528121
0.530864
0.530864
0.534979
0.547325
0.551440
0.552812
0.554184
0.552812
0.562414
0.567901
0.563786
0.567901
0.576132
0.585734
0.589849
0.591221
0.596708
0.599451
0.604938
0.615912
0.629630
0.635117
0.648834
0.652949
0.658436
0.663923
0.668038
0.673525
0.679012
0.674897
0.687243
0.692730
0.695473
0.694102
0.700960
0.709191
0.707819
0.707819
0.702332
0.702332
0.702332
0.703704
0.702332
0.703704
0.705075
0.706447
0.706447
0.713306
0.717421
0.725652
0.722908
0.731139
0.735254
0.739369
0.744856
0.751715
0.755830
0.754458
0.754458
0.751715
0.750343
0.754458
0.758573
0.758573
0.755830
0.754458
0.761317
0.759945
0.758573
0.766804
0.765432
0.762689
0.764060
0.764060
0.766804
0.764060
0.768176
0.766804
0.766804
0.766804
0.768176
0.773663
0.772291
0.772291
0.772291
0.769547
0.773663
0.772291
0.777778
0.779150
0.775034
0.772291
0.773663
0.772291
0.772291
0.776406
0.775034
0.777778
0.776406
0.776406
0.779150
0.772291
0.770919
0.776406
0.777778
0.781893
0.780521
0.775034
0.773663
0.777778
0.770919
0.773663
0.772291
0.769547
0.765432
0.770919
0.769547
0.766804
0.765432
0.761317
0.764060
0.764060
0.762689
0.765432
0.768176
0.773663
0.769547
0.762689
0.761317
0.758573
0.748971
0.751715
0.753086
0.744856
0.737997
0.725652
0.725652
0.721536
0.716049
0.707819
0.705075
0.702332
0.702332
0.698217
0.687243
0.676269
0.673525
0.666667
0.665295
0.661180
0.659808
0.652949
0.658436
0.647462
0.646091
0.643347
0.639232
0.640604
0.639232
0.636488
0.635117
0.639232
0.639232
0.644719
0.646091
0.643347
0.648834
0.651578
0.652949
0.652949
0.659808
0.666667
0.665295
0.663923
0.666667
0.672154
0.673525
0.677641
0.692730
0.694102
0.692730
0.687243
0.694102
0.698217
0.705075
0.702332
0.705075
0.711934
0.713306
0.714678
0.725652
0.735254
0.735254
0.737997
0.739369
0.744856
0.746228
0.747599
0.750343
0.759945
0.762689
0.764060
0.765432
0.766804
0.772291
0.773663
0.780521
0.779150
0.781893
0.777778
0.784636
0.791495
0.790123
0.788752
0.794239
0.795610
0.805213
0.802469
0.807956
0.812071
0.814815
0.816187
0.814815
0.818930
0.821674
0.825789
0.824417
0.824417
0.828532
0.828532
0.832647
0.831276
0.832647
0.834019
0.836763
0.838134
0.844993
0.843621
0.846365
0.847737
0.846365
0.847737
0.847737
0.849108
0.849108
0.851852
0.850480
0.850480
0.850480
0.851852
0.854595
0.853224
0.851852
0.850480
0.853224
0.854595
0.854595
0.855967
0.858711
0.858711
0.855967
0.858711
0.857339
0.861454
0.860082
0.862826
0.860082
0.864198
0.864198
0.865569
0.865569
0.866941
0.868313
0.866941
0.872428
0.871056
0.873800
0.876543
0.877915
0.876543
0.879287
0.879287
0.880658
0.879287
0.882030
0.886145
0.886145
0.886145
0.886145
0.884774
0.887517
0.891632
0.890261
0.893004
0.894376
0.894376
0.895748
0.895748
0.895748
0.897119
0.897119
0.901235
0.901235
0.902606
0.901235
0.901235
0.901235
0.901235
0.901235
0.902606
0.899863
0.902606
0.902606
0.902606
0.909465
0.908093
0.909465
0.908093
0.908093
0.908093
0.908093
0.912208
0.913580
0.910837
0.910837
0.912208
0.913580
0.912208
0.912208
0.912208
0.912208
0.916324
0.914952
0.914952
0.914952
0.916324
0.916324
0.916324
0.916324
0.917695
0.919067
0.917695
0.919067
0.923182
0.921811
0.919067
0.925926
0.924554
0.924554
0.930041
0.928669
0.931413
0.932785
0.934156
0.934156
0.936900
0.936900
0.938272
0.938272
0.938272
0.939643
0.938272
0.939643
0.943759
0.939643
0.942387
0.943759
