170.635712
126.922440
94.578728
76.959595
69.181259
63.821369
59.492092
55.153866
51.683868
48.151798
45.740158
42.680969
40.823395
38.705833
36.701160
35.047241
32.795330
31.243368
29.880447
28.873251
27.513723
26.365601
25.061964
23.908390
22.681019
21.881985
20.930584
19.787561
19.263369
18.667864
17.842739
17.301939
16.868635
16.281134
15.516015
15.130404
14.477490
13.887852
13.303993
12.883991
12.416546
11.810021
11.315777
10.845116
10.582012
10.102406
9.781343
9.421012
9.194299
8.859333
8.499151
8.221513
7.901166
7.722992
7.511794
7.350832
7.108978
6.820546
6.701362
6.557624
6.463122
6.291327
6.239017
6.041272
5.879469
5.707533
5.764038
5.631946
5.563267
5.468102
5.413557
5.259114
5.221457
5.123259
5.060672
4.935874
4.844855
4.735955
4.671821
4.649059
4.478800
4.341747
4.255361
4.157180
4.057362
3.992929
3.869185
3.775141
3.755670
3.648092
3.553807
3.511174
3.445344
3.343672
3.251646
3.142917
3.088747
3.050838
2.955416
2.913313
2.862660
2.784736
2.748297
2.664903
2.597824
2.579281
2.550873
2.452203
2.437220
2.418595
2.388154
2.335888
2.291634
2.248219
2.192406
2.138864
2.093765
2.068059
2.004519
1.954367
1.898474
1.843398
1.789316
1.720593
1.689663
1.651916
1.594527
1.539276
1.507167
1.452157
1.405584
1.365194
1.324608
1.307587
1.266355
1.224583
1.188748
1.147710
1.133038
1.088261
1.045161
1.032879
0.999991
0.977279
0.951382
0.935661
0.919743
0.902989
0.890060
0.874456
0.853699
0.839904
0.824813
0.823868
0.816523
0.795583
0.784753
0.774197
0.770447
0.762083
0.763129
0.759605
0.752987
0.748359
0.743648
0.744739
0.748077
0.749620
0.752857
0.756089
0.759645
0.763329
0.774566
0.786922
0.783443
0.788175
0.795715
0.803698
0.809158
0.815917
0.826052
0.834984
0.837880
0.848099
0.852421
0.851519
0.862692
0.862508
0.862554
0.864346
0.860132
0.865681
0.867096
0.866989
0.862925
0.859641
0.853866
0.846901
0.848771
0.841203
0.834637
0.830421
0.824168
0.817022
0.812193
0.802098
0.793792
0.794058
0.785749
0.775094
0.765429
0.753973
0.747814
0.747724
0.744724
0.735634
0.725777
0.721057
0.716205
0.706243
0.702787
0.693663
0.685407
0.675177
0.666389
0.655465
0.651932
0.644181
0.636284
0.631304
0.622969
0.621628
0.612023
0.605182
0.602001
0.595410
0.590143
0.583360
0.576693
0.567122
0.562144
0.559528
0.557288
0.547600
0.539019
0.534752
0.531121
0.526814
0.519973
0.515421
0.508549
0.500429
0.494330
0.488562
0.487603
0.485014
0.479393
0.477210
0.466958
0.465864
0.463136
0.454632
0.449267
0.445149
0.443312
0.440846
0.435761
0.432138
0.429093
0.424634
0.420792
0.414917
0.410693
0.408107
0.404026
0.402307
0.400454
0.395589
0.394393
0.392222
0.390745
0.386961
0.384065
0.379665
0.376164
0.371800
0.370532
0.369923
0.367545
0.363833
0.361822
0.358519
0.357192
0.354397
0.352505
0.348280
0.345308
0.343393
0.342553
0.341868
0.339222
0.336079
0.333276
0.331186
0.330014
0.325843
0.323888
0.320254
0.318442
0.316296
0.314766
0.313158
0.310138
0.307691
0.304930
0.302022
0.299506
0.297475
0.293796
0.292189
0.289314
0.287624
0.285321
0.282999
0.280700
0.277831
0.276527
0.274745
0.271835
0.269671
0.266945
0.264487
0.262941
0.259387
0.257345
0.255041
0.253275
0.251503
0.249597
0.248622
0.246695
0.244118
0.242157
0.240735
0.238945
0.237244
0.236427
0.234517
0.233518
0.230805
0.228529
0.227631
0.226686
0.224298
0.221520
0.220268
0.218801
0.216675
0.215279
0.214302
0.212370
0.210567
0.209071
0.207171
0.205811
0.206198
0.204154
0.201628
0.200758
0.199717
0.197891
0.196238
0.194124
0.193004
0.191115
0.189765
0.189253
0.187850
0.186326
0.184991
0.183084
0.181957
0.180261
0.179331
0.177616
0.175860
0.174714
0.173316
0.171334
0.170555
0.168940
0.168021
0.166245
0.165700
0.164112
0.162997
0.161750
0.161449
0.160160
0.159032
