0.098765
0.124829
0.145405
0.145405
0.152263
0.153635
0.163237
0.175583
0.209877
0.260631
0.285322
0.304527
0.329218
0.356653
0.385460
0.393690
0.401920
0.415638
0.429355
0.445816
0.455418
0.466392
0.473251
0.485597
0.497942
0.504801
0.525377
0.537723
0.547325
0.559671
0.558299
0.569273
0.580247
0.588477
0.596708
0.602195
0.613169
0.617284
0.621399
0.631001
0.639232
0.647462
0.654321
0.657064
0.665295
0.674897
0.677641
0.681756
0.689986
0.699588
0.705075
0.707819
0.707819
0.711934
0.713306
0.724280
0.731139
0.732510
0.731139
0.729767
0.735254
0.736625
0.747599
0.747599
0.750343
0.755830
0.759945
0.759945
0.762689
0.765432
0.770919
0.775034
0.779150
0.788752
0.788752
0.791495
0.794239
0.799726
0.799726
0.802469
0.802469
0.805213
0.809328
0.807956
0.809328
0.812071
0.814815
0.814815
0.816187
0.816187
0.818930
0.820302
0.824417
0.824417
0.827160
0.829904
0.828532
0.829904
0.836763
0.835391
0.832647
0.836763
0.839506
0.838134
0.838134
0.840878
0.836763
0.838134
0.840878
0.840878
0.843621
0.840878
0.839506
0.838134
0.840878
0.846365
0.847737
0.849108
0.858711
0.851852
0.857339
0.855967
0.858711
0.862826
0.862826
0.866941
0.868313
0.871056
0.872428
0.869685
0.882030
0.883402
0.886145
0.883402
0.884774
0.887517
0.887517
0.891632
0.893004
0.894376
0.894376
0.901235
0.899863
0.903978
0.906722
0.903978
0.906722
0.906722
0.906722
0.905350
0.908093
0.908093
0.910837
0.906722
0.910837
0.910837
0.912208
0.912208
0.912208
0.913580
0.914952
0.916324
0.914952
0.917695
0.914952
0.920439
0.923182
0.921811
0.923182
0.923182
0.923182
0.924554
0.924554
0.925926
0.925926
0.928669
0.927298
0.928669
0.924554
0.930041
0.930041
0.931413
0.934156
0.934156
0.934156
0.936900
0.938272
0.938272
0.938272
0.938272
0.935528
0.938272
0.936900
0.941015
0.939643
0.942387
0.945130
0.942387
0.943759
0.945130
0.946502
0.946502
0.946502
0.947874
0.946502
0.947874
0.947874
0.949246
0.947874
0.956104
0.951989
0.956104
0.954733
0.954733
0.954733
0.950617
0.956104
0.958848
0.958848
0.958848
0.958848
0.960220
0.960220
0.962963
0.960220
0.964335
0.961591
0.967078
0.965706
0.965706
0.964335
0.965706
0.965706
0.965706
0.968450
0.967078
0.968450
0.968450
0.967078
0.969822
0.969822
0.969822
0.969822
0.972565
0.973937
0.975309
0.972565
0.976680
0.975309
0.975309
0.978052
0.979424
0.976680
0.978052
0.979424
0.979424
0.979424
0.979424
0.979424
0.979424
0.980796
0.980796
0.983539
0.980796
0.979424
0.980796
0.982167
0.982167
0.983539
0.982167
0.983539
0.982167
0.984911
0.983539
0.986283
0.984911
0.984911
0.989026
0.986283
0.987654
0.987654
0.987654
0.986283
0.987654
0.989026
0.987654
0.987654
0.987654
0.989026
0.987654
0.987654
0.990398
0.989026
0.990398
0.990398
0.989026
0.989026
0.990398
0.991770
0.990398
0.991770
0.993141
0.993141
0.991770
0.991770
0.991770
0.991770
0.991770
0.991770
0.991770
0.993141
0.994513
0.991770
0.991770
0.993141
0.993141
0.991770
0.993141
0.993141
0.994513
0.994513
0.994513
0.994513
0.995885
0.994513
0.994513
0.995885
0.994513
0.994513
0.995885
0.994513
0.995885
0.995885
0.995885
0.995885
0.994513
0.995885
0.995885
0.994513
0.997257
0.994513
0.995885
0.997257
0.995885
0.994513
0.997257
0.994513
0.997257
0.995885
0.997257
0.995885
0.998628
0.997257
0.995885
0.998628
0.998628
0.995885
0.998628
0.998628
0.998628
0.998628
0.998628
0.998628
0.998628
0.998628
0.998628
0.998628
0.998628
0.998628
0.998628
0.998628
0.998628
0.998628
0.998628
0.998628
1.000000
1.000000
1.000000
0.998628
1.000000
1.000000
0.997257
1.000000
1.000000
0.998628
1.000000
0.998628
1.000000
1.000000
1.000000
0.998628
1.000000
1.000000
1.000000
1.000000
1.000000
1.000000
1.000000
1.000000
1.000000
