161.575485
140.636017
122.238327
105.836449
91.360405
78.696449
67.373840
58.463848
51.910709
47.802090
45.176525
42.702942
40.609287
38.492363
36.654953
35.045033
33.444778
31.860998
30.175802
28.626415
27.072496
25.491241
24.461767
23.033163
21.255247
19.963919
18.855675
17.683083
16.823812
15.911205
15.322265
14.623046
14.001007
13.467839
12.727831
12.125198
11.671295
11.228494
10.783090
10.212774
9.939537
9.391659
9.036079
8.741936
8.306854
8.043463
7.678525
7.358809
7.094391
6.759935
6.521565
6.393307
6.138633
5.846223
5.653483
5.423119
5.260835
5.054239
4.952211
4.817469
4.662465
4.552308
4.375900
4.264726
4.105623
4.009354
3.937328
3.827143
3.737634
3.668872
3.589170
3.465860
3.382660
3.307911
3.256189
3.159477
3.092676
3.036797
2.958527
2.891586
2.831399
2.778828
2.745269
2.680697
2.615735
2.550631
2.484485
2.469433
2.391992
2.335562
2.292655
2.230946
2.219902
2.148455
2.093514
2.073312
2.040050
2.010393
1.994780
1.960315
1.926190
1.866500
1.852740
1.817383
1.806854
1.791517
1.766985
1.725286
1.719687
1.699680
1.644263
1.600953
1.584241
1.587166
1.546875
1.490393
1.466478
1.448304
1.405859
1.411386
1.337675
1.351808
1.307995
1.279825
1.239093
1.203326
1.180202
1.145352
1.110032
1.105973
1.062262
1.036746
1.009293
1.000358
0.963418
0.937964
0.917153
0.886213
0.875169
0.845766
0.825944
0.801399
0.806528
0.772053
0.757059
0.749135
0.729153
0.717847
0.698600
0.694728
0.677583
0.665017
0.656167
0.636193
0.623826
0.617888
0.595126
0.584069
0.572873
0.558430
0.544760
0.532667
0.527746
0.507213
0.499519
0.484782
0.475029
0.463674
0.446533
0.456435
0.446117
0.429158
0.418216
0.415254
0.400650
0.385521
0.385850
0.377361
0.373235
0.355941
0.349954
0.350884
0.339732
0.332141
0.330570
0.317479
0.306253
0.303517
0.299877
0.293693
0.287375
0.283089
0.274983
0.273631
0.267579
0.260941
0.253431
0.250635
0.244169
0.239857
0.230493
0.227050
0.223398
0.219832
0.217854
0.211538
0.208004
0.203348
0.200832
0.195280
0.190370
0.185675
0.182553
0.182939
0.177615
0.175956
0.168503
0.165254
0.162854
0.158433
0.155529
0.148898
0.148043
0.145330
0.141383
0.138617
0.138220
0.132302
0.128620
0.126504
0.127095
0.120524
0.118879
0.115518
0.112827
0.111520
0.107612
0.105105
0.102300
0.099235
0.097685
0.098270
0.095901
0.089824
0.087647
0.086448
0.084530
0.080848
0.078962
0.075859
0.075472
0.073354
0.074707
0.073120
0.068018
0.068794
0.065474
0.064476
0.063324
0.060852
0.059032
0.059140
0.057830
0.057593
0.056663
0.053819
0.054493
0.051607
0.049227
0.048385
0.047976
0.048122
0.046661
0.045613
0.043140
0.042536
0.041187
0.040641
0.039093
0.039210
0.038006
0.035395
0.034578
0.035871
0.032483
0.032223
0.031937
0.030311
0.029914
0.029536
0.029159
0.027312
0.026700
0.028013
0.026691
0.025859
0.025570
0.025235
0.023922
0.023609
0.022145
0.021500
0.021074
0.020587
0.019911
0.020566
0.020239
0.019305
0.019047
0.018416
0.018301
0.017797
0.017126
0.017197
0.016972
0.017360
0.016876
0.016485
0.016248
0.014949
0.014644
0.014803
0.014483
0.014254
0.014169
0.013734
0.012907
0.013099
0.012256
0.012738
0.011745
0.011641
0.011858
0.011440
0.011444
0.011454
0.010605
0.010862
0.011217
0.010713
0.010507
0.010042
0.010101
0.009737
0.009430
0.009800
0.009494
0.008954
0.009248
0.008757
0.009214
0.009016
0.008351
0.009015
0.008838
0.008351
0.008780
0.008215
0.008109
0.007949
0.008547
0.008170
0.007930
0.008025
0.008246
0.007513
0.007983
0.007968
0.007320
0.007464
0.007198
0.007437
0.007323
0.007327
0.007125
0.006785
0.006831
0.006733
0.007095
0.006541
0.006402
0.007232
0.006686
0.006300
0.006801
0.006840
0.006810
0.006198
0.006463
0.006109
0.006739
0.006256
0.006203
0.006163
0.006399
0.006160
0.006194
0.006298
0.006044
0.005607
