0.056241
0.065844
0.174211
0.219479
0.244170
0.242798
0.248285
0.253772
0.260631
0.268861
0.279835
0.285322
0.290809
0.303155
0.319616
0.329218
0.334705
0.342936
0.359396
0.382716
0.392318
0.397805
0.403292
0.408779
0.423868
0.427984
0.436214
0.449931
0.463649
0.466392
0.474623
0.484225
0.495199
0.491084
0.503429
0.504801
0.513032
0.522634
0.528121
0.530864
0.536351
0.539095
0.544582
0.551440
0.563786
0.570645
0.578875
0.574760
0.582990
0.578875
0.581619
0.587106
0.588477
0.596708
0.600823
0.606310
0.614540
0.620027
0.618656
0.622771
0.622771
0.625514
0.625514
0.625514
0.625514
0.620027
0.629630
0.625514
0.631001
0.631001
0.632373
0.635117
0.635117
0.636488
0.637860
0.636488
0.639232
0.639232
0.640604
0.639232
0.643347
0.644719
0.646091
0.647462
0.647462
0.646091
0.648834
0.651578
0.650206
0.654321
0.651578
0.654321
0.659808
0.659808
0.658436
0.662551
0.655693
0.668038
0.665295
0.663923
0.674897
0.673525
0.677641
0.679012
0.680384
0.681756
0.677641
0.680384
0.683128
0.685871
0.691358
0.695473
0.695473
0.700960
0.705075
0.703704
0.703704
0.707819
0.710562
0.709191
0.710562
0.710562
0.710562
0.711934
0.710562
0.714678
0.709191
0.703704
0.698217
0.700960
0.700960
0.699588
0.703704
0.699588
0.707819
0.705075
0.706447
0.711934
0.706447
0.702332
0.706447
0.707819
0.699588
0.700960
0.698217
0.705075
0.706447
0.705075
0.710562
0.707819
0.709191
0.709191
0.707819
0.703704
0.707819
0.710562
0.709191
0.711934
0.713306
0.720165
0.724280
0.722908
0.724280
0.727023
0.728395
0.724280
0.722908
0.722908
0.727023
0.718793
0.725652
0.718793
0.716049
0.713306
0.713306
0.707819
0.703704
0.699588
0.691358
0.680384
0.677641
0.676269
0.680384
0.681756
0.676269
0.665295
0.662551
0.662551
0.659808
0.662551
0.657064
0.662551
0.661180
0.663923
0.663923
0.666667
0.665295
0.663923
0.658436
0.658436
0.659808
0.662551
0.665295
0.663923
0.668038
0.668038
0.674897
0.669410
0.672154
0.677641
0.673525
0.673525
0.676269
0.679012
0.674897
0.680384
0.674897
0.676269
0.677641
0.679012
0.683128
0.685871
0.689986
0.688615
0.684499
0.681756
0.684499
0.684499
0.687243
0.694102
0.694102
0.691358
0.689986
0.696845
0.699588
0.698217
0.700960
0.702332
0.706447
0.706447
0.705075
0.710562
0.709191
0.706447
0.710562
0.711934
0.716049
0.718793
0.724280
0.729767
0.728395
0.732510
0.737997
0.737997
0.742112
0.743484
0.744856
0.747599
0.754458
0.757202
0.757202
0.757202
0.761317
0.768176
0.766804
0.770919
0.769547
0.766804
0.768176
0.772291
0.773663
0.772291
0.776406
0.772291
0.776406
0.773663
0.781893
0.783265
0.786008
0.784636
0.788752
0.794239
0.796982
0.796982
0.796982
0.802469
0.802469
0.806584
0.806584
0.812071
0.812071
0.816187
0.814815
0.813443
0.816187
0.817558
0.818930
0.821674
0.823045
0.827160
0.825789
0.827160
0.825789
0.827160
0.828532
0.829904
0.831276
0.834019
0.838134
0.834019
0.836763
0.839506
0.844993
0.844993
0.847737
0.847737
0.851852
0.853224
0.853224
0.850480
0.855967
0.858711
0.853224
0.854595
0.857339
0.857339
0.857339
0.857339
0.858711
0.858711
0.857339
0.855967
0.855967
0.857339
0.861454
0.862826
0.861454
0.860082
0.861454
0.866941
0.865569
0.866941
0.865569
0.866941
0.868313
0.868313
0.868313
0.865569
0.866941
0.869685
0.868313
0.868313
0.872428
0.872428
0.872428
0.869685
0.869685
0.871056
0.871056
0.872428
0.873800
0.873800
0.876543
0.876543
0.884774
0.879287
0.883402
0.893004
0.887517
0.891632
0.890261
0.894376
0.895748
0.895748
0.902606
0.903978
0.902606
0.905350
0.905350
0.905350
0.905350
0.905350
0.905350
0.906722
0.906722
0.910837
0.908093
0.909465
0.909465
0.909465
0.913580
0.913580
0.913580
0.913580
0.916324
0.913580
0.916324
0.917695
0.914952
0.916324
