206.742599
145.768051
122.626907
112.892693
105.935226
99.667328
92.890060
87.245163
80.486305
73.718689
67.990356
62.793949
57.691151
54.431820
51.724613
50.214607
47.510197
45.673237
44.349308
42.202930
40.055840
38.510654
37.604916
37.035629
35.326172
34.238445
33.173145
32.378941
31.108652
30.394407
29.567169
28.624662
27.737474
27.009779
25.828251
24.878590
24.094126
23.294716
22.385897
21.778652
20.676392
19.940973
19.125448
18.360838
17.534060
16.900076
16.242693
15.459389
14.620363
14.170707
13.586308
13.179409
12.823000
12.579379
12.359474
12.064209
11.892052
11.720252
11.494107
11.177289
10.911973
10.524177
10.143134
9.902588
9.632017
9.388510
8.989181
8.878184
8.593715
8.379779
8.160484
8.008493
7.871978
7.671181
7.572129
7.451397
7.355550
7.207290
7.051305
6.955827
6.800248
6.672721
6.527894
6.456931
6.334055
6.222352
6.078805
6.032983
5.890991
5.786947
5.675467
5.589279
5.383714
5.237268
5.121529
4.979657
4.807138
4.735290
4.569106
4.526248
4.344134
4.244106
4.106787
4.024252
3.894313
3.827420
3.724851
3.650419
3.533121
3.480993
3.348665
3.242516
3.212079
3.084146
2.998570
2.946710
2.880800
2.848274
2.779827
2.716955
2.646870
2.574272
2.531671
2.479126
2.434640
2.373327
2.326649
2.275324
2.246411
2.188578
2.148983
2.113050
2.082273
2.035374
1.981556
1.936880
1.894494
1.846147
1.806740
1.775482
1.735542
1.692899
1.661030
1.642716
1.618056
1.587569
1.557465
1.529531
1.496013
1.479085
1.454015
1.418341
1.396291
1.369633
1.330162
1.296456
1.264792
1.229152
1.193387
1.161399
1.124058
1.092021
1.050257
1.026772
1.000094
0.973792
0.946188
0.922267
0.904622
0.895046
0.886972
0.886671
0.877741
0.881740
0.867692
0.864821
0.864328
0.856254
0.859145
0.864208
0.869306
0.872949
0.876305
0.874147
0.871285
0.871333
0.871944
0.865901
0.868619
0.875798
0.874318
0.877212
0.873559
0.867147
0.864769
0.862153
0.860888
0.860011
0.858148
0.853276
0.849890
0.848930
0.844191
0.839822
0.835820
0.832273
0.831890
0.833184
0.832353
0.828226
0.825232
0.822183
0.816290
0.813195
0.811331
0.808167
0.806813
0.801086
0.797099
0.796887
0.793133
0.788428
0.785095
0.778428
0.775700
0.772907
0.764818
0.758481
0.756433
0.748531
0.741599
0.736992
0.730480
0.723300
0.720277
0.716774
0.709896
0.702209
0.697253
0.692827
0.686496
0.681827
0.677945
0.674542
0.667419
0.660313
0.654654
0.650301
0.644783
0.641894
0.636188
0.630550
0.626086
0.621601
0.620231
0.613344
0.610854
0.605182
0.601837
0.597082
0.590894
0.586530
0.580885
0.573951
0.572163
0.569719
0.564117
0.560974
0.557632
0.555154
0.549641
0.546786
0.542866
0.540522
0.537191
0.532902
0.528257
0.521938
0.519234
0.518500
0.512253
0.505887
0.502274
0.498389
0.497175
0.493133
0.490566
0.487121
0.483371
0.480261
0.478250
0.476510
0.473708
0.471075
0.465824
0.463658
0.461742
0.457696
0.454379
0.453890
0.449504
0.447511
0.442758
0.440536
0.435257
0.432475
0.430217
0.427648
0.427002
0.422844
0.417195
0.415820
0.412358
0.409758
0.404470
0.402630
0.400609
0.398411
0.394796
0.390920
0.387767
0.386110
0.382045
0.379363
0.377855
0.374347
0.370332
0.369853
0.367745
0.365123
0.362413
0.361483
0.358915
0.356190
0.353140
0.349793
0.347448
0.345614
0.342902
0.340225
0.338592
0.335813
0.332682
0.328849
0.327825
0.326265
0.323710
0.322180
0.319795
0.316452
0.313791
0.311649
0.309476
0.307408
0.305053
0.303191
0.301855
0.299101
0.296381
0.294308
0.292538
0.289323
0.287361
0.284349
0.284139
0.280900
0.279854
0.277728
0.275338
0.273264
0.270967
0.268762
0.265676
0.263701
0.261982
0.259487
0.258199
0.257295
0.255247
0.254672
0.250792
0.249524
0.247352
0.245827
0.242567
0.241075
0.239184
0.237024
0.235690
0.233989
0.232777
0.231327
0.229014
0.227514
0.224889
0.223300
0.221234
0.220273
0.218128
0.218290
