305.840118
221.338394
163.152222
128.982788
105.840363
90.227760
79.353027
71.198624
64.282097
58.993912
53.688267
48.888721
44.935081
41.670570
38.917908
36.461765
34.158669
31.763985
30.187519
28.810490
26.742733
25.400349
24.773436
23.275915
22.133488
20.510847
19.649731
17.960814
17.284166
15.865824
15.240478
13.820374
12.886205
12.134666
11.466084
10.663244
9.982785
9.647626
9.069334
8.568692
8.192260
7.901590
7.585548
7.295532
6.928158
6.569725
6.345875
6.093157
5.835648
5.656487
5.211250
4.989526
4.846016
4.736040
4.384101
4.231445
4.019209
3.947172
3.796711
3.684283
3.534478
3.343676
3.219934
3.058692
3.041886
2.894737
2.750453
2.668201
2.612030
2.376889
2.405240
2.301277
2.178118
2.114629
2.081138
1.929933
1.900690
1.851134
1.742131
1.724303
1.634726
1.597043
1.543487
1.431280
1.456061
1.368669
1.309973
1.293862
1.261276
1.255939
1.168647
1.128577
1.058116
1.092669
1.010914
0.982611
0.995732
0.947743
0.881368
0.918036
0.777454
0.830207
0.755182
0.758231
0.731221
0.714070
0.669203
0.638334
0.629539
0.604061
0.610360
0.581416
0.538856
0.572734
0.514893
0.504375
0.461596
0.457621
0.457720
0.406560
0.413450
0.411519
0.376122
0.375832
0.369542
0.357770
0.341322
0.350835
0.314115
0.290271
0.322659
0.283118
0.279330
0.261687
0.248830
0.233828
0.247914
0.214961
0.221915
0.216299
0.202246
0.212605
0.178822
0.185038
0.173157
0.166796
0.167028
0.154089
0.153146
0.142915
0.138406
0.146035
0.132242
0.133524
0.139588
0.131186
0.121387
0.127514
0.119881
0.115389
0.105523
0.107537
0.106727
0.102800
0.094325
0.107743
0.094523
0.099026
0.107016
0.098109
0.098281
0.087230
0.088002
0.087443
0.081695
0.087567
0.082473
0.075484
0.078239
0.071806
0.072877
0.062313
0.059171
0.067745
0.055539
0.043885
0.041364
0.041565
0.042027
0.044973
0.035431
0.035727
0.044393
0.035814
0.034734
0.034516
0.030140
0.037141
0.035063
0.031870
0.026446
0.026082
0.022979
0.023587
0.022825
0.022599
0.019127
0.019718
0.019705
0.016815
0.017053
0.018742
0.017601
0.018875
0.014370
0.015903
0.014960
0.016184
0.014035
0.016012
0.015015
0.014262
0.013623
0.015476
0.013900
0.015714
0.010995
0.012096
0.008951
0.008821
0.008662
0.008472
0.010016
0.007685
0.010363
0.009219
0.009798
0.007374
0.008001
0.009542
0.008566
0.010376
0.011031
0.006436
0.008367
0.006688
0.008633
0.007238
0.003509
0.006724
0.006876
0.004716
0.006470
0.007899
0.006246
0.007833
0.007905
0.005806
0.006089
0.004887
0.003555
0.003967
0.004462
0.004651
0.002280
0.002130
0.002217
0.003631
0.002880
0.002278
0.004669
0.002354
0.003741
0.000830
0.005059
0.002876
0.001898
0.003918
0.000986
0.000990
0.000970
0.001669
0.000705
0.001406
0.002077
0.004316
0.001377
0.000331
0.000528
0.000225
0.000248
0.000279
0.000190
0.000467
0.000081
0.000300
0.000110
0.000319
0.000184
0.000131
0.000087
0.000275
0.000050
0.000477
0.000099
0.000089
0.000324
0.000026
0.000257
0.000071
0.000020
0.000115
0.000106
0.000075
0.000060
0.000074
0.000011
0.000142
0.000027
0.000117
0.000010
0.000096
0.000012
0.000005
0.000032
0.000011
0.000011
0.000014
0.000019
0.000004
0.000001
0.000010
0.000101
0.000010
0.000008
0.000015
0.000019
0.000012
0.000001
0.000006
0.000006
0.000002
0.000002
0.000001
0.000002
0.000001
0.000009
0.000001
0.000000
0.000002
0.000001
0.000002
0.000002
0.000000
0.000000
0.000002
0.000000
0.000002
0.000001
0.000003
0.000001
0.000001
0.000001
0.000000
0.000003
0.000003
0.000000
0.000000
0.000000
0.000000
0.000001
0.000000
0.000001
0.000003
0.000001
0.000001
0.000000
0.000001
0.000000
0.000000
0.000000
0.000001
0.000000
0.000000
0.000002
0.000000
0.000000
0.000000
0.000000
0.000000
0.000000
0.000000
0.000000
0.000000
0.000000
0.000001
0.000000
0.000000
0.000000
0.000000
