0.050872
0.049419
0.049419
0.062500
0.071221
0.097384
0.127907
0.142442
0.171512
0.188953
0.225291
0.255814
0.283430
0.331395
0.370640
0.402616
0.441860
0.453488
0.466570
0.485465
0.500000
0.513081
0.518895
0.524709
0.534884
0.543605
0.550872
0.562500
0.569767
0.582849
0.591570
0.609012
0.617733
0.633721
0.654070
0.668605
0.681686
0.687500
0.702035
0.716570
0.729651
0.731105
0.744186
0.754360
0.758721
0.764535
0.779070
0.783430
0.796512
0.802326
0.809593
0.816860
0.821221
0.822674
0.829942
0.837209
0.841570
0.847384
0.854651
0.851744
0.856105
0.864826
0.867733
0.872093
0.869186
0.873547
0.879360
0.879360
0.885174
0.890988
0.889535
0.890988
0.895349
0.893895
0.896802
0.902616
0.904070
0.899709
0.902616
0.905523
0.908430
0.909884
0.912791
0.914244
0.915698
0.924419
0.924419
0.925872
0.928779
0.927326
0.928779
0.930233
0.936047
0.930233
0.936047
0.936047
0.936047
0.937500
0.940407
0.936047
0.944767
0.940407
0.943314
0.944767
0.944767
0.946221
0.944767
0.947674
0.947674
0.947674
0.947674
0.949128
0.954942
0.952035
0.954942
0.953488
0.956395
0.954942
0.956395
0.956395
0.959302
0.959302
0.960756
0.960756
0.960756
0.962209
0.963663
0.965116
0.965116
0.966570
0.966570
0.968023
0.968023
0.970930
0.970930
0.973837
0.969477
0.975291
0.973837
0.970930
0.976744
0.973837
0.978198
0.978198
0.979651
0.978198
0.979651
0.982558
0.982558
0.984012
0.984012
0.984012
0.984012
0.982558
0.984012
0.986919
0.986919
0.986919
0.986919
0.986919
0.988372
0.986919
0.986919
0.988372
0.988372
0.985465
0.988372
0.988372
0.986919
0.988372
0.986919
0.988372
0.988372
0.988372
0.988372
0.988372
0.988372
0.988372
0.988372
0.989826
0.988372
0.988372
0.989826
0.989826
0.989826
0.992733
0.991279
0.991279
0.989826
0.994186
0.995640
0.992733
0.989826
0.992733
0.995640
0.992733
0.995640
0.994186
0.992733
0.995640
0.995640
0.997093
0.997093
0.995640
0.997093
0.997093
0.997093
0.998547
0.997093
0.998547
0.998547
0.997093
0.998547
0.998547
0.998547
0.998547
0.998547
0.998547
0.998547
0.998547
0.998547
0.998547
0.998547
0.998547
0.998547
0.998547
0.998547
0.998547
0.998547
0.998547
0.998547
0.998547
0.998547
0.998547
0.998547
0.998547
0.998547
0.998547
0.998547
0.998547
0.998547
0.998547
0.998547
0.998547
0.998547
0.998547
0.998547
0.998547
0.998547
0.998547
0.998547
0.998547
0.998547
0.998547
0.998547
0.998547
0.998547
0.998547
0.998547
0.998547
0.998547
0.998547
0.998547
0.998547
0.998547
0.998547
0.998547
0.998547
0.998547
0.998547
0.998547
0.998547
0.998547
1.000000
0.998547
0.998547
0.998547
0.998547
1.000000
1.000000
1.000000
0.998547
1.000000
0.998547
0.998547
0.998547
0.998547
1.000000
1.000000
1.000000
1.000000
1.000000
1.000000
1.000000
1.000000
1.000000
1.000000
1.000000
1.000000
1.000000
1.000000
1.000000
1.000000
1.000000
1.000000
1.000000
1.000000
1.000000
1.000000
1.000000
1.000000
1.000000
1.000000
1.000000
1.000000
1.000000
1.000000
1.000000
1.000000
1.000000
1.000000
1.000000
1.000000
1.000000
1.000000
1.000000
1.000000
1.000000
1.000000
1.000000
1.000000
1.000000
1.000000
1.000000
1.000000
1.000000
1.000000
1.000000
1.000000
1.000000
1.000000
1.000000
1.000000
1.000000
1.000000
1.000000
1.000000
1.000000
1.000000
1.000000
1.000000
1.000000
1.000000
1.000000
1.000000
1.000000
1.000000
1.000000
1.000000
1.000000
1.000000
1.000000
1.000000
1.000000
1.000000
1.000000
1.000000
1.000000
1.000000
1.000000
1.000000
1.000000
1.000000
1.000000
1.000000
1.000000
1.000000
1.000000
1.000000
1.000000
1.000000
1.000000
1.000000
1.000000
1.000000
1.000000
1.000000
1.000000
1.000000
1.000000
1.000000
1.000000
1.000000
1.000000
1.000000
1.000000
1.000000
1.000000
1.000000
1.000000
