0.136628
0.126453
0.119186
0.114826
0.093023
0.098837
0.133721
0.194767
0.229651
0.258721
0.284884
0.313953
0.335756
0.357558
0.375000
0.401163
0.427326
0.459302
0.478198
0.494186
0.504360
0.513081
0.529070
0.539244
0.556686
0.569767
0.577035
0.587209
0.606105
0.622093
0.625000
0.635174
0.636628
0.645349
0.654070
0.667151
0.675872
0.686047
0.694767
0.704942
0.720930
0.725291
0.729651
0.734012
0.750000
0.755814
0.757267
0.761628
0.771802
0.781977
0.799419
0.805233
0.805233
0.808140
0.819767
0.831395
0.831395
0.844477
0.853198
0.860465
0.863372
0.864826
0.866279
0.869186
0.875000
0.876453
0.873547
0.879360
0.885174
0.886628
0.892442
0.893895
0.895349
0.896802
0.904070
0.899709
0.904070
0.912791
0.908430
0.912791
0.906977
0.914244
0.921512
0.921512
0.921512
0.925872
0.927326
0.931686
0.928779
0.933140
0.933140
0.930233
0.931686
0.933140
0.936047
0.937500
0.934593
0.936047
0.940407
0.940407
0.943314
0.944767
0.946221
0.947674
0.946221
0.946221
0.950581
0.949128
0.949128
0.952035
0.949128
0.952035
0.956395
0.957849
0.957849
0.957849
0.956395
0.957849
0.959302
0.960756
0.959302
0.959302
0.965116
0.960756
0.966570
0.965116
0.962209
0.962209
0.965116
0.965116
0.968023
0.970930
0.970930
0.968023
0.972384
0.972384
0.975291
0.975291
0.976744
0.976744
0.975291
0.976744
0.976744
0.976744
0.976744
0.973837
0.976744
0.978198
0.976744
0.976744
0.979651
0.984012
0.981105
0.984012
0.982558
0.984012
0.982558
0.984012
0.982558
0.984012
0.985465
0.986919
0.984012
0.986919
0.986919
0.986919
0.986919
0.986919
0.986919
0.986919
0.985465
0.986919
0.985465
0.986919
0.986919
0.986919
0.986919
0.986919
0.986919
0.988372
0.988372
0.988372
0.988372
0.988372
0.988372
0.988372
0.988372
0.988372
0.988372
0.989826
0.989826
0.988372
0.988372
0.989826
0.989826
0.989826
0.989826
0.992733
0.989826
0.989826
0.989826
0.992733
0.989826
0.992733
0.994186
0.994186
0.991279
0.991279
0.991279
0.994186
0.995640
0.997093
0.995640
0.997093
0.995640
0.995640
0.995640
0.997093
0.997093
0.995640
0.998547
0.997093
0.998547
0.997093
0.997093
0.998547
0.998547
0.997093
0.998547
0.998547
0.998547
0.998547
0.998547
0.998547
0.998547
0.998547
0.998547
0.998547
0.998547
0.998547
0.998547
0.998547
0.998547
1.000000
0.998547
0.998547
1.000000
1.000000
0.998547
0.998547
1.000000
1.000000
1.000000
1.000000
0.998547
1.000000
1.000000
1.000000
1.000000
0.998547
1.000000
1.000000
1.000000
1.000000
1.000000
0.998547
1.000000
1.000000
1.000000
1.000000
1.000000
1.000000
1.000000
1.000000
1.000000
1.000000
1.000000
1.000000
1.000000
1.000000
1.000000
1.000000
1.000000
1.000000
1.000000
1.000000
1.000000
1.000000
1.000000
1.000000
1.000000
1.000000
1.000000
1.000000
1.000000
1.000000
1.000000
1.000000
1.000000
1.000000
1.000000
1.000000
1.000000
1.000000
1.000000
1.000000
1.000000
1.000000
1.000000
1.000000
1.000000
1.000000
1.000000
1.000000
1.000000
1.000000
1.000000
1.000000
1.000000
1.000000
1.000000
1.000000
1.000000
1.000000
1.000000
1.000000
1.000000
1.000000
1.000000
1.000000
1.000000
1.000000
1.000000
1.000000
1.000000
1.000000
1.000000
1.000000
1.000000
1.000000
1.000000
1.000000
1.000000
1.000000
1.000000
1.000000
1.000000
1.000000
1.000000
1.000000
1.000000
1.000000
1.000000
1.000000
1.000000
1.000000
1.000000
1.000000
1.000000
1.000000
1.000000
1.000000
1.000000
1.000000
1.000000
1.000000
1.000000
1.000000
1.000000
1.000000
1.000000
1.000000
1.000000
1.000000
1.000000
1.000000
1.000000
1.000000
1.000000
1.000000
1.000000
1.000000
1.000000
1.000000
1.000000
1.000000
1.000000
1.000000
1.000000
1.000000
1.000000
1.000000
1.000000
1.000000
1.000000
1.000000
1.000000
1.000000
1.000000
1.000000
