357.144379
275.577240
211.883942
158.156754
117.539581
90.155762
73.824295
64.866104
58.603760
54.214737
50.554382
46.487263
43.786640
40.585991
37.867538
35.196743
33.294384
31.269026
29.798893
27.951641
26.188559
25.070295
23.342808
22.468344
20.782251
19.558764
18.575541
17.346621
16.291075
15.352474
14.417157
13.646324
12.643953
11.735898
11.139193
10.432559
9.828755
9.312429
8.821072
8.203418
7.765835
7.315041
6.854418
6.336004
5.994349
5.742204
5.461429
5.119672
4.851172
4.524555
4.245460
4.012602
3.904219
3.685118
3.475511
3.144884
3.057142
2.906005
2.735939
2.589881
2.487518
2.346237
2.282371
2.136489
2.063637
1.977787
1.954545
1.868580
1.802542
1.727015
1.654246
1.583487
1.544849
1.509014
1.455720
1.405646
1.319352
1.282178
1.269163
1.195675
1.191093
1.123150
1.141716
1.090899
1.090112
1.078173
1.025143
1.014397
0.973706
0.952518
0.943552
0.923278
0.898011
0.857461
0.827400
0.803984
0.803739
0.763841
0.719332
0.748026
0.730309
0.663866
0.638349
0.617878
0.616679
0.609944
0.587233
0.581289
0.542147
0.518913
0.552080
0.498641
0.476962
0.468830
0.460047
0.472584
0.465781
0.449789
0.418281
0.404935
0.423840
0.399126
0.366494
0.356060
0.344443
0.336257
0.342473
0.320878
0.320097
0.307231
0.300721
0.295781
0.291202
0.292747
0.270700
0.258993
0.244702
0.246092
0.229972
0.232210
0.228506
0.209434
0.202011
0.209992
0.191227
0.196404
0.198761
0.185229
0.180713
0.187998
0.178716
0.177270
0.168833
0.152643
0.156406
0.147240
0.169277
0.158643
0.157594
0.127376
0.135366
0.127765
0.123839
0.129123
0.109188
0.113518
0.119502
0.116524
0.112153
0.095006
0.098990
0.100902
0.105236
0.092890
0.083308
0.087252
0.082918
0.075127
0.081931
0.067804
0.069208
0.061004
0.065326
0.059310
0.064171
0.081408
0.059919
0.052709
0.038778
0.047168
0.038795
0.045255
0.039217
0.037692
0.041973
0.041696
0.038228
0.024556
0.036674
0.027064
0.024727
0.019568
0.021064
0.019960
0.010756
0.015502
0.014994
0.017146
0.027580
0.016068
0.007467
0.009824
0.010575
0.007577
0.012366
0.007870
0.007832
0.005290
0.004636
0.005605
0.003003
0.006041
0.004243
0.007334
0.009887
0.003314
0.003695
0.010419
0.004824
0.005536
0.004212
0.002347
0.001648
0.004470
0.004370
0.005223
0.001980
0.002221
0.006434
0.002295
0.001330
0.002354
0.005398
0.000998
0.004223
0.003617
0.000674
0.000603
0.002975
0.001701
0.001020
0.000158
0.001082
0.000789
0.001370
0.000972
0.000840
0.000485
0.000970
0.001279
0.000525
0.000161
0.000451
0.000795
0.000370
0.001795
0.000535
0.000384
0.000067
0.000145
0.000702
0.000399
0.000417
0.000941
0.000118
0.000139
0.000105
0.000018
0.000009
0.000049
0.000056
0.000236
0.000007
0.000175
0.000082
0.000050
0.000018
0.000026
0.000211
0.000133
0.000033
0.000019
0.000002
0.000006
0.000200
0.000009
0.000053
0.000120
0.000012
0.000009
0.000014
0.000058
0.000018
0.000051
0.000014
0.000001
0.000003
0.000002
0.000009
0.000001
0.000006
0.000005
0.000005
0.000014
0.000002
0.000003
0.000003
0.000106
0.000001
0.000007
0.000010
0.000009
0.000062
0.000048
0.000004
0.000004
0.000065
0.000009
0.000001
0.000006
0.000010
0.000001
0.000001
0.000001
0.000001
0.000001
0.000000
0.000021
0.000001
0.000000
0.000001
0.000000
0.000002
0.000000
0.000000
0.000000
0.000001
0.000001
0.000000
0.000000
0.000000
0.000001
0.000000
0.000000
0.000000
0.000000
0.000000
0.000000
0.000001
0.000001
0.000000
0.000001
0.000001
0.000000
0.000000
0.000000
0.000001
0.000000
0.000001
0.000001
0.000000
0.000001
0.000000
0.000000
0.000000
0.000000
0.000000
0.000000
0.000000
0.000000
0.000000
0.000001
0.000001
0.000001
0.000000
0.000001
0.000000
0.000000
0.000000
0.000000
0.000000
0.000002
0.000000
0.000000
0.000000
0.000000
0.000000
0.000000
0.000000
0.000001
