209.537613
151.065811
118.215263
96.509140
82.781853
75.114830
68.773849
63.448093
58.794945
54.703598
51.395264
48.552246
45.782475
43.499931
41.598381
39.590721
38.461594
37.350262
35.962708
35.822098
34.986912
34.624626
34.055515
33.444107
32.951942
32.156834
30.098974
29.845995
28.502134
27.500751
26.513783
25.222610
23.892969
22.928576
21.787001
20.777901
19.631254
18.834633
17.320206
16.524864
15.601531
14.876858
13.695300
13.161202
12.542942
11.928551
11.224231
10.545792
10.208830
9.419811
9.086318
8.498740
8.286115
8.027676
7.546132
7.270198
6.879356
6.460321
6.257301
6.094615
5.774208
5.329435
5.106599
4.968415
4.751598
4.549736
4.263573
4.118885
3.929323
3.906796
3.730053
3.663675
3.470937
3.300904
3.066359
3.138561
2.949226
2.889204
2.822774
2.700618
2.650232
2.519624
2.375784
2.351051
2.231368
2.231464
2.198677
2.028606
2.042106
1.955773
1.876473
1.823845
1.701127
1.685957
1.589608
1.561693
1.492353
1.420130
1.464238
1.338545
1.371282
1.283495
1.320346
1.211258
1.203784
1.145973
1.146090
1.099183
1.069247
0.991986
0.995814
0.967344
0.914067
0.903353
0.907992
0.859342
0.860037
0.814914
0.765414
0.759129
0.730573
0.690539
0.710714
0.643677
0.648275
0.636097
0.580946
0.578388
0.581974
0.567411
0.517351
0.524657
0.484440
0.474451
0.440962
0.472492
0.432223
0.418929
0.399971
0.408568
0.374052
0.370428
0.357211
0.344997
0.311887
0.308314
0.290591
0.316165
0.301992
0.283953
0.242026
0.255014
0.257981
0.223070
0.228776
0.229418
0.221802
0.206793
0.197665
0.194146
0.180867
0.166819
0.166968
0.166699
0.144900
0.143224
0.133371
0.146183
0.123689
0.136927
0.118794
0.111279
0.093065
0.113596
0.091629
0.090803
0.090308
0.097182
0.084379
0.085248
0.072717
0.078719
0.076336
0.067335
0.060393
0.059465
0.069183
0.061804
0.046514
0.044627
0.042216
0.034865
0.037249
0.034301
0.036022
0.034215
0.032144
0.033842
0.033402
0.026912
0.028736
0.023303
0.016721
0.020023
0.019910
0.022360
0.017752
0.017864
0.013391
0.013194
0.014394
0.015738
0.017160
0.010259
0.012438
0.010109
0.008796
0.005252
0.007721
0.010270
0.003151
0.006749
0.004226
0.006880
0.007652
0.003840
0.005901
0.005829
0.001607
0.003266
0.001681
0.003610
0.004064
0.000589
0.000280
0.001658
0.000384
0.002067
0.000776
0.000828
0.001190
0.001003
0.000973
0.001123
0.000234
0.000214
0.000380
0.000753
0.000073
0.000197
0.000183
0.000432
0.000376
0.000112
0.000159
0.000203
0.000504
0.000104
0.000020
0.000130
0.000178
0.000054
0.000014
0.000066
0.000078
0.000034
0.000105
0.000026
0.000118
0.000029
0.000014
0.000008
0.000022
0.000023
0.000014
0.000008
0.000031
0.000047
0.000013
0.000036
0.000023
0.000005
0.000018
0.000018
0.000011
0.000026
0.000009
0.000006
0.000050
0.000006
0.000011
0.000013
0.000006
0.000042
0.000003
0.000007
0.000009
0.000012
0.000009
0.000006
0.000003
0.000003
0.000020
0.000010
0.000006
0.000019
0.000028
0.000003
0.000006
0.000005
0.000002
0.000003
0.000001
0.000002
0.000007
0.000012
0.000005
0.000002
0.000001
0.000002
0.000006
0.000003
0.000004
0.000001
0.000004
0.000002
0.000002
0.000003
0.000005
0.000003
0.000003
0.000001
0.000001
0.000002
0.000009
0.000001
0.000001
0.000001
0.000005
0.000001
0.000005
0.000001
0.000001
0.000003
0.000001
0.000002
0.000002
0.000000
0.000004
0.000000
0.000000
0.000000
0.000000
0.000000
0.000001
0.000001
0.000007
0.000001
0.000000
0.000001
0.000000
0.000001
0.000000
0.000000
0.000000
0.000001
0.000000
0.000000
0.000000
0.000000
0.000000
0.000001
0.000000
0.000000
0.000000
0.000000
0.000000
0.000000
0.000000
0.000001
0.000000
0.000000
0.000000
0.000000
0.000000
0.000000
0.000000
0.000000
0.000000
0.000000
0.000000
0.000000
0.000000
0.000000
0.000000
0.000000
0.000000
0.000000
0.000000
0.000000
