0.100291
0.168605
0.190407
0.216570
0.270349
0.289244
0.309593
0.327035
0.343023
0.363372
0.382267
0.402616
0.415698
0.446221
0.457849
0.472384
0.476744
0.473837
0.486919
0.494186
0.495640
0.500000
0.511628
0.518895
0.529070
0.529070
0.550872
0.550872
0.563953
0.568314
0.585756
0.598837
0.607558
0.609012
0.620640
0.623547
0.625000
0.630814
0.643895
0.645349
0.655523
0.656977
0.670058
0.677326
0.681686
0.686047
0.691860
0.694767
0.700581
0.709302
0.719477
0.725291
0.731105
0.735465
0.738372
0.748547
0.748547
0.758721
0.760174
0.764535
0.774709
0.773256
0.783430
0.781977
0.786337
0.792151
0.797965
0.802326
0.809593
0.815407
0.821221
0.827035
0.837209
0.838663
0.845930
0.847384
0.851744
0.853198
0.854651
0.859012
0.861919
0.863372
0.869186
0.872093
0.872093
0.879360
0.876453
0.883721
0.879360
0.883721
0.895349
0.895349
0.901163
0.899709
0.899709
0.905523
0.905523
0.909884
0.912791
0.917151
0.908430
0.917151
0.920058
0.921512
0.922965
0.924419
0.924419
0.924419
0.925872
0.931686
0.931686
0.931686
0.933140
0.937500
0.937500
0.938953
0.937500
0.937500
0.940407
0.940407
0.938953
0.941860
0.940407
0.946221
0.946221
0.947674
0.950581
0.947674
0.952035
0.952035
0.956395
0.956395
0.956395
0.959302
0.959302
0.959302
0.957849
0.963663
0.963663
0.962209
0.962209
0.965116
0.963663
0.965116
0.968023
0.966570
0.969477
0.968023
0.969477
0.969477
0.973837
0.968023
0.968023
0.973837
0.972384
0.969477
0.973837
0.975291
0.975291
0.976744
0.976744
0.976744
0.978198
0.979651
0.979651
0.979651
0.978198
0.979651
0.979651
0.979651
0.981105
0.979651
0.985465
0.981105
0.982558
0.984012
0.982558
0.982558
0.984012
0.984012
0.985465
0.986919
0.985465
0.985465
0.988372
0.986919
0.988372
0.986919
0.989826
0.989826
0.991279
0.991279
0.992733
0.991279
0.991279
0.991279
0.992733
0.992733
0.994186
0.994186
0.992733
0.994186
0.994186
0.994186
0.994186
0.994186
0.995640
0.997093
0.997093
0.997093
0.997093
0.995640
0.995640
0.997093
0.997093
0.995640
0.997093
0.998547
0.997093
0.995640
0.997093
0.997093
0.997093
0.997093
0.997093
0.998547
0.997093
0.998547
1.000000
0.998547
1.000000
0.998547
0.998547
1.000000
1.000000
1.000000
1.000000
0.998547
1.000000
1.000000
0.998547
1.000000
1.000000
1.000000
1.000000
1.000000
1.000000
1.000000
1.000000
1.000000
1.000000
1.000000
1.000000
1.000000
1.000000
1.000000
1.000000
1.000000
1.000000
1.000000
1.000000
1.000000
1.000000
1.000000
1.000000
1.000000
1.000000
1.000000
1.000000
1.000000
1.000000
1.000000
1.000000
1.000000
1.000000
1.000000
1.000000
1.000000
1.000000
1.000000
1.000000
1.000000
1.000000
1.000000
1.000000
1.000000
1.000000
1.000000
1.000000
1.000000
1.000000
1.000000
1.000000
1.000000
1.000000
1.000000
1.000000
1.000000
1.000000
1.000000
1.000000
1.000000
1.000000
1.000000
1.000000
1.000000
1.000000
1.000000
1.000000
1.000000
1.000000
1.000000
1.000000
1.000000
1.000000
1.000000
1.000000
1.000000
1.000000
1.000000
1.000000
1.000000
1.000000
1.000000
1.000000
1.000000
1.000000
1.000000
1.000000
1.000000
1.000000
1.000000
1.000000
1.000000
1.000000
1.000000
1.000000
1.000000
1.000000
1.000000
1.000000
1.000000
1.000000
1.000000
1.000000
1.000000
1.000000
1.000000
1.000000
1.000000
1.000000
1.000000
1.000000
1.000000
1.000000
1.000000
1.000000
1.000000
1.000000
1.000000
1.000000
1.000000
1.000000
1.000000
1.000000
1.000000
1.000000
1.000000
1.000000
1.000000
1.000000
1.000000
1.000000
1.000000
1.000000
1.000000
1.000000
1.000000
1.000000
1.000000
1.000000
1.000000
1.000000
1.000000
1.000000
1.000000
1.000000
1.000000
1.000000
1.000000
1.000000
1.000000
1.000000
1.000000
1.000000
1.000000
1.000000
1.000000
1.000000
1.000000
