0.162791
0.180233
0.191860
0.270349
0.321221
0.354651
0.366279
0.388081
0.417151
0.431686
0.444767
0.453488
0.453488
0.463663
0.465116
0.473837
0.476744
0.472384
0.479651
0.482558
0.481105
0.485465
0.488372
0.495640
0.492733
0.501453
0.515988
0.520349
0.529070
0.539244
0.540698
0.550872
0.561047
0.558140
0.575581
0.590116
0.597384
0.601744
0.613372
0.619186
0.636628
0.639535
0.649709
0.649709
0.658430
0.655523
0.668605
0.678779
0.684593
0.693314
0.706395
0.712209
0.723837
0.732558
0.738372
0.741279
0.761628
0.777616
0.779070
0.787791
0.793605
0.800872
0.805233
0.818314
0.816860
0.816860
0.831395
0.834302
0.831395
0.837209
0.841570
0.837209
0.832849
0.828488
0.835756
0.829942
0.829942
0.832849
0.829942
0.834302
0.844477
0.841570
0.840116
0.845930
0.851744
0.859012
0.854651
0.860465
0.867733
0.864826
0.876453
0.867733
0.872093
0.880814
0.888081
0.883721
0.888081
0.890988
0.889535
0.896802
0.890988
0.893895
0.899709
0.899709
0.899709
0.899709
0.899709
0.904070
0.908430
0.922965
0.912791
0.922965
0.931686
0.925872
0.924419
0.922965
0.925872
0.927326
0.922965
0.943314
0.938953
0.940407
0.940407
0.944767
0.943314
0.943314
0.950581
0.950581
0.949128
0.947674
0.953488
0.953488
0.952035
0.957849
0.952035
0.954942
0.959302
0.954942
0.957849
0.952035
0.957849
0.956395
0.954942
0.954942
0.953488
0.959302
0.957849
0.962209
0.960756
0.959302
0.960756
0.957849
0.956395
0.956395
0.966570
0.968023
0.966570
0.966570
0.966570
0.968023
0.969477
0.969477
0.968023
0.969477
0.972384
0.970930
0.970930
0.970930
0.972384
0.972384
0.970930
0.973837
0.975291
0.973837
0.972384
0.976744
0.978198
0.979651
0.978198
0.982558
0.979651
0.984012
0.982558
0.984012
0.982558
0.984012
0.985465
0.982558
0.985465
0.985465
0.985465
0.985465
0.988372
0.984012
0.985465
0.988372
0.985465
0.988372
0.988372
0.988372
0.989826
0.988372
0.989826
0.989826
0.989826
0.989826
0.991279
0.989826
0.989826
0.992733
0.991279
0.992733
0.991279
0.991279
0.991279
0.992733
0.992733
0.994186
0.994186
0.992733
0.994186
0.991279
0.992733
0.994186
0.994186
0.995640
0.994186
0.994186
0.995640
0.995640
0.995640
0.995640
0.995640
0.995640
0.997093
0.995640
0.997093
0.997093
0.995640
0.995640
0.997093
0.997093
0.997093
0.995640
0.997093
0.997093
0.997093
0.997093
0.997093
0.997093
0.997093
0.997093
0.995640
0.998547
0.997093
0.997093
0.997093
0.997093
0.998547
0.998547
1.000000
1.000000
0.997093
0.998547
0.998547
0.998547
0.998547
0.997093
0.997093
0.998547
0.998547
0.998547
0.997093
0.998547
0.998547
0.998547
0.998547
0.998547
0.998547
0.998547
0.998547
1.000000
0.998547
0.998547
0.998547
0.998547
0.998547
0.998547
0.998547
0.998547
0.998547
0.998547
0.998547
0.998547
0.998547
0.998547
1.000000
1.000000
0.998547
0.998547
1.000000
1.000000
0.998547
1.000000
0.998547
1.000000
1.000000
1.000000
1.000000
1.000000
1.000000
1.000000
0.998547
1.000000
1.000000
1.000000
1.000000
1.000000
1.000000
1.000000
1.000000
1.000000
1.000000
1.000000
1.000000
1.000000
1.000000
1.000000
1.000000
1.000000
1.000000
1.000000
1.000000
1.000000
1.000000
1.000000
1.000000
1.000000
1.000000
1.000000
1.000000
1.000000
1.000000
1.000000
1.000000
1.000000
1.000000
1.000000
1.000000
1.000000
1.000000
1.000000
1.000000
1.000000
1.000000
1.000000
1.000000
1.000000
1.000000
1.000000
1.000000
1.000000
1.000000
1.000000
1.000000
1.000000
1.000000
1.000000
1.000000
1.000000
1.000000
1.000000
1.000000
1.000000
1.000000
1.000000
1.000000
1.000000
1.000000
1.000000
1.000000
1.000000
1.000000
1.000000
1.000000
1.000000
1.000000
1.000000
1.000000
1.000000
1.000000
1.000000
1.000000
1.000000
1.000000
1.000000
1.000000
1.000000
1.000000
1.000000
