228.209366
169.920181
128.556900
99.404976
85.523781
78.212997
71.447411
65.253067
60.799789
57.118618
53.891743
51.374199
47.950230
46.114738
43.502014
42.163960
40.151295
38.398594
37.032955
34.888710
33.409142
32.057934
30.679892
28.733957
27.481087
26.273409
25.007935
23.917114
22.252895
21.345623
20.781929
19.301601
18.030920
17.706770
16.388063
15.820905
14.811786
14.270390
13.855767
13.300148
12.548747
12.563299
11.974319
11.434338
10.697570
10.995568
10.183628
9.736527
9.527182
9.011237
8.675117
8.116685
7.396721
6.922046
6.533566
6.562799
5.920162
5.463445
5.243360
4.762510
4.742548
4.411174
4.231157
3.917655
3.744366
3.525997
3.314778
3.147391
3.168969
2.916105
2.789807
2.796969
2.720665
2.776294
2.609482
2.624548
2.709614
2.602749
2.533165
2.435730
2.363008
2.288378
2.283330
2.157627
2.087636
2.028298
1.980997
1.906321
1.736571
1.763238
1.637925
1.699837
1.574660
1.515409
1.385529
1.429836
1.353470
1.286200
1.281907
1.136567
1.145293
1.063338
1.055946
0.968888
0.957366
0.871514
0.876812
0.846894
0.773956
0.693239
0.733576
0.672194
0.592686
0.597228
0.604549
0.533593
0.493412
0.463729
0.476164
0.399726
0.394973
0.392062
0.335960
0.341416
0.317689
0.303149
0.256508
0.274639
0.259924
0.252365
0.246848
0.240527
0.236502
0.247008
0.225430
0.218621
0.200235
0.222396
0.200971
0.217111
0.194756
0.173999
0.199294
0.186506
0.191575
0.176921
0.163421
0.159937
0.156023
0.157136
0.145021
0.158172
0.143412
0.157048
0.138255
0.126007
0.124514
0.118502
0.132851
0.120901
0.111781
0.101339
0.107196
0.098304
0.096918
0.109507
0.091960
0.085906
0.089010
0.075831
0.076325
0.076583
0.081384
0.069220
0.068981
0.068388
0.069762
0.057377
0.057357
0.059935
0.055502
0.051402
0.051671
0.051001
0.055266
0.045211
0.046828
0.056341
0.044045
0.046263
0.042625
0.041639
0.038902
0.044334
0.037582
0.034440
0.038692
0.035218
0.036904
0.032087
0.029620
0.030208
0.030250
0.026751
0.024099
0.025536
0.022652
0.023119
0.023175
0.025280
0.023465
0.021582
0.020642
0.020262
0.020643
0.019478
0.016873
0.017036
0.017595
0.020319
0.017578
0.020237
0.015042
0.014648
0.014716
0.017033
0.014706
0.014427
0.014337
0.013536
0.012803
0.012507
0.011811
0.011988
0.012215
0.011449
0.011096
0.012460
0.011282
0.010401
0.010493
0.011663
0.011958
0.012509
0.009473
0.009817
0.007959
0.008456
0.008137
0.008794
0.006525
0.007163
0.008520
0.004682
0.006239
0.006661
0.006001
0.005331
0.005497
0.004480
0.004082
0.004233
0.005919
0.004660
0.005076
0.005181
0.005503
0.007502
0.006648
0.004555
0.004497
0.004837
0.004414
0.005655
0.005313
0.005708
0.005180
0.004920
0.004473
0.004335
0.004170
0.004013
0.003912
0.004027
0.004227
0.005429
0.003849
0.004142
0.003954
0.003780
0.004091
0.003630
0.003868
0.003546
0.004269
0.004174
0.003465
0.003485
0.003496
0.003569
0.003441
0.003376
0.004531
0.003269
0.003700
0.003986
0.003129
0.003313
0.002903
0.003124
0.003104
0.003198
0.005367
0.002826
0.002888
0.003298
0.002869
0.002821
0.002742
0.003144
0.002912
0.002762
0.003209
0.002854
0.002860
0.002785
0.002657
0.002562
0.002958
0.002752
0.003726
0.002523
0.003196
0.002558
0.002389
0.002898
0.003053
0.002410
0.002361
0.002817
0.002377
0.002945
0.003159
0.002300
0.002498
0.002544
0.002212
0.002369
0.002412
0.002693
0.002768
0.002082
0.002143
0.002255
0.002779
0.003502
0.002136
0.002341
0.002262
0.002135
0.002157
0.001938
0.001928
0.002225
0.001927
0.002166
0.002129
0.002155
0.002050
0.002196
0.002200
0.001989
0.001853
0.001803
0.002042
0.001797
0.001816
0.001839
0.002504
0.001893
0.001737
0.001831
0.001821
0.002179
0.001726
0.001663
0.001811
0.001615
0.001847
0.001726
0.001603
0.001773
0.001627
0.001596
0.001831
0.001713
0.001647
0.001600
0.001529
0.001629
