0.093023
0.109012
0.094477
0.097384
0.267442
0.309593
0.340116
0.343023
0.341570
0.348837
0.335756
0.359012
0.351744
0.359012
0.383721
0.405523
0.412791
0.427326
0.453488
0.465116
0.476744
0.492733
0.501453
0.510174
0.521802
0.526163
0.526163
0.536337
0.539244
0.543605
0.547965
0.553779
0.563953
0.568314
0.577035
0.585756
0.594477
0.609012
0.609012
0.623547
0.633721
0.636628
0.651163
0.654070
0.667151
0.670058
0.681686
0.684593
0.696221
0.694767
0.696221
0.704942
0.712209
0.716570
0.725291
0.731105
0.734012
0.736919
0.739826
0.754360
0.765988
0.768895
0.779070
0.783430
0.793605
0.796512
0.803779
0.808140
0.809593
0.815407
0.818314
0.825581
0.829942
0.827035
0.837209
0.843023
0.844477
0.847384
0.850291
0.853198
0.859012
0.860465
0.863372
0.864826
0.869186
0.870640
0.879360
0.879360
0.882267
0.889535
0.889535
0.898256
0.890988
0.896802
0.906977
0.906977
0.908430
0.909884
0.911337
0.911337
0.917151
0.917151
0.915698
0.915698
0.918605
0.915698
0.921512
0.924419
0.922965
0.925872
0.925872
0.928779
0.934593
0.933140
0.934593
0.936047
0.938953
0.941860
0.941860
0.946221
0.946221
0.944767
0.944767
0.944767
0.944767
0.947674
0.949128
0.949128
0.949128
0.950581
0.952035
0.947674
0.956395
0.954942
0.950581
0.950581
0.954942
0.954942
0.957849
0.952035
0.957849
0.956395
0.959302
0.957849
0.959302
0.965116
0.970930
0.966570
0.968023
0.972384
0.976744
0.973837
0.973837
0.975291
0.979651
0.975291
0.976744
0.975291
0.976744
0.978198
0.978198
0.979651
0.979651
0.979651
0.981105
0.981105
0.981105
0.981105
0.981105
0.982558
0.981105
0.981105
0.981105
0.984012
0.982558
0.981105
0.982558
0.982558
0.982558
0.982558
0.984012
0.984012
0.985465
0.984012
0.985465
0.985465
0.985465
0.985465
0.985465
0.986919
0.986919
0.986919
0.989826
0.986919
0.988372
0.989826
0.991279
0.989826
0.991279
0.992733
0.989826
0.991279
0.991279
0.991279
0.991279
0.992733
0.997093
0.992733
0.992733
0.992733
0.994186
0.992733
0.995640
0.997093
0.997093
0.997093
0.995640
0.995640
0.995640
0.997093
0.997093
0.997093
0.997093
0.997093
0.997093
0.997093
0.997093
0.997093
0.997093
0.997093
0.997093
0.998547
0.997093
0.997093
0.998547
0.997093
0.997093
0.997093
0.997093
0.997093
0.998547
0.998547
0.998547
0.998547
1.000000
0.998547
0.998547
0.998547
0.998547
0.998547
1.000000
1.000000
1.000000
1.000000
1.000000
1.000000
1.000000
1.000000
1.000000
1.000000
1.000000
1.000000
1.000000
1.000000
1.000000
1.000000
1.000000
1.000000
1.000000
1.000000
1.000000
1.000000
1.000000
1.000000
1.000000
1.000000
1.000000
1.000000
1.000000
1.000000
1.000000
1.000000
1.000000
1.000000
1.000000
1.000000
1.000000
1.000000
1.000000
1.000000
1.000000
1.000000
1.000000
1.000000
1.000000
1.000000
1.000000
1.000000
1.000000
1.000000
1.000000
1.000000
1.000000
1.000000
1.000000
1.000000
1.000000
1.000000
1.000000
1.000000
1.000000
1.000000
1.000000
1.000000
1.000000
1.000000
1.000000
1.000000
1.000000
1.000000
1.000000
1.000000
1.000000
1.000000
1.000000
1.000000
1.000000
1.000000
1.000000
1.000000
1.000000
1.000000
1.000000
1.000000
1.000000
1.000000
1.000000
1.000000
1.000000
1.000000
1.000000
1.000000
1.000000
1.000000
1.000000
1.000000
1.000000
1.000000
1.000000
1.000000
1.000000
1.000000
1.000000
1.000000
1.000000
1.000000
1.000000
1.000000
1.000000
1.000000
1.000000
1.000000
1.000000
1.000000
1.000000
1.000000
1.000000
1.000000
1.000000
1.000000
1.000000
1.000000
1.000000
1.000000
1.000000
1.000000
1.000000
1.000000
1.000000
1.000000
1.000000
1.000000
1.000000
1.000000
1.000000
1.000000
1.000000
1.000000
1.000000
1.000000
1.000000
1.000000
1.000000
1.000000
1.000000
1.000000
1.000000
1.000000
1.000000
1.000000
