341.475342
236.732529
153.723892
96.157707
72.712082
67.884811
65.639191
63.551918
61.171539
58.934105
58.422504
54.572693
53.040257
51.373604
48.786701
46.274597
44.134171
42.645638
40.344368
39.121941
37.583782
36.498489
34.816612
33.873684
32.176041
31.221460
29.930511
28.945892
28.199587
27.153006
26.237185
25.500332
24.471983
24.004644
22.852215
22.102943
21.542048
20.657022
20.253286
19.466187
18.609735
18.648891
17.682489
17.277250
16.684334
16.421022
15.748090
15.599763
14.741310
14.407151
14.057580
13.402120
12.835621
12.291259
11.847916
11.485697
11.099036
10.505049
10.259343
9.733713
9.028952
9.085068
8.606588
8.409697
7.852705
7.713364
7.366245
7.127576
6.799408
6.601898
6.244282
5.939111
5.883866
5.743657
5.373523
5.296989
5.281388
4.805629
4.720901
4.477633
4.409051
4.317494
4.113500
3.946888
3.785902
3.715379
3.478935
3.319243
3.279335
3.078450
3.122720
2.857762
2.844022
2.778974
2.648022
2.609864
2.518440
2.418309
2.380038
2.361963
2.236536
2.096302
2.135383
2.142093
1.888735
1.899508
1.742669
1.734680
1.598517
1.560433
1.561776
1.543222
1.466262
1.447573
1.376378
1.319442
1.309862
1.220170
1.140258
1.159733
1.135790
1.089227
1.162855
1.022781
1.002447
0.935447
0.900682
0.830850
0.862725
0.826841
0.735841
0.808209
0.664564
0.676237
0.714639
0.676927
0.613183
0.589763
0.522790
0.620486
0.511401
0.542338
0.484247
0.488354
0.506966
0.442858
0.398361
0.436152
0.395839
0.371371
0.325060
0.355841
0.330277
0.320825
0.285819
0.307735
0.300951
0.333324
0.289297
0.271282
0.250610
0.255868
0.233679
0.230967
0.211472
0.216322
0.204405
0.206339
0.191401
0.175206
0.184927
0.171196
0.172777
0.182791
0.185527
0.166304
0.137931
0.158965
0.144237
0.158247
0.148122
0.141076
0.128806
0.102383
0.111251
0.085388
0.100172
0.076229
0.083693
0.086237
0.085071
0.069016
0.092476
0.070183
0.088819
0.074347
0.061437
0.065602
0.049381
0.056042
0.050610
0.035475
0.038418
0.040241
0.029540
0.040686
0.019665
0.044344
0.035243
0.043916
0.029622
0.034876
0.023762
0.021409
0.019803
0.021075
0.019359
0.016740
0.018942
0.010961
0.012127
0.018107
0.015857
0.022003
0.009446
0.013848
0.013890
0.011319
0.010909
0.007506
0.008788
0.004069
0.008432
0.010191
0.002603
0.003424
0.009971
0.005485
0.007070
0.005567
0.006279
0.003207
0.004373
0.003793
0.001011
0.002274
0.003058
0.002277
0.001293
0.004416
0.000684
0.000088
0.000670
0.000363
0.000323
0.000700
0.000087
0.000110
0.000045
0.000110
0.000231
0.000054
0.000315
0.000112
0.000035
0.000044
0.000035
0.000096
0.000069
0.000118
0.000044
0.000040
0.000009
0.000008
0.000008
0.000026
0.000009
0.000007
0.000039
0.000013
0.000008
0.000003
0.000014
0.000005
0.000119
0.000043
0.000011
0.000005
0.000010
0.000033
0.000005
0.000002
0.000025
0.000007
0.000031
0.000009
0.000015
0.000006
0.000003
0.000010
0.000001
0.000003
0.000003
0.000015
0.000002
0.000015
0.000002
0.000004
0.000001
0.000003
0.000002
0.000005
0.000006
0.000002
0.000007
0.000003
0.000012
0.000000
0.000002
0.000002
0.000002
0.000001
0.000001
0.000003
0.000001
0.000003
0.000005
0.000002
0.000000
0.000000
0.000004
0.000000
0.000002
0.000006
0.000001
0.000004
0.000003
0.000001
0.000007
0.000004
0.000000
0.000004
0.000001
0.000000
0.000005
0.000000
0.000002
0.000000
0.000000
0.000001
0.000001
0.000003
0.000001
0.000002
0.000005
0.000004
0.000001
0.000001
0.000003
0.000001
0.000000
0.000002
0.000001
0.000010
0.000002
0.000000
0.000001
0.000003
0.000000
0.000003
0.000001
0.000000
0.000004
0.000001
0.000001
0.000000
0.000003
0.000001
0.000002
0.000001
0.000011
0.000001
0.000000
0.000001
0.000001
0.000000
0.000002
0.000000
0.000000
0.000000
0.000000
0.000001
0.000000
0.000003
0.000000
0.000004
0.000004
0.000000
0.000001
0.000000
