530.458862
452.056732
377.236450
305.794952
237.938843
171.848862
114.267853
91.931244
83.946281
77.072990
71.093277
64.863228
59.468597
56.344810
52.908623
51.315403
49.883858
46.469425
44.757652
44.426346
42.951447
41.487843
40.349106
39.785519
38.107780
37.013901
35.641968
35.481396
33.382675
32.597084
31.483171
30.537430
29.634624
27.890543
27.260044
26.508442
25.024920
24.299208
23.374216
22.006485
21.632442
20.783966
19.515392
18.528744
17.866142
17.091621
15.992838
15.605385
14.869260
14.063616
13.076571
12.533165
12.099545
11.629201
11.157485
10.675711
10.178332
9.538132
9.106957
8.610364
8.087790
7.740220
7.335948
7.048061
6.797993
6.411816
6.133454
5.821060
5.523595
5.526975
5.124298
4.766981
4.615777
4.438807
4.255194
3.935638
3.775869
3.731861
3.480365
3.377616
3.186950
3.135664
3.097016
2.996063
2.765313
2.795702
2.538254
2.546376
2.474827
2.511186
2.358232
2.355361
2.310123
2.191687
2.255483
2.083150
2.030180
1.935986
1.882227
1.872295
1.805484
1.813779
1.719755
1.645777
1.664384
1.559446
1.486136
1.482891
1.415118
1.360993
1.268097
1.283366
1.208534
1.185317
1.103741
1.008454
1.053695
0.960448
0.978083
0.904365
0.953783
0.807244
0.844112
0.792193
0.785368
0.744484
0.701872
0.652469
0.659006
0.621348
0.629528
0.606348
0.576696
0.563411
0.520164
0.513218
0.501387
0.498561
0.466025
0.450312
0.422612
0.415411
0.359797
0.402200
0.400258
0.354010
0.373601
0.314967
0.325954
0.301915
0.277885
0.225213
0.274906
0.239260
0.225704
0.233354
0.199947
0.181070
0.183704
0.173129
0.150375
0.139719
0.165057
0.114078
0.121249
0.125495
0.130530
0.119522
0.111204
0.131171
0.097458
0.079546
0.089411
0.085565
0.070849
0.093731
0.059270
0.067590
0.069126
0.069892
0.050233
0.057169
0.042006
0.042166
0.046212
0.043593
0.037859
0.037742
0.035656
0.045142
0.037962
0.032428
0.036744
0.021311
0.024500
0.022431
0.018430
0.027563
0.021665
0.022159
0.019467
0.023382
0.020717
0.019184
0.017771
0.016170
0.014778
0.015631
0.011032
0.009395
0.014477
0.010257
0.010625
0.008827
0.005718
0.009180
0.006309
0.007271
0.007125
0.005922
0.003395
0.004008
0.001680
0.004618
0.003074
0.006119
0.003467
0.002283
0.002831
0.001575
0.003365
0.002519
0.001807
0.001675
0.001506
0.001404
0.001319
0.001379
0.001315
0.001482
0.000525
0.001209
0.000669
0.000730
0.000783
0.001155
0.001016
0.001067
0.001081
0.000826
0.000557
0.000841
0.000537
0.000564
0.000466
0.000610
0.000940
0.000437
0.000480
0.000299
0.000540
0.000361
0.000286
0.000166
0.000254
0.000381
0.000235
0.000194
0.000173
0.000322
0.000328
0.000110
0.000180
0.000251
0.000505
0.000294
0.000161
0.000190
0.000115
0.000268
0.000182
0.000303
0.000149
0.000150
0.000187
0.000150
0.000126
0.000327
0.000194
0.000230
0.000103
0.000084
0.000159
0.000163
0.000209
0.000117
0.000073
0.000161
0.000114
0.000094
0.000103
0.000079
0.000095
0.000071
0.000128
0.000133
0.000062
0.000172
0.000109
0.000178
0.000123
0.000171
0.000054
0.000108
0.000142
0.000325
0.000084
0.000061
0.000044
0.000053
0.000070
0.000080
0.000054
0.000059
0.000080
0.000044
0.000081
0.000074
0.000036
0.000080
0.000078
0.000040
0.000035
0.000050
0.000048
0.000058
0.000079
0.000038
0.000037
0.000067
0.000047
0.000063
0.000030
0.000036
0.000045
0.000049
0.000032
0.000044
0.000036
0.000030
0.000027
0.000051
0.000042
0.000030
0.000044
0.000137
0.000029
0.000024
0.000103
0.000033
0.000021
0.000042
0.000021
0.000050
0.000053
0.000029
0.000056
0.000060
0.000038
0.000018
0.000030
0.000022
0.000031
0.000030
0.000019
0.000022
0.000028
0.000026
0.000020
0.000020
0.000021
0.000020
0.000038
0.000037
0.000038
0.000015
0.000029
0.000022
0.000023
0.000025
0.000016
0.000023
0.000032
0.000017
0.000018
0.000018
0.000012
0.000015
0.000016
0.000020
