0.029070
0.026163
0.027616
0.033430
0.042151
0.045058
0.034884
0.119186
0.218023
0.245640
0.268895
0.270349
0.284884
0.305233
0.322674
0.332849
0.343023
0.361919
0.373547
0.375000
0.379360
0.385174
0.395349
0.404070
0.418605
0.424419
0.438953
0.440407
0.454942
0.459302
0.465116
0.465116
0.476744
0.494186
0.497093
0.502907
0.518895
0.524709
0.539244
0.549419
0.553779
0.562500
0.577035
0.584302
0.603198
0.617733
0.635174
0.640988
0.643895
0.656977
0.662791
0.672965
0.675872
0.674419
0.672965
0.677326
0.677326
0.691860
0.696221
0.709302
0.715116
0.726744
0.736919
0.744186
0.750000
0.760174
0.770349
0.780523
0.787791
0.790698
0.799419
0.805233
0.812500
0.818314
0.818314
0.828488
0.835756
0.832849
0.845930
0.847384
0.850291
0.851744
0.854651
0.854651
0.866279
0.859012
0.870640
0.867733
0.875000
0.867733
0.875000
0.877907
0.873547
0.882267
0.877907
0.882267
0.886628
0.890988
0.895349
0.895349
0.898256
0.896802
0.906977
0.908430
0.906977
0.911337
0.912791
0.912791
0.912791
0.915698
0.915698
0.918605
0.918605
0.920058
0.920058
0.927326
0.925872
0.933140
0.930233
0.934593
0.928779
0.934593
0.934593
0.937500
0.936047
0.934593
0.940407
0.938953
0.941860
0.941860
0.940407
0.938953
0.943314
0.940407
0.941860
0.946221
0.949128
0.946221
0.949128
0.949128
0.950581
0.952035
0.952035
0.950581
0.949128
0.950581
0.949128
0.953488
0.957849
0.954942
0.959302
0.963663
0.960756
0.963663
0.966570
0.965116
0.969477
0.972384
0.972384
0.975291
0.969477
0.976744
0.975291
0.978198
0.975291
0.978198
0.975291
0.976744
0.978198
0.976744
0.979651
0.982558
0.981105
0.981105
0.985465
0.979651
0.985465
0.986919
0.985465
0.985465
0.988372
0.986919
0.988372
0.989826
0.986919
0.989826
0.988372
0.991279
0.992733
0.986919
0.989826
0.991279
0.989826
0.994186
0.992733
0.991279
0.997093
0.989826
0.992733
0.992733
0.997093
0.992733
0.992733
0.992733
0.997093
0.997093
0.997093
0.997093
0.997093
0.997093
0.997093
0.997093
0.997093
0.995640
0.997093
0.997093
0.997093
0.997093
0.995640
0.997093
0.998547
0.998547
1.000000
0.997093
0.998547
0.995640
0.998547
1.000000
1.000000
1.000000
0.998547
1.000000
1.000000
1.000000
1.000000
1.000000
1.000000
1.000000
1.000000
1.000000
1.000000
1.000000
1.000000
1.000000
1.000000
1.000000
1.000000
1.000000
1.000000
1.000000
1.000000
1.000000
1.000000
1.000000
1.000000
1.000000
1.000000
1.000000
1.000000
1.000000
1.000000
1.000000
1.000000
1.000000
1.000000
1.000000
1.000000
1.000000
1.000000
1.000000
1.000000
1.000000
1.000000
1.000000
1.000000
1.000000
1.000000
1.000000
1.000000
1.000000
1.000000
1.000000
1.000000
1.000000
1.000000
1.000000
1.000000
1.000000
1.000000
1.000000
1.000000
1.000000
1.000000
1.000000
1.000000
1.000000
1.000000
1.000000
1.000000
1.000000
1.000000
1.000000
1.000000
1.000000
1.000000
1.000000
1.000000
1.000000
1.000000
1.000000
1.000000
1.000000
1.000000
1.000000
1.000000
1.000000
1.000000
1.000000
1.000000
1.000000
1.000000
1.000000
1.000000
1.000000
1.000000
1.000000
1.000000
1.000000
1.000000
1.000000
1.000000
1.000000
1.000000
1.000000
1.000000
1.000000
1.000000
1.000000
1.000000
1.000000
1.000000
1.000000
1.000000
1.000000
1.000000
1.000000
1.000000
1.000000
1.000000
1.000000
1.000000
1.000000
1.000000
1.000000
1.000000
1.000000
1.000000
1.000000
1.000000
1.000000
1.000000
1.000000
1.000000
1.000000
1.000000
1.000000
1.000000
1.000000
1.000000
1.000000
1.000000
1.000000
1.000000
1.000000
1.000000
1.000000
1.000000
1.000000
1.000000
1.000000
1.000000
1.000000
1.000000
1.000000
1.000000
1.000000
1.000000
1.000000
1.000000
1.000000
1.000000
1.000000
1.000000
1.000000
1.000000
1.000000
1.000000
1.000000
1.000000
1.000000
