0.050872
0.107558
0.223837
0.270349
0.289244
0.327035
0.350291
0.369186
0.395349
0.414244
0.434593
0.444767
0.453488
0.476744
0.486919
0.497093
0.504360
0.515988
0.533430
0.542151
0.549419
0.559593
0.568314
0.579942
0.581395
0.597384
0.617733
0.629360
0.639535
0.646802
0.649709
0.654070
0.659884
0.674419
0.681686
0.690407
0.700581
0.710756
0.709302
0.716570
0.719477
0.731105
0.741279
0.747093
0.752907
0.755814
0.765988
0.767442
0.773256
0.779070
0.780523
0.777616
0.777616
0.789244
0.789244
0.793605
0.800872
0.802326
0.805233
0.812500
0.812500
0.811047
0.819767
0.819767
0.821221
0.828488
0.828488
0.832849
0.834302
0.837209
0.848837
0.850291
0.853198
0.853198
0.853198
0.856105
0.857558
0.861919
0.864826
0.866279
0.873547
0.873547
0.872093
0.880814
0.882267
0.886628
0.886628
0.892442
0.898256
0.896802
0.901163
0.895349
0.905523
0.909884
0.908430
0.905523
0.920058
0.914244
0.928779
0.928779
0.930233
0.930233
0.936047
0.940407
0.938953
0.940407
0.944767
0.947674
0.950581
0.952035
0.956395
0.954942
0.954942
0.956395
0.959302
0.960756
0.960756
0.963663
0.965116
0.963663
0.965116
0.969477
0.969477
0.966570
0.970930
0.969477
0.972384
0.973837
0.973837
0.975291
0.975291
0.978198
0.976744
0.978198
0.981105
0.981105
0.981105
0.982558
0.979651
0.979651
0.982558
0.988372
0.986919
0.982558
0.986919
0.985465
0.986919
0.986919
0.984012
0.988372
0.985465
0.988372
0.991279
0.991279
0.989826
0.991279
0.995640
0.995640
0.991279
0.991279
0.992733
0.995640
0.992733
0.992733
0.997093
0.994186
0.998547
0.997093
0.995640
0.995640
0.997093
0.997093
0.998547
0.998547
0.997093
0.998547
0.998547
0.998547
0.997093
1.000000
1.000000
1.000000
0.998547
1.000000
1.000000
1.000000
1.000000
1.000000
0.998547
1.000000
1.000000
1.000000
1.000000
1.000000
1.000000
1.000000
1.000000
1.000000
1.000000
1.000000
1.000000
1.000000
1.000000
1.000000
1.000000
1.000000
1.000000
1.000000
1.000000
1.000000
1.000000
1.000000
1.000000
1.000000
1.000000
1.000000
1.000000
1.000000
1.000000
1.000000
1.000000
1.000000
1.000000
1.000000
1.000000
1.000000
1.000000
1.000000
1.000000
1.000000
1.000000
1.000000
1.000000
1.000000
1.000000
1.000000
1.000000
1.000000
1.000000
1.000000
1.000000
1.000000
1.000000
1.000000
1.000000
1.000000
1.000000
1.000000
1.000000
1.000000
1.000000
1.000000
1.000000
1.000000
1.000000
1.000000
1.000000
1.000000
1.000000
1.000000
1.000000
1.000000
1.000000
1.000000
1.000000
1.000000
1.000000
1.000000
1.000000
1.000000
1.000000
1.000000
1.000000
1.000000
1.000000
1.000000
1.000000
1.000000
1.000000
1.000000
1.000000
1.000000
1.000000
1.000000
1.000000
1.000000
1.000000
1.000000
1.000000
1.000000
1.000000
1.000000
1.000000
1.000000
1.000000
1.000000
1.000000
1.000000
1.000000
1.000000
1.000000
1.000000
1.000000
1.000000
1.000000
1.000000
1.000000
1.000000
1.000000
1.000000
1.000000
1.000000
1.000000
1.000000
1.000000
1.000000
1.000000
1.000000
1.000000
1.000000
1.000000
1.000000
1.000000
1.000000
1.000000
1.000000
1.000000
1.000000
1.000000
1.000000
1.000000
1.000000
1.000000
1.000000
1.000000
1.000000
1.000000
1.000000
1.000000
1.000000
1.000000
1.000000
1.000000
1.000000
1.000000
1.000000
1.000000
1.000000
1.000000
1.000000
1.000000
1.000000
1.000000
1.000000
1.000000
1.000000
1.000000
1.000000
1.000000
1.000000
1.000000
1.000000
1.000000
1.000000
1.000000
1.000000
1.000000
1.000000
1.000000
1.000000
1.000000
1.000000
1.000000
1.000000
1.000000
1.000000
1.000000
1.000000
1.000000
1.000000
1.000000
1.000000
1.000000
1.000000
1.000000
1.000000
1.000000
1.000000
1.000000
1.000000
1.000000
1.000000
1.000000
1.000000
1.000000
1.000000
1.000000
1.000000
1.000000
1.000000
