173.119568
115.037628
88.953705
75.968010
65.265434
56.796947
51.355862
47.754921
45.210690
43.006481
40.789200
38.600285
36.541996
34.696968
32.636456
31.070936
29.577173
27.819162
26.517160
24.985323
23.454170
21.811028
20.485737
19.258514
18.218338
17.115976
15.892593
14.899245
14.133305
13.451012
12.608353
11.808147
11.177806
10.469740
10.130423
9.582535
9.064402
8.589551
8.218019
7.657626
7.436010
7.205039
6.822813
6.696639
6.294450
6.116455
5.887546
5.787769
5.532248
5.396955
5.231086
5.094058
4.952523
4.790246
4.738454
4.593465
4.498672
4.364772
4.218005
4.016479
3.990688
3.941551
3.563182
3.496156
3.401510
3.206826
3.192338
3.065292
2.836370
2.757563
2.669207
2.577696
2.486611
2.471737
2.284768
2.176913
2.110224
1.947901
1.972360
1.849177
1.728407
1.714139
1.617840
1.496078
1.479416
1.410002
1.320484
1.213102
1.139935
1.113683
1.030666
1.002119
0.935865
0.818245
0.821563
0.817866
0.703734
0.686800
0.630184
0.599172
0.562945
0.517321
0.467066
0.422826
0.420207
0.385521
0.370005
0.343826
0.327859
0.314415
0.282045
0.259677
0.305852
0.245292
0.240323
0.242999
0.220971
0.202502
0.192185
0.179661
0.203255
0.184101
0.168965
0.180040
0.157062
0.139248
0.142255
0.138546
0.133193
0.119349
0.119329
0.123938
0.105142
0.094863
0.100022
0.091109
0.093615
0.083978
0.094493
0.079675
0.073854
0.070779
0.065536
0.069569
0.063833
0.057189
0.057056
0.053924
0.057096
0.047268
0.045820
0.041261
0.036070
0.033938
0.032305
0.032528
0.026733
0.021033
0.025596
0.023199
0.019581
0.015699
0.018930
0.018371
0.016045
0.015925
0.008098
0.010257
0.011290
0.011438
0.009923
0.011047
0.006128
0.004335
0.005633
0.004783
0.004180
0.005525
0.004848
0.003087
0.003040
0.002139
0.003686
0.001690
0.001563
0.001566
0.001918
0.001331
0.002906
0.001480
0.000991
0.001886
0.001073
0.001350
0.001108
0.001001
0.001019
0.000926
0.001190
0.000881
0.000860
0.001277
0.000757
0.000923
0.000979
0.001121
0.000868
0.000964
0.000951
0.001202
0.000993
0.001103
0.001039
0.001451
0.001000
0.000574
0.000516
0.000905
0.000930
0.000549
0.000948
0.000615
0.000683
0.000444
0.000450
0.000988
0.000508
0.000605
0.000871
0.000538
0.000558
0.000685
0.000481
0.000419
0.000571
0.000711
0.000703
0.000633
0.000739
0.000414
0.000554
0.000534
0.000637
0.000782
0.000554
0.000453
0.000397
0.000584
0.000517
0.000467
0.000336
0.000956
0.000456
0.000371
0.000306
0.000384
0.000345
0.000579
0.000329
0.000431
0.000584
0.000314
0.000679
0.000327
0.000454
0.000678
0.000625
0.000515
0.000473
0.000445
0.000610
0.000493
0.000323
0.000298
0.000521
0.000368
0.000313
0.000549
0.000308
0.000730
0.000314
0.000781
0.000337
0.000672
0.000355
0.000374
0.000262
0.000327
0.000304
0.000278
0.000258
0.000284
0.000251
0.000223
0.000265
0.000276
0.000234
0.000232
0.000252
0.000227
0.000283
0.000224
0.000238
0.000259
0.000249
0.000375
0.000213
0.000233
0.000222
0.000313
0.000238
0.000404
0.000260
0.000199
0.000203
0.000219
0.000197
0.000190
0.000241
0.000210
0.000293
0.000193
0.000208
0.000261
0.000339
0.000249
0.000169
0.000193
0.000208
0.000152
0.000167
0.000157
0.000298
0.000150
0.000151
0.000189
0.000171
0.000177
0.000158
0.000172
0.000166
0.000142
0.000202
0.000206
0.000231
0.000148
0.000150
0.000141
0.000200
0.000138
0.000168
0.000191
0.000208
0.000149
0.000187
0.000196
0.000240
0.000239
0.000139
0.000141
0.000127
0.000122
0.000112
0.000126
0.000143
0.000139
0.000132
0.000115
0.000114
0.000183
0.000110
0.000118
0.000166
0.000113
0.000123
0.000117
0.000119
0.000116
0.000119
0.000118
0.000120
0.000119
0.000116
0.000120
0.000118
0.000127
0.000117
0.000148
0.000141
0.000152
0.000101
0.000111
0.000120
0.000107
0.000098
0.000191
0.000098
0.000148
0.000096
0.000135
