0.075581
0.071221
0.081395
0.114826
0.139535
0.167151
0.219477
0.302326
0.366279
0.405523
0.437500
0.459302
0.472384
0.478198
0.482558
0.485465
0.489826
0.489826
0.486919
0.486919
0.488372
0.488372
0.495640
0.502907
0.510174
0.517442
0.527616
0.537791
0.556686
0.562500
0.569767
0.588663
0.598837
0.606105
0.610465
0.616279
0.619186
0.626453
0.635174
0.640988
0.648256
0.646802
0.654070
0.664244
0.665698
0.677326
0.683140
0.699128
0.703488
0.707849
0.722384
0.723837
0.735465
0.738372
0.747093
0.748547
0.758721
0.767442
0.773256
0.780523
0.784884
0.784884
0.795058
0.803779
0.809593
0.813953
0.813953
0.821221
0.824128
0.829942
0.837209
0.838663
0.845930
0.847384
0.841570
0.847384
0.861919
0.863372
0.870640
0.882267
0.877907
0.879360
0.880814
0.883721
0.893895
0.898256
0.896802
0.899709
0.899709
0.902616
0.904070
0.902616
0.906977
0.905523
0.911337
0.901163
0.917151
0.908430
0.911337
0.902616
0.912791
0.914244
0.911337
0.914244
0.922965
0.925872
0.922965
0.918605
0.922965
0.933140
0.933140
0.930233
0.934593
0.930233
0.930233
0.938953
0.940407
0.941860
0.933140
0.943314
0.944767
0.946221
0.936047
0.938953
0.944767
0.949128
0.943314
0.950581
0.946221
0.950581
0.950581
0.943314
0.954942
0.946221
0.956395
0.954942
0.954942
0.953488
0.956395
0.957849
0.953488
0.956395
0.959302
0.960756
0.960756
0.968023
0.963663
0.962209
0.968023
0.966570
0.966570
0.970930
0.969477
0.970930
0.970930
0.969477
0.969477
0.972384
0.970930
0.970930
0.972384
0.973837
0.975291
0.973837
0.973837
0.975291
0.973837
0.973837
0.976744
0.969477
0.972384
0.970930
0.972384
0.970930
0.970930
0.972384
0.970930
0.970930
0.973837
0.970930
0.970930
0.972384
0.972384
0.970930
0.972384
0.976744
0.972384
0.972384
0.972384
0.972384
0.972384
0.978198
0.972384
0.978198
0.976744
0.976744
0.975291
0.976744
0.976744
0.981105
0.975291
0.981105
0.981105
0.976744
0.979651
0.976744
0.978198
0.979651
0.985465
0.976744
0.976744
0.984012
0.984012
0.984012
0.985465
0.982558
0.985465
0.985465
0.986919
0.986919
0.988372
0.986919
0.986919
0.988372
0.986919
0.986919
0.988372
0.989826
0.989826
0.989826
0.992733
0.992733
0.989826
0.989826
0.989826
0.991279
0.989826
0.989826
0.992733
0.991279
0.991279
0.991279
0.989826
0.995640
0.994186
0.988372
0.992733
0.994186
0.992733
0.994186
0.995640
0.991279
0.995640
0.995640
0.995640
0.997093
0.995640
0.997093
0.997093
0.994186
0.995640
0.995640
0.998547
0.997093
0.997093
0.995640
0.997093
0.998547
0.998547
0.998547
0.998547
0.998547
0.997093
0.997093
0.998547
0.997093
0.998547
0.997093
0.998547
0.998547
0.998547
0.997093
0.997093
1.000000
0.998547
0.998547
0.998547
0.998547
0.998547
1.000000
1.000000
1.000000
1.000000
1.000000
1.000000
1.000000
1.000000
1.000000
0.998547
1.000000
1.000000
1.000000
1.000000
1.000000
1.000000
1.000000
1.000000
1.000000
1.000000
1.000000
1.000000
1.000000
1.000000
1.000000
1.000000
1.000000
1.000000
1.000000
1.000000
1.000000
1.000000
1.000000
1.000000
1.000000
1.000000
1.000000
1.000000
1.000000
1.000000
1.000000
1.000000
1.000000
1.000000
1.000000
1.000000
1.000000
1.000000
1.000000
1.000000
1.000000
1.000000
1.000000
1.000000
1.000000
1.000000
1.000000
1.000000
1.000000
1.000000
1.000000
1.000000
1.000000
1.000000
1.000000
1.000000
1.000000
1.000000
1.000000
1.000000
1.000000
1.000000
1.000000
1.000000
1.000000
1.000000
1.000000
1.000000
1.000000
1.000000
1.000000
1.000000
1.000000
1.000000
1.000000
1.000000
1.000000
1.000000
1.000000
1.000000
1.000000
1.000000
1.000000
1.000000
1.000000
1.000000
1.000000
1.000000
1.000000
1.000000
1.000000
1.000000
1.000000
1.000000
1.000000
1.000000
1.000000
1.000000
1.000000
1.000000
1.000000
