372.129456
296.496765
243.014450
200.110825
160.963394
124.051659
92.215210
71.758301
64.108299
59.912258
56.544167
52.796902
51.282017
48.969112
46.646332
43.960690
42.775787
40.848339
39.680840
38.386639
36.121788
34.743988
33.624844
32.017273
30.348169
28.710287
27.053221
26.166794
24.516071
22.945910
22.136179
21.044271
20.120949
19.418442
18.466948
17.627722
17.171419
16.657217
16.070786
15.411600
15.017455
14.825111
14.021555
13.504705
12.622791
11.873706
11.764310
11.042960
10.437001
9.886669
9.249066
8.746424
8.089945
7.577180
7.034864
6.517787
6.061165
5.474707
5.282908
4.914773
4.513366
4.422533
4.202847
3.933481
3.719460
3.613897
3.438828
3.349535
3.166837
3.035622
2.822742
2.793261
2.569813
2.466938
2.369461
2.227441
2.165638
2.010062
1.910073
1.733792
1.807089
1.619269
1.654557
1.561611
1.424377
1.447410
1.407314
1.351260
1.251230
1.241668
1.213826
1.215826
1.201234
1.069118
1.037042
1.082591
0.994110
0.970592
0.970150
0.951293
0.915047
0.921786
0.861034
0.847842
0.799036
0.773100
0.773592
0.774176
0.745316
0.668979
0.671399
0.669474
0.637382
0.627617
0.620142
0.587640
0.574524
0.542073
0.562574
0.531245
0.497370
0.501107
0.520012
0.509567
0.467173
0.442123
0.445356
0.424925
0.415567
0.395765
0.394757
0.407009
0.351675
0.371441
0.328981
0.333670
0.333812
0.334005
0.305362
0.287640
0.302834
0.291385
0.273795
0.272901
0.262176
0.234464
0.240432
0.244274
0.245209
0.235318
0.230175
0.209281
0.220679
0.199054
0.201514
0.191559
0.173325
0.187758
0.168574
0.167407
0.162479
0.162551
0.170935
0.143893
0.148461
0.134673
0.136490
0.134945
0.123971
0.134097
0.128604
0.132258
0.121126
0.126454
0.122624
0.138792
0.117487
0.117651
0.120271
0.120363
0.126887
0.115494
0.112504
0.114020
0.095697
0.091516
0.115464
0.094793
0.094461
0.095598
0.088487
0.080912
0.081593
0.073366
0.072464
0.074917
0.069160
0.070403
0.065321
0.050084
0.073795
0.049378
0.053950
0.066888
0.052361
0.061147
0.058799
0.059079
0.040738
0.063737
0.058254
0.041663
0.044741
0.044413
0.041672
0.053676
0.041014
0.038993
0.039546
0.035390
0.038361
0.033603
0.036026
0.029168
0.036730
0.036048
0.026952
0.023902
0.026266
0.023004
0.020647
0.018938
0.027773
0.025326
0.021231
0.019717
0.023929
0.019642
0.015778
0.018548
0.017452
0.016684
0.016729
0.011886
0.012639
0.019169
0.012911
0.009971
0.010656
0.014389
0.010327
0.012479
0.009372
0.008006
0.008290
0.008054
0.007754
0.007160
0.006821
0.009329
0.009908
0.008423
0.006263
0.005371
0.009686
0.007562
0.005360
0.006288
0.005503
0.006706
0.006208
0.005898
0.005099
0.008047
0.005312
0.006811
0.004362
0.006747
0.004403
0.004535
0.003670
0.005853
0.006574
0.003835
0.003347
0.004064
0.003380
0.004394
0.003936
0.003076
0.003132
0.002879
0.003985
0.002867
0.002631
0.002786
0.002885
0.002823
0.003670
0.002511
0.002725
0.002458
0.002299
0.002325
0.002386
0.002235
0.002012
0.002161
0.002097
0.002414
0.001842
0.002397
0.002117
0.001800
0.002230
0.001782
0.001666
0.001788
0.001852
0.001644
0.002029
0.001836
0.001717
0.002569
0.001474
0.001911
0.001385
0.001439
0.002162
0.001309
0.001494
0.001591
0.001301
0.001288
0.001718
0.001277
0.001391
0.001424
0.001478
0.001906
0.001330
0.001245
0.001205
0.001505
0.001145
0.001200
0.001464
0.001446
0.001255
0.002047
0.001233
0.001084
0.002086
0.001199
0.001302
0.001118
0.001057
0.001076
0.001208
0.002371
0.001039
0.001103
0.001069
0.001039
0.001091
0.001040
0.001212
0.001045
0.001978
0.000990
0.000961
0.001219
0.001007
0.000937
0.001029
0.001098
0.000873
0.001050
0.000919
0.000961
0.001008
0.000919
0.000852
0.000818
0.000990
0.000830
0.001445
0.000809
0.000830
0.000888
0.000863
0.001145
0.001108
0.000973
0.001129
0.000767
0.000839
0.001055
0.000918
0.000864
