0.146802
0.148256
0.158430
0.168605
0.177326
0.172965
0.187500
0.194767
0.203488
0.231105
0.250000
0.280523
0.300872
0.318314
0.344477
0.367733
0.388081
0.411337
0.444767
0.454942
0.466570
0.478198
0.488372
0.495640
0.500000
0.510174
0.517442
0.527616
0.552326
0.568314
0.593023
0.594477
0.619186
0.639535
0.646802
0.655523
0.670058
0.694767
0.703488
0.703488
0.716570
0.722384
0.722384
0.731105
0.739826
0.738372
0.738372
0.745640
0.742733
0.752907
0.760174
0.763081
0.767442
0.765988
0.767442
0.773256
0.777616
0.779070
0.780523
0.793605
0.796512
0.797965
0.808140
0.812500
0.818314
0.831395
0.834302
0.841570
0.843023
0.845930
0.853198
0.857558
0.857558
0.859012
0.860465
0.863372
0.870640
0.875000
0.873547
0.875000
0.879360
0.876453
0.882267
0.882267
0.886628
0.886628
0.892442
0.892442
0.892442
0.896802
0.898256
0.901163
0.901163
0.899709
0.904070
0.906977
0.908430
0.906977
0.909884
0.909884
0.914244
0.914244
0.920058
0.920058
0.918605
0.918605
0.921512
0.922965
0.922965
0.924419
0.925872
0.931686
0.927326
0.927326
0.928779
0.933140
0.930233
0.933140
0.936047
0.931686
0.933140
0.934593
0.937500
0.938953
0.937500
0.943314
0.941860
0.949128
0.946221
0.947674
0.952035
0.949128
0.953488
0.953488
0.952035
0.952035
0.959302
0.956395
0.956395
0.962209
0.962209
0.962209
0.965116
0.965116
0.968023
0.965116
0.970930
0.968023
0.970930
0.970930
0.969477
0.970930
0.972384
0.970930
0.972384
0.972384
0.972384
0.973837
0.973837
0.975291
0.973837
0.975291
0.975291
0.973837
0.975291
0.976744
0.975291
0.976744
0.975291
0.973837
0.976744
0.978198
0.978198
0.978198
0.981105
0.979651
0.979651
0.979651
0.981105
0.979651
0.978198
0.979651
0.981105
0.979651
0.981105
0.981105
0.981105
0.982558
0.981105
0.981105
0.981105
0.984012
0.982558
0.984012
0.982558
0.984012
0.985465
0.985465
0.985465
0.981105
0.985465
0.989826
0.984012
0.989826
0.989826
0.989826
0.989826
0.991279
0.994186
0.989826
0.986919
0.986919
0.989826
0.994186
0.989826
0.992733
0.992733
0.991279
0.992733
0.995640
0.994186
0.995640
0.992733
0.992733
0.997093
0.995640
0.992733
0.995640
0.995640
0.995640
0.997093
0.998547
0.997093
0.997093
0.995640
0.997093
0.997093
0.997093
0.995640
0.998547
0.998547
0.997093
0.998547
0.998547
0.998547
0.998547
0.998547
0.998547
0.998547
0.998547
0.998547
0.998547
0.998547
0.998547
0.998547
0.998547
0.998547
0.998547
0.998547
0.998547
0.998547
0.998547
0.998547
0.998547
0.998547
0.998547
0.998547
0.998547
0.998547
0.998547
0.998547
0.998547
0.998547
0.998547
0.998547
0.998547
0.998547
0.998547
0.998547
0.998547
0.998547
0.998547
0.998547
0.998547
0.998547
0.998547
0.998547
0.998547
1.000000
0.998547
0.998547
1.000000
1.000000
0.998547
0.998547
1.000000
1.000000
1.000000
1.000000
1.000000
1.000000
1.000000
1.000000
1.000000
1.000000
1.000000
1.000000
1.000000
1.000000
1.000000
1.000000
1.000000
1.000000
1.000000
1.000000
1.000000
1.000000
1.000000
1.000000
1.000000
1.000000
1.000000
1.000000
1.000000
1.000000
1.000000
1.000000
1.000000
1.000000
1.000000
1.000000
1.000000
1.000000
1.000000
1.000000
1.000000
1.000000
1.000000
1.000000
1.000000
1.000000
1.000000
1.000000
1.000000
1.000000
1.000000
1.000000
1.000000
1.000000
1.000000
1.000000
1.000000
1.000000
1.000000
1.000000
1.000000
1.000000
1.000000
1.000000
1.000000
1.000000
1.000000
1.000000
1.000000
1.000000
1.000000
1.000000
1.000000
1.000000
1.000000
1.000000
1.000000
1.000000
1.000000
1.000000
1.000000
1.000000
1.000000
1.000000
1.000000
1.000000
1.000000
1.000000
1.000000
1.000000
1.000000
1.000000
1.000000
1.000000
1.000000
1.000000
1.000000
1.000000
1.000000
1.000000
1.000000
1.000000
1.000000
1.000000
1.000000
