240.892731
181.654633
138.234039
107.239677
84.669212
72.234932
65.148781
59.668808
55.401005
51.944733
48.547794
44.926964
42.255623
39.376686
36.730568
33.564907
31.990995
29.863279
28.557781
26.733074
25.541143
24.499645
23.202446
22.183863
21.379452
20.621153
18.895523
18.081810
16.276623
15.867510
14.554560
14.368008
13.293721
12.652437
12.457581
12.498271
12.102042
11.767839
11.413906
11.451859
11.181797
11.039600
10.758302
10.397243
9.926907
10.016249
9.909424
9.465963
9.118507
8.824199
8.562551
8.058609
7.990141
7.635509
7.225555
7.005762
6.427828
6.413134
6.291102
5.797710
5.800327
5.748341
5.253204
5.128768
4.849597
4.561330
4.346708
4.097453
4.018006
3.950104
3.773679
3.592340
3.527070
3.399360
3.380849
3.032171
3.015252
2.878330
2.761562
2.675956
2.546139
2.607140
2.430453
2.408144
2.226797
2.262621
2.193245
2.085157
2.054206
2.073743
1.959721
1.898677
1.858656
1.794306
1.695665
1.622295
1.672727
1.664299
1.579986
1.506275
1.439823
1.443549
1.377957
1.296632
1.332779
1.272231
1.193937
1.210379
1.154749
1.066097
1.098974
1.025749
1.015413
1.010102
0.986650
0.971889
0.902898
0.907736
0.865629
0.822880
0.825498
0.780157
0.734397
0.717363
0.680944
0.636765
0.659905
0.569036
0.580677
0.570554
0.540611
0.501697
0.494131
0.504817
0.517617
0.491461
0.445228
0.436288
0.430419
0.414001
0.381682
0.381785
0.373620
0.361874
0.347520
0.369684
0.339026
0.307697
0.323411
0.303825
0.289142
0.298464
0.271976
0.257107
0.255457
0.252402
0.244759
0.242120
0.250961
0.252735
0.238344
0.231830
0.210687
0.202963
0.207417
0.212015
0.201208
0.199255
0.195211
0.177963
0.176186
0.165504
0.159244
0.154371
0.160023
0.156221
0.148020
0.130479
0.121839
0.131540
0.129158
0.125393
0.132098
0.114737
0.125067
0.106831
0.110501
0.093513
0.121207
0.096332
0.098386
0.082207
0.093510
0.072701
0.077326
0.068175
0.078171
0.080971
0.066633
0.084379
0.063142
0.057052
0.064172
0.050908
0.045371
0.040528
0.052972
0.041355
0.033172
0.038707
0.045362
0.039811
0.037168
0.025463
0.038887
0.035871
0.031944
0.030575
0.030881
0.020820
0.029184
0.018875
0.030631
0.026539
0.015557
0.021417
0.023951
0.018354
0.018009
0.015407
0.016049
0.013007
0.015074
0.013923
0.016949
0.016055
0.013985
0.018765
0.014564
0.013415
0.013452
0.016416
0.012460
0.013030
0.007513
0.010153
0.011589
0.009711
0.007748
0.009634
0.009494
0.008461
0.008184
0.008635
0.008067
0.008674
0.006205
0.007384
0.008254
0.006877
0.008722
0.007808
0.007644
0.005788
0.006725
0.008616
0.007531
0.005558
0.005516
0.003940
0.004739
0.002789
0.006125
0.004852
0.003726
0.004971
0.008793
0.004235
0.002291
0.001912
0.002118
0.003953
0.004237
0.003497
0.002078
0.001690
0.003486
0.001623
0.000859
0.001209
0.001563
0.000472
0.000653
0.001130
0.001566
0.000765
0.000930
0.000255
0.000377
0.000594
0.000392
0.000365
0.000216
0.000327
0.000553
0.000151
0.000308
0.000129
0.000336
0.000454
0.000151
0.000073
0.000189
0.000073
0.000086
0.000166
0.000159
0.000068
0.000091
0.000034
0.000039
0.000104
0.000021
0.000064
0.000070
0.000049
0.000014
0.000018
0.000060
0.000017
0.000019
0.000027
0.000021
0.000019
0.000013
0.000009
0.000017
0.000013
0.000009
0.000006
0.000005
0.000014
0.000021
0.000007
0.000016
0.000009
0.000013
0.000008
0.000017
0.000026
0.000017
0.000004
0.000005
0.000009
0.000003
0.000007
0.000017
0.000007
0.000005
0.000002
0.000003
0.000004
0.000003
0.000003
0.000005
0.000003
0.000010
0.000004
0.000003
0.000002
0.000003
0.000009
0.000005
0.000004
0.000002
0.000010
0.000002
0.000006
0.000001
0.000003
0.000002
0.000001
0.000001
0.000002
0.000006
0.000001
0.000001
0.000001
0.000002
0.000002
0.000008
0.000002
0.000001
0.000002
0.000002
0.000002
0.000001
0.000001
0.000001
0.000003
