0.087209
0.084302
0.088663
0.100291
0.111919
0.161337
0.206395
0.289244
0.322674
0.328488
0.334302
0.356105
0.367733
0.372093
0.385174
0.393895
0.408430
0.420058
0.433140
0.446221
0.447674
0.452035
0.465116
0.473837
0.482558
0.489826
0.498547
0.515988
0.508721
0.515988
0.526163
0.530523
0.537791
0.558140
0.565407
0.575581
0.595930
0.609012
0.617733
0.627907
0.635174
0.651163
0.665698
0.674419
0.678779
0.688953
0.697674
0.706395
0.716570
0.726744
0.734012
0.734012
0.744186
0.751453
0.761628
0.770349
0.768895
0.776163
0.783430
0.779070
0.789244
0.809593
0.815407
0.831395
0.829942
0.835756
0.843023
0.851744
0.854651
0.860465
0.863372
0.875000
0.877907
0.882267
0.880814
0.892442
0.889535
0.893895
0.896802
0.905523
0.911337
0.911337
0.918605
0.917151
0.917151
0.922965
0.925872
0.924419
0.925872
0.927326
0.931686
0.930233
0.937500
0.936047
0.934593
0.937500
0.937500
0.938953
0.941860
0.938953
0.940407
0.941860
0.941860
0.941860
0.949128
0.946221
0.949128
0.947674
0.949128
0.953488
0.956395
0.959302
0.959302
0.960756
0.962209
0.962209
0.963663
0.963663
0.965116
0.965116
0.965116
0.965116
0.965116
0.963663
0.966570
0.966570
0.969477
0.969477
0.968023
0.970930
0.970930
0.972384
0.976744
0.976744
0.975291
0.978198
0.979651
0.979651
0.978198
0.979651
0.982558
0.981105
0.981105
0.984012
0.985465
0.985465
0.982558
0.984012
0.984012
0.985465
0.984012
0.985465
0.985465
0.986919
0.985465
0.986919
0.986919
0.986919
0.988372
0.986919
0.985465
0.988372
0.986919
0.991279
0.986919
0.989826
0.989826
0.989826
0.989826
0.989826
0.992733
0.994186
0.995640
0.997093
0.995640
0.995640
0.994186
0.998547
0.994186
0.997093
0.994186
0.997093
0.995640
0.995640
0.997093
0.998547
0.997093
0.997093
0.997093
0.995640
0.995640
0.995640
0.997093
0.997093
0.997093
0.997093
0.997093
0.997093
0.997093
0.997093
0.997093
0.997093
0.998547
0.997093
0.997093
0.997093
0.997093
0.998547
0.998547
0.997093
0.998547
0.997093
1.000000
0.997093
1.000000
1.000000
0.997093
0.998547
0.998547
1.000000
1.000000
1.000000
1.000000
0.998547
1.000000
1.000000
0.998547
1.000000
1.000000
0.998547
1.000000
1.000000
1.000000
1.000000
1.000000
1.000000
1.000000
1.000000
1.000000
1.000000
1.000000
1.000000
1.000000
1.000000
1.000000
1.000000
1.000000
1.000000
1.000000
1.000000
1.000000
1.000000
1.000000
1.000000
1.000000
1.000000
1.000000
1.000000
1.000000
1.000000
1.000000
1.000000
1.000000
1.000000
1.000000
1.000000
1.000000
1.000000
1.000000
1.000000
1.000000
1.000000
1.000000
1.000000
1.000000
1.000000
1.000000
1.000000
1.000000
1.000000
1.000000
1.000000
1.000000
1.000000
1.000000
1.000000
1.000000
1.000000
1.000000
1.000000
1.000000
1.000000
1.000000
1.000000
1.000000
1.000000
1.000000
1.000000
1.000000
1.000000
1.000000
1.000000
1.000000
1.000000
1.000000
1.000000
1.000000
1.000000
1.000000
1.000000
1.000000
1.000000
1.000000
1.000000
1.000000
1.000000
1.000000
1.000000
1.000000
1.000000
1.000000
1.000000
1.000000
1.000000
1.000000
1.000000
1.000000
1.000000
1.000000
1.000000
1.000000
1.000000
1.000000
1.000000
1.000000
1.000000
1.000000
1.000000
1.000000
1.000000
1.000000
1.000000
1.000000
1.000000
1.000000
1.000000
1.000000
1.000000
1.000000
1.000000
1.000000
1.000000
1.000000
1.000000
1.000000
1.000000
1.000000
1.000000
1.000000
1.000000
1.000000
1.000000
1.000000
1.000000
1.000000
1.000000
1.000000
1.000000
1.000000
1.000000
1.000000
1.000000
1.000000
1.000000
1.000000
1.000000
1.000000
1.000000
1.000000
1.000000
1.000000
1.000000
1.000000
1.000000
1.000000
1.000000
1.000000
1.000000
1.000000
1.000000
1.000000
1.000000
1.000000
1.000000
1.000000
1.000000
1.000000
1.000000
1.000000
1.000000
