223.007858
180.977570
143.755386
108.924782
76.752731
53.728703
40.129776
36.824379
39.045029
38.911564
37.586403
35.819016
33.813004
32.024727
29.980080
28.045830
26.784313
25.568918
24.454882
23.368782
22.783958
21.842398
21.072702
20.300943
19.542145
19.202345
18.563410
17.727524
17.426466
16.429090
15.524687
14.946411
13.882554
13.255019
12.412716
11.874630
10.754703
10.198674
9.591827
9.222178
8.607917
7.975389
7.496172
6.994007
6.557210
6.329833
5.925522
5.626964
5.277150
4.875986
4.592769
4.467689
4.118946
3.910543
3.586769
3.414911
3.343212
2.934913
2.818149
2.703411
2.623949
2.311247
2.237620
2.021698
1.953989
1.865115
1.787614
1.662672
1.623485
1.522459
1.499595
1.425815
1.343631
1.314208
1.286608
1.173072
1.148066
1.088110
1.024628
0.988575
0.914814
0.875320
0.798933
0.803945
0.783460
0.750058
0.714126
0.691368
0.655273
0.643766
0.584338
0.597568
0.556170
0.550027
0.550286
0.504055
0.499499
0.480557
0.469415
0.443057
0.416650
0.400625
0.386138
0.377312
0.352012
0.329910
0.324113
0.308009
0.295432
0.279249
0.260371
0.271269
0.253158
0.245362
0.231949
0.231014
0.224390
0.218973
0.196171
0.187229
0.184018
0.166324
0.173262
0.175013
0.152569
0.154046
0.128474
0.130278
0.135526
0.119745
0.120375
0.112910
0.096985
0.102694
0.101801
0.094782
0.088679
0.086670
0.079601
0.078061
0.073879
0.072158
0.074544
0.071532
0.065789
0.056476
0.061653
0.053341
0.056377
0.048122
0.056377
0.046668
0.047959
0.048721
0.046216
0.037589
0.036689
0.033125
0.040168
0.032361
0.032097
0.025994
0.029490
0.024792
0.031041
0.025424
0.024791
0.025054
0.025576
0.022154
0.019874
0.018795
0.016036
0.013669
0.014305
0.014370
0.013955
0.010956
0.013844
0.010955
0.012207
0.011833
0.009831
0.011412
0.010430
0.009403
0.008844
0.008578
0.008781
0.009488
0.006135
0.008909
0.006744
0.006094
0.005855
0.008535
0.006307
0.006683
0.008146
0.005828
0.006840
0.004727
0.004284
0.004926
0.003920
0.004311
0.004388
0.003738
0.004092
0.003959
0.002815
0.003315
0.001692
0.002804
0.001845
0.002224
0.002559
0.003224
0.002349
0.001783
0.002037
0.001857
0.001684
0.001882
0.001764
0.001138
0.002141
0.000871
0.000884
0.001438
0.001102
0.000874
0.000951
0.001079
0.000834
0.000880
0.000924
0.000905
0.001361
0.000669
0.000587
0.000556
0.000573
0.000604
0.000461
0.000654
0.000381
0.000575
0.000342
0.000341
0.000640
0.000462
0.000320
0.000288
0.000435
0.000472
0.000427
0.000373
0.000248
0.000307
0.000284
0.000313
0.000336
0.000368
0.000259
0.000323
0.000331
0.000227
0.000200
0.000358
0.000294
0.000159
0.000245
0.000184
0.000172
0.000188
0.000219
0.000151
0.000169
0.000201
0.000219
0.000174
0.000215
0.000192
0.000197
0.000133
0.000142
0.000146
0.000118
0.000190
0.000261
0.000120
0.000116
0.000111
0.000234
0.000169
0.000111
0.000109
0.000171
0.000117
0.000097
0.000184
0.000117
0.000160
0.000092
0.000113
0.000125
0.000096
0.000130
0.000088
0.000132
0.000103
0.000147
0.000085
0.000090
0.000122
0.000161
0.000093
0.000084
0.000088
0.000107
0.000085
0.000078
0.000079
0.000082
0.000071
0.000072
0.000102
0.000105
0.000187
0.000164
0.000079
0.000068
0.000071
0.000069
0.000074
0.000067
0.000110
0.000067
0.000068
0.000100
0.000074
0.000077
0.000068
0.000073
0.000072
0.000124
0.000134
0.000097
0.000082
0.000067
0.000080
0.000054
0.000098
0.000070
0.000056
0.000076
0.000073
0.000058
0.000055
0.000068
0.000051
0.000056
0.000048
0.000092
0.000066
0.000064
0.000048
0.000057
0.000057
0.000087
0.000045
0.000057
0.000058
0.000048
0.000054
0.000044
0.000065
0.000056
0.000055
0.000046
0.000047
0.000050
0.000057
0.000069
0.000046
0.000052
0.000046
0.000046
0.000049
0.000046
0.000047
0.000039
0.000050
0.000046
0.000041
0.000038
0.000039
0.000076
0.000070
