203.698715
91.089828
44.133118
22.927937
12.577864
7.239094
4.370726
2.771781
1.882239
1.384392
1.107421
0.946241
0.851406
0.792853
0.754489
0.727421
0.707145
0.691138
0.677812
0.666110
0.654717
0.645932
0.635996
0.627879
0.617989
0.608554
0.601610
0.592348
0.587044
0.575442
0.569590
0.560645
0.553262
0.546125
0.539833
0.531376
0.526078
0.521231
0.516477
0.510386
0.504255
0.499164
0.495910
0.490450
0.487865
0.484824
0.483484
0.476247
0.475188
0.469778
0.467102
0.464396
0.462242
0.474042
0.461785
0.454849
0.452928
0.453652
0.448922
0.446991
0.446242
0.442443
0.443580
0.437172
0.437051
0.437385
0.431368
0.433145
0.441704
0.426176
0.427672
0.422557
0.423004
0.417281
0.416816
0.415990
0.428168
0.414671
0.410735
0.415636
0.407976
0.408348
0.406041
0.404065
0.403693
0.403708
0.399683
0.414252
0.403638
0.400402
0.401587
0.394736
0.398979
0.399350
0.393020
0.392480
0.391142
0.392898
0.392307
0.389090
0.393179
0.391790
0.386524
0.389991
0.388307
0.384532
0.385210
0.383880
0.382931
0.382601
0.385316
0.381981
0.383895
0.379442
0.379334
0.376822
0.377580
0.376474
0.376207
0.375454
0.378909
0.375075
0.372852
0.373936
0.371658
0.375694
0.369595
0.375285
0.373536
0.371844
0.373461
0.370614
0.368608
0.368500
0.383965
0.366640
0.370748
0.368486
0.366521
0.364295
0.362964
0.367938
0.362766
0.365405
0.362599
0.367404
0.361349
0.362559
0.361361
0.360078
0.361468
0.363415
0.359002
0.363116
0.358085
0.358935
0.366732
0.357688
0.360184
0.356074
0.356809
0.354136
0.357968
0.356784
0.359580
0.353670
0.359539
0.355834
0.363684
0.353312
0.360323
0.353810
0.357323
0.351534
0.350445
0.353540
0.354393
0.353308
0.350826
0.348089
0.352016
0.352366
0.352063
0.347252
0.351504
0.350539
0.352521
0.361323
0.345482
0.347826
0.345402
0.344826
0.346288
0.343742
0.363392
0.347160
0.344458
0.354849
0.353079
0.342042
0.344001
0.358930
0.344498
0.342097
0.345279
0.343854
0.340199
0.340434
0.342353
0.339637
0.336856
0.338551
0.338600
0.341188
0.337718
0.337565
0.335846
0.340834
0.338508
0.337438
0.334869
0.336817
0.336210
0.334505
0.336690
0.335533
0.334515
0.332199
0.347893
0.334054
0.333261
0.332703
0.329626
0.340059
0.342228
0.332375
0.333151
0.330984
0.329971
0.331091
0.332485
0.330403
0.329639
0.332618
0.327155
0.329619
0.327278
0.329509
0.325124
0.326530
0.331210
0.327418
0.325587
0.331322
0.360003
0.323837
0.323085
0.324391
0.328547
0.322226
0.324287
0.320282
0.319537
0.319562
0.318982
0.365625
0.318188
0.316993
0.322662
0.316494
0.316299
0.339010
0.319852
0.313273
0.313384
0.313729
0.313415
0.322416
0.312589
0.323647
0.310395
0.310350
0.311223
0.315372
0.313607
0.308509
0.314165
0.315647
0.314324
0.314886
0.306069
0.307803
0.306558
0.311286
0.308203
0.308699
0.325150
0.308491
0.323913
0.305001
0.305362
0.305813
0.312456
0.313474
0.304956
0.304579
0.306324
0.303529
0.306399
0.306860
0.305606
0.302888
0.304306
0.306105
0.307494
0.302386
0.301664
0.301283
0.303534
0.308607
0.302154
0.301644
0.323937
0.303990
0.302274
0.302631
0.304617
0.316014
0.303025
0.300167
0.304394
0.303058
0.300666
0.301578
0.302268
0.299228
0.298820
0.305322
0.301103
0.299759
0.298348
0.300306
0.305419
0.306274
0.299107
0.304359
0.300122
0.300675
0.298467
0.297470
