0.709482
0.745680
0.768099
0.774404
0.777440
0.780243
0.781177
0.784680
0.787483
0.787249
0.786782
0.786081
0.787950
0.784680
0.784914
0.784680
0.786081
0.785614
0.789584
0.783279
0.789584
0.789117
0.790518
0.790752
0.797525
0.798692
0.796824
0.808734
0.805465
0.816674
0.820645
0.817842
0.820177
0.822746
0.826249
0.831154
0.843064
0.831854
0.834890
0.840962
0.847034
0.848902
0.845633
0.853573
0.848669
0.844699
0.847268
0.854741
0.863849
0.859178
0.858010
0.866885
0.858010
0.838393
0.852405
0.872022
0.861513
0.852639
0.871789
0.863382
0.859411
0.864316
0.860112
0.877627
0.870388
0.869220
0.871789
0.864549
0.859411
0.877160
0.874358
0.876693
0.872723
0.886969
0.881364
0.886735
0.868052
0.879963
0.884633
0.900280
0.889538
0.884633
0.886268
0.904017
0.892807
0.888603
0.899813
0.875525
0.896077
0.889304
0.901681
0.898412
0.884867
0.885334
0.897711
0.899346
0.899580
0.897244
0.896310
0.898879
0.887903
0.893975
0.898879
0.889071
0.904484
0.900280
0.899113
0.904484
0.895142
0.905885
0.890238
0.910322
0.889071
0.898646
0.910789
0.900280
0.895142
0.907987
0.900280
0.904717
0.892574
0.907753
0.904717
0.903783
0.901915
0.894909
0.907753
0.893041
0.896077
0.901915
0.896544
0.897478
0.907987
0.906352
0.882532
0.902382
0.893741
0.897011
0.902382
0.911023
0.909855
0.896310
0.912424
0.905185
0.907520
0.896544
0.908454
0.913592
0.903083
0.909155
0.902849
0.919197
0.911723
0.899113
0.907053
0.906586
0.894208
0.905418
0.901681
0.912891
0.908220
0.914059
0.901915
0.907753
0.900514
0.910322
0.916394
0.914526
0.897011
0.909388
0.898879
0.903083
0.897945
0.907987
0.909622
0.901915
0.901448
0.904717
0.911023
0.913358
0.900047
0.904017
0.901915
0.914292
0.903083
0.903783
0.907753
0.891172
0.918262
0.903550
0.909155
0.916161
0.904017
0.915460
0.890705
0.900747
0.911023
0.893975
0.896777
0.919897
0.905885
0.890705
0.908220
0.917328
0.906352
0.903083
0.911723
0.919664
0.906819
0.915227
0.919197
0.917095
0.910789
0.904484
0.922233
0.923400
0.913592
0.921065
0.911957
0.905885
0.914526
0.908688
0.917795
0.918496
0.905885
0.913125
0.910322
0.915927
0.894909
0.921532
0.913592
0.912191
0.918029
0.900981
0.900514
0.913592
0.923867
0.912658
0.919897
0.915927
0.910789
0.913358
0.916161
0.908688
0.920364
0.912658
0.927604
0.910789
0.918963
0.921766
0.904951
0.916628
0.924801
0.907286
0.913125
0.923634
0.919430
0.921766
0.909855
0.928305
0.916161
0.925035
0.920831
0.922700
0.927370
0.885334
0.922933
0.925502
0.915694
0.925736
0.924568
0.899580
0.931574
0.923634
0.929706
0.930406
0.929472
0.921298
0.922933
0.911957
0.929005
0.931808
0.926203
0.923634
0.928772
0.925969
0.920598
0.915927
0.916628
0.914059
0.932742
0.931574
0.933209
0.919664
0.927137
0.925035
0.927137
0.929472
0.909155
0.930406
0.931808
0.929706
0.933909
0.915227
0.931574
0.928772
0.925969
0.933909
0.928071
0.923400
0.928305
0.932508
0.928071
0.927137
0.922466
0.930873
0.931808
0.933909
0.925269
0.920131
0.931107
0.928538
0.926436
0.928305
0.930873
0.930640
0.930640
0.911023
0.933442
0.933442
0.930406
0.928538
0.928772
0.933909
0.931341
0.930640
0.933676
0.921766
0.928772
0.934376
0.929472
0.935311
0.919430
0.921532
0.931341
0.934143
0.930406
0.928772
0.930873
0.933676
