197.784225
87.005722
40.655979
19.952560
10.241753
5.516222
3.168405
1.997248
1.405912
1.105560
0.942893
0.847887
0.786592
0.743183
0.712753
0.689734
0.670472
0.656320
0.644516
0.634773
0.626275
0.616651
0.610845
0.605231
0.599343
0.590106
0.588137
0.578134
0.573573
0.566125
0.562715
0.558444
0.551806
0.544598
0.540351
0.534531
0.529103
0.526150
0.523948
0.522203
0.512224
0.509709
0.510402
0.505863
0.501506
0.497192
0.494150
0.492846
0.492585
0.489576
0.483669
0.493841
0.477213
0.490356
0.471427
0.479132
0.468532
0.470097
0.465849
0.463853
0.463613
0.456435
0.454531
0.451825
0.461010
0.449209
0.448035
0.446482
0.456683
0.443484
0.445380
0.441055
0.439201
0.436170
0.441185
0.437796
0.449609
0.430016
0.433702
0.429022
0.425446
0.424521
0.427347
0.423043
0.419572
0.419605
0.421232
0.419393
0.415064
0.418574
0.413913
0.414651
0.414667
0.413478
0.409770
0.409241
0.410366
0.406350
0.405220
0.408017
0.405806
0.411674
0.405530
0.402276
0.401908
0.401044
0.408670
0.406618
0.400154
0.397647
0.401380
0.398859
0.398776
0.399763
0.395597
0.394629
0.402655
0.401144
0.411113
0.396566
0.388999
0.394844
0.385636
0.385825
0.386807
0.389159
0.384476
0.387613
0.383873
0.386924
0.384970
0.385250
0.382702
0.382166
0.385077
0.382580
0.379750
0.378862
0.380450
0.384003
0.386153
0.384662
0.382102
0.378195
0.377747
0.374676
0.379661
0.374107
0.377982
0.377231
0.374616
0.373142
0.373227
0.375005
0.375715
0.372252
0.372043
0.376022
0.388817
0.372075
0.369510
0.375030
0.370649
0.374209
0.370125
0.375159
0.374040
0.369116
0.371141
0.365558
0.369476
0.369294
0.371872
0.369128
0.375829
0.366475
0.366498
0.366911
0.364378
0.366995
0.365499
0.361437
0.363473
0.364565
0.360917
0.360156
0.363203
0.363867
0.360687
0.365295
0.362930
0.356807
0.358415
0.360541
0.359718
0.355522
0.361291
0.355798
0.356490
0.357233
0.354076
0.356645
0.358958
0.357731
0.365119
0.354842
0.355533
0.351559
0.351637
0.352050
0.350975
0.351692
0.354780
0.352653
0.349878
0.353809
0.351541
0.352207
0.354973
0.351458
0.350388
0.366158
0.351655
0.347475
0.350925
0.350731
0.347415
0.346360
0.346605
0.344631
0.344771
0.349328
0.352769
0.347937
0.350291
0.347484
0.347602
0.348698
0.342451
0.361994
0.344140
0.354151
0.341928
0.342023
0.348157
0.343196
0.338533
0.337513
0.338264
0.337799
0.344556
0.336570
0.338044
0.344672
0.338904
0.336231
0.337618
0.335616
0.334705
0.339611
0.337968
0.333325
0.335567
0.333757
0.332189
0.334320
0.332030
0.331335
0.334213
0.331171
0.330882
0.331708
0.334268
0.331215
0.334176
0.339933
0.361735
0.330287
0.332867
0.328628
0.336402
0.327499
0.327581
0.328935
0.328960
0.326943
0.330117
0.349913
0.332276
0.335030
0.327445
0.327020
0.329663
0.325251
0.336608
0.324842
0.327123
0.325735
0.323329
0.344032
0.322162
0.326995
0.331728
0.324605
0.328300
0.324752
0.324529
0.324425
0.331239
0.322477
0.322940
0.333479
0.322110
0.326622
0.331453
0.321018
0.321380
0.320806
0.320302
0.321777
0.326076
0.325831
0.324767
0.323268
0.320931
0.325355
0.321229
0.325711
0.322343
0.322422
0.323140
0.320748
0.331208
0.317877
0.319447
0.316976
0.317450
0.317723
0.317822
0.320728
0.318848
0.320319
0.323817
0.315675
0.316206
0.317946
0.335327
0.318059
0.315029
0.314159
