0.745913
0.779776
0.769967
0.767165
0.772303
0.772536
0.781644
0.783045
0.783279
0.780710
0.776740
0.778141
0.778608
0.779075
0.777207
0.775806
0.776506
0.777440
0.776973
0.779309
0.777907
0.781411
0.783279
0.788183
0.780243
0.788183
0.791453
0.793321
0.792854
0.800327
0.800560
0.796824
0.806632
0.803830
0.805231
0.810135
0.813171
0.811537
0.812704
0.809902
0.825549
0.817375
0.816207
0.819710
0.825549
0.826249
0.826950
0.838393
0.824148
0.822279
0.832555
0.816908
0.833022
0.825549
0.844699
0.828118
0.835591
0.831854
0.858711
0.846801
0.843998
0.851471
0.852639
0.860579
0.837459
0.852639
0.855908
0.854741
0.838393
0.867118
0.852172
0.857777
0.856376
0.861513
0.852639
0.855441
0.845399
0.866651
0.861280
0.875525
0.868052
0.873657
0.862915
0.873891
0.870621
0.876927
0.869454
0.863382
0.876927
0.869454
0.875058
0.868753
0.872723
0.869921
0.880196
0.870388
0.882765
0.881831
0.883466
0.877160
0.889538
0.866184
0.883232
0.889304
0.878328
0.882064
0.871088
0.872022
0.876927
0.882532
0.891873
0.882298
0.895376
0.878561
0.882765
0.884867
0.872490
0.872256
0.866651
0.883933
0.888370
0.877394
0.893975
0.898412
0.887436
0.882298
0.898412
0.884867
0.895843
0.883933
0.892807
0.885334
0.888603
0.892340
0.888136
0.887903
0.905418
0.896777
0.890705
0.885334
0.904484
0.886969
0.886502
0.904484
0.896310
0.896544
0.899113
0.898646
0.891172
0.892106
0.893975
0.892340
0.899813
0.897244
0.904484
0.899113
0.897711
0.887436
0.878094
0.895610
0.900047
0.889538
0.896077
0.889538
0.894208
0.886735
0.891639
0.902149
0.892106
0.897478
0.891639
0.899346
0.883699
0.895843
0.886502
0.909155
0.897478
0.897011
0.903783
0.893274
0.896310
0.898879
0.899346
0.895142
0.904717
0.906119
0.892807
0.890705
0.896544
0.890939
0.894675
0.911256
0.899346
0.892340
0.894442
0.911023
0.898879
0.900747
0.905885
0.897711
0.907520
0.898879
0.894909
0.903783
0.888837
0.896544
0.908454
0.907987
0.907053
0.901681
0.904717
0.902616
0.899346
0.909155
0.902149
0.898412
0.903083
0.901214
0.894442
0.904717
0.901448
0.909855
0.897478
0.911023
0.903550
0.900280
0.903316
0.904717
0.907286
0.908220
0.908921
0.900981
0.895142
0.900514
0.897244
0.902616
0.901214
0.896310
0.908454
0.886502
0.905185
0.888837
0.917095
0.904717
0.895376
0.901214
0.911490
0.908454
0.904484
0.909855
0.902149
0.912191
0.906119
0.899346
0.907053
0.907520
0.918496
0.908688
0.913592
0.902849
0.902849
0.912658
0.909622
0.910322
0.915694
0.906119
0.914993
0.914993
0.915694
0.913125
0.915927
0.912658
0.904717
0.913825
0.906352
0.899346
0.884867
0.918730
0.906119
0.913825
0.901214
0.917328
0.912658
0.920831
0.911957
0.916861
0.910556
0.914292
0.910322
0.902382
0.910089
0.918262
0.910089
0.920364
0.904250
0.917095
0.911957
0.914759
0.918029
0.893741
0.920131
0.911256
0.901448
0.911957
0.918730
0.909855
0.911256
0.921065
0.903550
0.915227
0.921766
0.898178
0.919197
0.906819
0.902849
0.915694
0.918963
0.916161
0.916161
0.917095
0.910556
0.910089
0.912891
0.910556
0.921766
0.908454
0.916161
0.904951
0.918730
0.912658
0.908921
0.912658
0.904717
0.920364
0.917328
0.925035
0.918029
0.917095
0.924801
0.914059
0.916161
0.912424
0.921766
0.916628
0.920364
0.917795
0.897011
0.924568
0.921999
0.921298
