184.982605
75.977989
32.587559
14.813496
7.187849
3.794575
2.245128
1.520511
1.169470
0.984780
0.880406
0.814763
0.771472
0.741701
0.720324
0.704292
0.691144
0.679266
0.668343
0.657338
0.646852
0.636608
0.627704
0.619041
0.611858
0.602338
0.594256
0.586916
0.579829
0.572664
0.568308
0.559723
0.554950
0.548818
0.543601
0.537899
0.533795
0.528123
0.524057
0.522753
0.518198
0.514085
0.512603
0.507940
0.503641
0.500030
0.498076
0.497928
0.496386
0.490624
0.490182
0.490918
0.494091
0.481664
0.480056
0.478917
0.480128
0.474290
0.473048
0.471697
0.472870
0.467663
0.468820
0.464822
0.467323
0.463667
0.461450
0.463069
0.462480
0.467862
0.458055
0.457825
0.455519
0.452735
0.452665
0.450312
0.449059
0.450883
0.446604
0.445865
0.454776
0.454172
0.444126
0.443620
0.443063
0.450702
0.437838
0.447282
0.470730
0.436145
0.435916
0.440257
0.432458
0.434650
0.435154
0.434905
0.436154
0.437373
0.445054
0.433179
0.426851
0.425322
0.426780
0.438275
0.424208
0.423540
0.424240
0.427082
0.423492
0.419252
0.418292
0.415684
0.427088
0.417782
0.413978
0.413790
0.434923
0.412028
0.410228
0.411016
0.418140
0.421299
0.408671
0.405714
0.412866
0.411167
0.411775
0.411849
0.412556
0.406998
0.411053
0.404127
0.402449
0.417337
0.401773
0.402949
0.405658
0.413490
0.404257
0.406937
0.405069
0.401970
0.405239
0.401377
0.402378
0.407676
0.400514
0.411305
0.398894
0.397930
0.400905
0.414740
0.398238
0.398496
0.403976
0.401161
0.404890
0.398915
0.398322
0.404196
0.397220
0.402333
0.398198
0.426615
0.433368
0.393329
0.401889
0.412335
0.401827
0.394671
0.392034
0.391556
0.396464
0.395380
0.397217
0.407023
0.416857
0.389473
0.393974
0.389867
0.400346
0.394662
0.389929
0.385882
0.387614
0.431346
0.435151
0.385249
0.382598
0.381972
0.382406
0.389838
0.380943
0.393882
0.381738
0.381734
0.392283
0.382807
0.378448
0.385926
0.382478
0.375837
0.376222
0.373910
0.377627
0.376001
0.373825
0.373794
0.377671
0.373351
0.376098
0.374318
0.375796
0.373067
0.374612
0.373631
0.375406
0.376393
0.372703
0.375525
0.375080
0.370710
0.371918
0.375871
0.380876
0.369481
0.374151
0.367823
0.385992
0.368616
0.372993
0.381444
0.366427
0.366626
0.368866
0.364497
0.368688
0.368580
0.365442
0.369070
0.363093
0.362759
0.363063
0.365208
0.373963
0.366221
0.361206
0.364820
0.360578
0.357350
0.357476
0.358568
0.356322
0.356465
0.354334
0.363549
0.360953
0.353729
0.356447
0.354569
0.353432
0.359751
0.356709
0.353062
0.350989
0.354340
0.351596
0.350996
0.349229
0.352511
0.351526
0.348155
0.346779
0.345400
0.344114
0.350832
0.345845
0.344985
0.344823
0.348573
0.345350
0.349786
0.347068
0.342124
0.342411
0.342899
0.340635
0.362796
0.341104
0.343166
0.346669
0.339617
0.340071
0.341196
0.351782
0.336990
0.338904
0.339273
0.336365
0.336557
0.334932
0.340561
0.335750
0.340335
0.337671
0.334124
0.334041
0.342860
0.342045
0.332183
0.333695
0.334505
0.348962
0.332353
0.334064
0.335216
0.333845
0.330635
0.334309
0.332742
0.330625
0.329471
0.339663
0.333527
0.333843
0.329071
0.331021
0.328928
0.327983
0.330509
0.331899
0.326964
0.327587
0.331326
0.326426
0.332226
0.327004
0.327519
0.324309
0.323584
0.323437
0.326052
0.323335
0.324417
0.324230
0.325174
0.324296
0.326981
0.324545
0.325731
