0.724194
0.573097
0.718823
0.773704
0.774872
0.772770
0.772536
0.774171
0.773003
0.772770
0.773003
0.772536
0.773704
0.773937
0.775339
0.776740
0.776039
0.779075
0.778141
0.779075
0.780944
0.783045
0.784447
0.787249
0.782578
0.794489
0.792854
0.799393
0.798692
0.798225
0.797992
0.804764
0.804998
0.807333
0.806165
0.811770
0.811070
0.816674
0.815273
0.818543
0.818076
0.820645
0.819944
0.826716
0.821812
0.828818
0.828351
0.821345
0.822046
0.828585
0.823213
0.833489
0.819477
0.835357
0.832321
0.828118
0.828118
0.832321
0.831387
0.832321
0.829986
0.833255
0.833255
0.833723
0.833022
0.836992
0.837226
0.837459
0.839795
0.829052
0.839327
0.841196
0.837226
0.842830
0.840495
0.843064
0.848902
0.855208
0.849136
0.852172
0.841196
0.834657
0.844932
0.851238
0.850304
0.837693
0.853807
0.839795
0.824148
0.852172
0.851705
0.843064
0.855208
0.852639
0.855908
0.849369
0.846801
0.846801
0.840028
0.851471
0.862214
0.856843
0.861980
0.873190
0.861280
0.866651
0.862214
0.851471
0.856609
0.862214
0.872022
0.864783
0.857310
0.863148
0.866418
0.863849
0.849837
0.867585
0.872022
0.869687
0.861046
0.877160
0.868286
0.879262
0.868286
0.868753
0.867585
0.866184
0.865016
0.865483
0.865717
0.871789
0.877160
0.856843
0.879496
0.884633
0.866651
0.857076
0.868986
0.871322
0.872723
0.871555
0.871789
0.867585
0.872957
0.862447
0.871322
0.859178
0.870855
0.876693
0.872022
0.859411
0.878094
0.869687
0.861747
0.873190
0.870621
0.864316
0.873891
0.865950
0.877861
0.865950
0.867585
0.854741
0.851004
0.875058
0.868052
0.855208
0.870154
0.874124
0.872957
0.876226
0.869687
0.871789
0.870388
0.863615
0.860112
0.878795
0.875058
0.875525
0.866885
0.877160
0.875993
0.879262
0.876693
0.844699
0.851238
0.875759
0.882999
0.880897
0.883933
0.868286
0.882064
0.862447
0.875993
0.876693
0.870621
0.877394
0.884400
0.875993
0.893041
0.884867
0.886035
0.893508
0.883933
0.887202
0.887669
0.889538
0.878795
0.891639
0.882064
0.889771
0.878094
0.892106
0.889071
0.895610
0.884166
0.879496
0.884400
0.880663
0.882064
0.892106
0.882532
0.882064
0.875525
0.890472
0.880430
0.888370
0.893741
0.885567
0.880196
0.873190
0.885567
0.888837
0.880430
0.890238
0.883466
0.883933
0.892340
0.881597
0.898412
0.887436
0.891639
0.887903
0.875058
0.882532
0.891639
0.884633
0.888837
0.895376
0.897945
0.892340
0.896544
0.901214
0.894909
0.884166
0.886502
0.897945
0.889071
0.890005
0.896777
0.885100
0.888370
0.897478
0.902849
0.892574
0.899580
0.895142
0.899346
0.893508
0.893741
0.906819
0.909155
0.906352
0.908454
0.896777
0.905652
0.903316
0.900981
0.893975
0.901448
0.895843
0.897244
0.903316
0.909388
0.902849
0.915927
0.883699
0.902849
0.898412
0.894675
0.905185
0.909388
0.898879
0.887903
0.907053
0.907753
0.902382
0.911723
0.917095
0.909855
0.895843
0.909855
0.900280
0.902849
0.910556
0.911023
0.896077
0.895142
0.914059
0.911023
0.902382
0.890005
0.910089
0.917328
0.901915
0.904017
0.915227
0.902849
0.912658
0.907286
0.911957
0.895843
0.903550
0.900514
0.911957
0.905418
0.910322
0.915694
0.905885
0.903316
0.919897
0.914993
0.904250
0.913592
0.903316
0.912658
0.913358
0.917562
0.916394
0.918262
0.913592
0.921065
0.919430
0.913825
0.913358
0.920131
0.906586
0.910322
0.914759
