186.277924
73.625244
29.854107
12.693497
5.834351
3.026668
1.829387
1.286752
1.016343
0.879601
0.803588
0.760111
0.732378
0.712556
0.698268
0.684821
0.674670
0.665069
0.656208
0.648145
0.641352
0.634033
0.625521
0.618732
0.610291
0.606033
0.599923
0.594582
0.588338
0.583825
0.581584
0.571949
0.569377
0.561287
0.556030
0.551496
0.547018
0.548715
0.541597
0.531443
0.527438
0.521478
0.517910
0.524465
0.513042
0.515228
0.507486
0.511835
0.498600
0.505086
0.502805
0.494771
0.494333
0.490928
0.502478
0.485435
0.481152
0.477728
0.479683
0.482644
0.471586
0.480850
0.468542
0.467449
0.469542
0.478218
0.476311
0.456077
0.468842
0.471314
0.470933
0.461822
0.456955
0.451738
0.449078
0.454123
0.457531
0.453106
0.456710
0.455612
0.444047
0.450745
0.452314
0.438940
0.446931
0.451049
0.444562
0.447094
0.441027
0.429481
0.451700
0.431124
0.431567
0.436572
0.429104
0.431197
0.421577
0.425208
0.436888
0.425725
0.435901
0.437094
0.427021
0.424991
0.427771
0.423850
0.433610
0.417891
0.424568
0.415285
0.454059
0.421977
0.420318
0.413702
0.410374
0.407775
0.418828
0.414910
0.422175
0.414617
0.427515
0.418478
0.413721
0.416838
0.474424
0.418557
0.421611
0.449481
0.413012
0.410065
0.407200
0.434793
0.413444
0.403839
0.414764
0.405423
0.430866
0.405063
0.402172
0.428168
0.407796
0.408097
0.403178
0.402025
0.402810
0.432403
0.397515
0.417449
0.406099
0.410706
0.402999
0.416782
0.399960
0.400877
0.395568
0.400532
0.405561
0.395461
0.393912
0.394633
0.394145
0.389998
0.401496
0.400729
0.391004
0.393308
0.404943
0.391364
0.388131
0.406547
0.400405
0.401836
0.394532
0.404157
0.387640
0.401934
0.390569
0.392458
0.404278
0.393573
0.398396
0.406769
0.391195
0.405293
0.394832
0.386107
0.411196
0.383682
0.392888
0.388923
0.398078
0.385640
0.390498
0.382857
0.385027
0.383870
0.387752
0.394556
0.378256
0.495704
0.419934
0.391599
0.405714
0.417509
0.375287
0.395780
0.392207
0.394868
0.377725
0.395135
0.374854
0.376299
0.394546
0.385811
0.380375
0.426041
0.390211
0.399791
0.426203
0.399867
0.373642
0.373708
0.375498
0.377945
0.372203
0.390907
0.387713
0.371967
0.376580
0.388452
0.375175
0.374365
0.381874
0.369254
0.376027
0.363968
0.374466
0.368394
0.380834
0.369159
0.370897
0.369833
0.389655
0.381951
0.371289
0.362467
0.380553
0.366908
0.368004
0.402214
0.383487
0.371944
0.439259
0.360967
0.386434
0.362965
0.370325
0.371501
0.394808
0.371152
0.383037
0.371771
0.364629
0.383559
0.391521
0.361714
0.362496
0.376797
0.357587
0.359807
0.384787
0.364308
0.371328
0.380176
0.365185
0.362264
0.355860
0.358101
0.380833
0.357213
0.363856
0.390941
0.363783
0.367099
0.363827
0.361325
0.407089
0.353017
0.369245
0.357145
0.356569
0.356951
0.366269
0.363313
0.362124
0.374878
0.353979
0.353830
0.348088
0.364807
0.366787
0.354045
0.352328
0.369524
0.366737
0.358881
0.355361
0.351209
0.360132
0.350001
0.355349
0.350311
0.370730
0.369013
0.379357
0.346568
0.364863
0.378576
0.347263
0.341813
0.344088
0.359012
0.371965
0.343503
0.377134
0.346458
0.346574
0.339897
0.364051
0.353405
0.340771
0.345723
0.382773
0.337303
0.342773
0.340833
0.348210
0.389389
0.348006
0.348862
0.348821
0.343905
0.355291
0.343201
0.354334
0.335721
0.332175
0.350730
0.349232
0.348611
