0.680056
0.695469
0.776740
0.781177
0.783746
0.779542
0.774171
0.769033
0.768566
0.768099
0.769267
0.772303
0.773704
0.772536
0.772069
0.775105
0.776973
0.777207
0.777440
0.777207
0.777674
0.781878
0.786782
0.785381
0.789117
0.788650
0.790752
0.790986
0.793554
0.794255
0.790752
0.798225
0.795890
0.801962
0.804531
0.806866
0.805698
0.803129
0.807800
0.816674
0.816674
0.819243
0.825315
0.809201
0.826716
0.816908
0.826016
0.819710
0.833723
0.822279
0.824148
0.825782
0.838627
0.833489
0.820411
0.833022
0.834423
0.846334
0.837926
0.836525
0.839327
0.835591
0.846334
0.846801
0.845399
0.834423
0.831854
0.859411
0.846801
0.838160
0.843531
0.849136
0.852639
0.852172
0.859411
0.849136
0.861980
0.851705
0.849369
0.848435
0.858244
0.851705
0.843298
0.865950
0.859645
0.846334
0.853807
0.859879
0.858944
0.867585
0.850771
0.863382
0.866885
0.854974
0.865717
0.882765
0.872256
0.868286
0.855208
0.863849
0.854974
0.854974
0.863382
0.864082
0.867118
0.869687
0.856609
0.876927
0.855675
0.879262
0.838393
0.869921
0.868753
0.880196
0.874124
0.877861
0.875292
0.875993
0.866184
0.886502
0.858477
0.868753
0.870621
0.863382
0.836525
0.866418
0.862447
0.844932
0.878328
0.881364
0.882298
0.853106
0.872022
0.889304
0.871789
0.885100
0.854507
0.872490
0.885334
0.858944
0.880196
0.873190
0.873190
0.877160
0.883232
0.853573
0.875058
0.860346
0.871322
0.872490
0.875292
0.862915
0.876927
0.890472
0.883699
0.878561
0.874825
0.889771
0.883466
0.884867
0.897244
0.892807
0.875759
0.885100
0.890238
0.884867
0.873424
0.893274
0.895142
0.867352
0.874591
0.871555
0.890005
0.871322
0.880430
0.872256
0.882532
0.878094
0.868052
0.883466
0.887202
0.883699
0.879963
0.863849
0.874591
0.890472
0.864082
0.887669
0.882064
0.880897
0.878328
0.886969
0.889304
0.899813
0.899346
0.883933
0.880897
0.895376
0.894909
0.826249
0.852405
0.881130
0.863615
0.862447
0.900747
0.875058
0.877627
0.875058
0.893975
0.881130
0.901448
0.903550
0.871322
0.899580
0.890005
0.854507
0.872723
0.867585
0.851938
0.874124
0.895142
0.899346
0.900514
0.885334
0.898646
0.869687
0.878094
0.894442
0.890238
0.882765
0.886035
0.890939
0.884400
0.904017
0.886035
0.904951
0.892340
0.901214
0.883933
0.896544
0.897244
0.890005
0.873891
0.896077
0.898178
0.903083
0.877160
0.896077
0.898879
0.868986
0.882999
0.885334
0.884633
0.896310
0.878328
0.902382
0.900514
0.904484
0.867819
0.888370
0.877627
0.888603
0.905652
0.878094
0.868986
0.900280
0.900280
0.881364
0.906119
0.905185
0.872490
0.905185
0.885801
0.892106
0.906352
0.898178
0.905418
0.894442
0.882765
0.899346
0.898646
0.861747
0.896544
0.888837
0.896077
0.894675
0.863148
0.906586
0.885801
0.901681
0.904484
0.900280
0.893508
0.903550
0.896777
0.884867
0.903550
0.906586
0.908921
0.887436
0.902382
0.903316
0.911723
0.888136
0.893741
0.890939
0.906586
0.909388
0.893975
0.905418
0.896777
0.902616
0.885801
0.885334
0.873424
0.904951
0.891639
0.880196
0.906119
0.915227
0.912191
0.898178
0.879262
0.916394
0.879729
0.906352
0.899813
0.916161
0.890705
0.903083
0.913125
0.910089
0.875292
0.918029
0.908454
0.915227
0.907053
0.869454
0.902849
0.906119
0.902149
0.907053
0.892574
0.906352
0.894909
0.919664
0.918029
0.896544
0.898646
0.897011
