0.737272
0.739608
0.772303
0.781644
0.780243
0.780009
0.780944
0.779309
0.779776
0.779309
0.783045
0.783045
0.779075
0.778608
0.780243
0.780476
0.778842
0.782812
0.783045
0.781177
0.782111
0.782578
0.794722
0.794956
0.794722
0.787249
0.798225
0.801261
0.802896
0.806165
0.805465
0.809668
0.807333
0.806632
0.821345
0.818776
0.824615
0.822980
0.822513
0.812704
0.831154
0.828585
0.824848
0.835124
0.836758
0.838860
0.831854
0.829752
0.833022
0.833489
0.844699
0.836291
0.847735
0.836758
0.838627
0.826249
0.848902
0.842597
0.849369
0.845399
0.847735
0.841196
0.847735
0.850304
0.848435
0.854274
0.840729
0.861046
0.852172
0.855908
0.850771
0.854741
0.857076
0.843765
0.854274
0.841896
0.860813
0.856142
0.847268
0.857543
0.852405
0.858244
0.859879
0.856843
0.846100
0.859178
0.858711
0.859645
0.857310
0.872490
0.865483
0.858711
0.840962
0.858944
0.855675
0.853807
0.860346
0.865717
0.855441
0.869454
0.862915
0.854974
0.860813
0.853573
0.861980
0.865483
0.865016
0.869454
0.850771
0.851004
0.863148
0.866418
0.885334
0.862681
0.866885
0.862214
0.862214
0.860579
0.871088
0.876927
0.879496
0.868286
0.871555
0.860579
0.867352
0.884400
0.866184
0.866885
0.872256
0.865717
0.865950
0.872022
0.867585
0.871555
0.887903
0.882765
0.873657
0.871322
0.879028
0.877861
0.882298
0.870388
0.866418
0.870621
0.880430
0.890238
0.864082
0.873190
0.895843
0.875525
0.871789
0.880430
0.875058
0.876927
0.889771
0.871088
0.889538
0.868519
0.880196
0.891873
0.870621
0.883933
0.885334
0.893508
0.881831
0.862915
0.877394
0.890705
0.870154
0.882765
0.896777
0.879028
0.885334
0.890238
0.884400
0.886735
0.886969
0.877627
0.889071
0.898646
0.897011
0.895376
0.891172
0.882532
0.889771
0.882999
0.887202
0.879496
0.898412
0.899113
0.894675
0.877861
0.884633
0.904484
0.894442
0.903083
0.888603
0.889771
0.899346
0.906586
0.887903
0.876693
0.893274
0.903316
0.899113
0.890705
0.896310
0.891639
0.903083
0.900981
0.896310
0.908688
0.906352
0.910789
0.901915
0.896077
0.908921
0.891873
0.907753
0.904017
0.902849
0.893975
0.902149
0.889771
0.905652
0.901214
0.898412
0.905652
0.891406
0.910322
0.903316
0.894909
0.910089
0.872957
0.903783
0.902849
0.910322
0.910089
0.911023
0.914292
0.879729
0.905185
0.900280
0.896544
0.903783
0.890705
0.904484
0.911023
0.917562
0.917328
0.905418
0.908688
0.918496
0.918029
0.910089
0.907987
0.906586
0.914292
0.911957
0.916161
0.924334
0.916161
0.920598
0.916861
0.892807
0.908220
0.925035
0.923634
0.915927
0.904017
0.918730
0.925969
0.914292
0.905652
0.919430
0.905418
0.914059
0.919664
0.917795
0.919197
0.927370
0.909622
0.929706
0.926903
0.927137
0.928305
0.925502
0.919197
0.930173
0.922466
0.906819
0.932742
0.899580
0.932041
0.915460
0.931107
0.914059
0.915694
0.910556
0.919197
0.920364
0.933442
0.927604
0.919664
0.930873
0.921065
0.915927
0.919197
0.929706
0.928071
0.932275
0.925969
0.915227
0.932508
0.919430
0.921532
0.922933
0.929005
0.926203
0.931341
0.909155
0.936945
0.912658
0.933209
0.932742
0.906819
0.935311
0.928305
0.930640
0.933676
0.933442
0.933909
0.932742
0.926670
0.933209
0.930173
0.934376
0.924101
0.924101
0.933209
0.921065
0.935311
0.912891
0.906352
0.931341
0.932041
0.916394
0.918496
0.898412
0.920364
