191.407043
84.253883
40.184650
20.461214
10.845282
5.908529
3.347324
2.030424
1.374500
1.051552
0.881837
0.794414
0.743078
0.708905
0.684326
0.667169
0.654199
0.643009
0.633552
0.625995
0.617661
0.610792
0.603766
0.597302
0.590595
0.585617
0.579181
0.571935
0.567728
0.559402
0.555978
0.550299
0.546815
0.540184
0.532720
0.526320
0.518699
0.516107
0.513925
0.514451
0.504707
0.501073
0.499943
0.494029
0.491089
0.487409
0.486870
0.487590
0.484533
0.479054
0.478362
0.478581
0.474357
0.471699
0.471758
0.480610
0.464631
0.465930
0.464429
0.461782
0.458262
0.458765
0.455853
0.454466
0.455168
0.453524
0.457400
0.451576
0.450196
0.448934
0.448316
0.446641
0.444090
0.448935
0.442538
0.447668
0.440838
0.442000
0.446233
0.438734
0.438029
0.435592
0.436207
0.434236
0.439391
0.434091
0.433405
0.431269
0.433569
0.429458
0.426848
0.428832
0.441962
0.426920
0.428671
0.427364
0.424259
0.424522
0.425812
0.420927
0.421460
0.426181
0.420013
0.423915
0.419699
0.419439
0.417064
0.417700
0.425418
0.421407
0.420696
0.415178
0.414569
0.412993
0.411045
0.416236
0.411618
0.413139
0.408589
0.406758
0.406022
0.408113
0.404610
0.411060
0.404070
0.402103
0.403175
0.403297
0.400819
0.405927
0.410856
0.401284
0.402133
0.401104
0.397878
0.397397
0.397705
0.399084
0.396178
0.394509
0.394524
0.394474
0.398540
0.395752
0.394033
0.394543
0.407576
0.394849
0.389685
0.394615
0.393186
0.391311
0.391241
0.388502
0.386476
0.391520
0.386719
0.393782
0.386695
0.383044
0.398947
0.383492
0.385070
0.383766
0.384640
0.402990
0.386596
0.380606
0.397145
0.381412
0.380155
0.382716
0.379066
0.375943
0.379189
0.377183
0.375466
0.381290
0.374548
0.375485
0.375700
0.373009
0.372310
0.374715
0.370597
0.372620
0.372178
0.376967
0.368554
0.366560
0.366088
0.372503
0.369010
0.374044
0.364218
0.362939
0.365725
0.364587
0.369315
0.364789
0.365731
0.374585
0.362645
0.358916
0.359990
0.361674
0.359355
0.361182
0.357141
0.358257
0.360808
0.355634
0.357652
0.357001
0.355684
0.357238
0.352564
0.360187
0.353306
0.353710
0.352428
0.355340
0.352750
0.359602
0.350299
0.350296
0.351105
0.348443
0.356435
0.365153
0.349604
0.352552
0.345503
0.377832
0.347092
0.346847
0.343793
0.345924
0.342809
0.342608
0.365078
0.344808
0.347028
0.347476
0.343495
0.353528
0.340736
0.339457
0.338638
0.335524
0.340984
0.336541
0.333737
0.335297
0.334824
0.336488
0.337595
0.334214
0.332977
0.331603
0.331688
0.331122
0.330913
0.331778
0.345708
0.332763
0.331752
0.327848
0.328990
0.332355
0.328146
0.325675
0.327895
0.332398
0.325900
0.332164
0.327177
0.324278
0.324435
0.322434
0.320687
0.328423
0.325435
0.321786
0.319999
0.319674
0.321524
0.322784
0.319331
0.319874
0.325754
0.319387
0.333824
0.317199
0.321194
0.314951
0.322432
0.321736
0.324582
0.317702
0.316867
0.313903
0.314508
0.316306
0.312595
0.315805
0.319369
0.316190
0.323055
0.312890
0.309878
0.311424
0.318210
0.310680
0.314104
0.312279
0.313169
0.311337
0.310643
0.310550
0.321654
0.310274
0.319204
0.314304
0.308227
0.324610
0.307524
0.310301
0.307162
0.306677
0.308122
0.308256
0.305273
0.308676
0.305945
0.306154
0.308663
0.309881
0.307707
0.306166
0.311426
0.304581
0.317780
0.323762
0.303791
0.304522
0.314799
0.311426
0.333795
0.307971
