0.741242
0.761560
0.760859
0.753853
0.758291
0.759692
0.763195
0.773937
0.772069
0.773470
0.771602
0.770901
0.769967
0.772303
0.772770
0.774638
0.773937
0.776740
0.778141
0.777207
0.779309
0.781177
0.783512
0.790285
0.787015
0.792153
0.791219
0.794956
0.797291
0.796590
0.799393
0.802195
0.809668
0.807567
0.810369
0.806866
0.813405
0.808968
0.812938
0.810135
0.816207
0.819243
0.813171
0.816908
0.826016
0.820411
0.822746
0.823914
0.820878
0.826950
0.813639
0.818776
0.827417
0.821579
0.820878
0.820878
0.827884
0.829519
0.833022
0.829986
0.824148
0.827884
0.831621
0.833489
0.839795
0.838160
0.834423
0.847501
0.832555
0.832788
0.838160
0.827184
0.849603
0.837226
0.833022
0.850304
0.832088
0.839327
0.843298
0.840962
0.845866
0.859178
0.848669
0.836992
0.845866
0.827417
0.859178
0.850771
0.852872
0.863148
0.834190
0.854974
0.847268
0.853340
0.848902
0.868052
0.863382
0.865250
0.853340
0.872022
0.859879
0.847501
0.857076
0.851238
0.865950
0.856142
0.863849
0.858944
0.866651
0.849369
0.859645
0.867118
0.859411
0.865016
0.873190
0.862447
0.868286
0.881130
0.862447
0.859178
0.867585
0.865950
0.865483
0.865950
0.872490
0.868519
0.871322
0.855908
0.877627
0.857310
0.851004
0.856142
0.865950
0.873891
0.867585
0.882765
0.858711
0.848902
0.862915
0.865016
0.850771
0.870621
0.870621
0.855908
0.875525
0.860112
0.874825
0.870388
0.873891
0.873891
0.874825
0.864549
0.867819
0.872022
0.868052
0.882765
0.868986
0.859645
0.865950
0.881831
0.866184
0.878328
0.860579
0.886035
0.886502
0.861980
0.867585
0.870388
0.876460
0.877627
0.852172
0.878795
0.883466
0.884633
0.858477
0.875525
0.855441
0.880196
0.890472
0.853340
0.868986
0.882532
0.886969
0.854974
0.875759
0.869921
0.859411
0.874124
0.874358
0.866418
0.852639
0.875525
0.874591
0.879496
0.877394
0.885801
0.868986
0.887903
0.872957
0.880196
0.884867
0.891873
0.880196
0.880196
0.877861
0.890939
0.885100
0.867585
0.874358
0.864082
0.869687
0.878328
0.876460
0.882999
0.886268
0.891873
0.876927
0.881130
0.873424
0.885801
0.885801
0.847268
0.891172
0.884633
0.889304
0.882532
0.889771
0.874591
0.845633
0.888370
0.885334
0.871555
0.887903
0.893041
0.861980
0.876927
0.893274
0.889304
0.862214
0.887202
0.895843
0.889538
0.899113
0.898646
0.890705
0.882532
0.887436
0.888603
0.893041
0.893741
0.885567
0.901681
0.884166
0.882765
0.900747
0.881597
0.897945
0.888603
0.901214
0.889071
0.900747
0.876226
0.903083
0.872957
0.891406
0.901448
0.897711
0.895142
0.906352
0.889771
0.886969
0.883933
0.878795
0.886502
0.887903
0.887436
0.885567
0.890472
0.904484
0.891873
0.897945
0.885334
0.873891
0.896310
0.903083
0.895610
0.890005
0.899813
0.893274
0.873657
0.898879
0.901448
0.883933
0.902382
0.889071
0.907520
0.901448
0.899346
0.906586
0.893041
0.885334
0.893508
0.882298
0.887903
0.907053
0.878094
0.902382
0.900747
0.905185
0.906819
0.887669
0.882064
0.882532
0.890238
0.890705
0.898178
0.907286
0.902149
0.912191
0.890472
0.897478
0.893975
0.905885
0.878328
0.917795
0.906352
0.904484
0.900514
0.905885
0.902149
0.900981
0.909622
0.918029
0.912191
0.911957
0.905185
0.916394
0.907286
0.905885
0.909855
0.901448
0.899580
0.911957
0.907520
0.908454
0.900280
0.888603
0.913592
0.915227
0.894675
