173.661880
62.260830
22.795683
8.910081
3.987167
2.176411
1.454989
1.109839
0.939115
0.845034
0.787234
0.747135
0.718850
0.698579
0.682553
0.671389
0.659425
0.650970
0.643594
0.636118
0.626322
0.619058
0.611795
0.603143
0.597627
0.591435
0.584687
0.579468
0.574770
0.567988
0.564633
0.560163
0.552754
0.547692
0.541704
0.539120
0.533117
0.530971
0.526174
0.528459
0.518958
0.516684
0.514216
0.509237
0.507145
0.500741
0.496564
0.494229
0.492835
0.491469
0.501025
0.490265
0.482556
0.487761
0.487460
0.485168
0.479219
0.474790
0.473237
0.473465
0.474240
0.470584
0.468870
0.466374
0.466589
0.464394
0.464077
0.460707
0.459879
0.458742
0.455978
0.468516
0.455667
0.456784
0.459794
0.451794
0.457721
0.452130
0.450063
0.451200
0.445367
0.444023
0.445230
0.449711
0.440251
0.468695
0.438112
0.439045
0.436812
0.433277
0.445835
0.434157
0.432937
0.430872
0.433964
0.428546
0.430458
0.426934
0.432650
0.425726
0.427872
0.444416
0.425141
0.427470
0.422712
0.426606
0.421039
0.423353
0.420686
0.433645
0.427148
0.419814
0.419355
0.417154
0.438650
0.419132
0.414543
0.421197
0.416513
0.422093
0.413946
0.412483
0.413858
0.411838
0.409683
0.411634
0.413099
0.417393
0.407561
0.417583
0.422712
0.422155
0.408229
0.405276
0.407787
0.405368
0.423554
0.423313
0.407827
0.405446
0.424142
0.405520
0.408649
0.417112
0.404077
0.413517
0.400983
0.403945
0.398887
0.398648
0.401464
0.404984
0.407112
0.399544
0.399198
0.392774
0.399511
0.411241
0.407260
0.396362
0.400593
0.395517
0.413264
0.404869
0.392189
0.405783
0.398162
0.398793
0.392398
0.394514
0.412187
0.389853
0.391853
0.390418
0.410411
0.392963
0.420400
0.389114
0.393735
0.411193
0.391006
0.387871
0.386614
0.411069
0.395109
0.393995
0.408719
0.388193
0.389209
0.396208
0.420070
0.386983
0.388331
0.385558
0.393796
0.381975
0.395576
0.388195
0.389102
0.383340
0.382942
0.391614
0.384075
0.384682
0.386068
0.379594
0.382425
0.394719
0.387014
0.392934
0.390192
0.383676
0.385882
0.378382
0.378376
0.385529
0.384331
0.379889
0.392317
0.376659
0.378173
0.413267
0.378170
0.375163
0.374464
0.375874
0.372543
0.383108
0.432599
0.374962
0.375886
0.387234
0.371047
0.370672
0.408433
0.374436
0.370589
0.369167
0.408745
0.371401
0.365683
0.370397
0.366875
0.389764
0.365535
0.372007
0.369157
0.367875
0.364645
0.365540
0.367123
0.360481
0.368552
0.372941
0.363383
0.370158
0.363836
0.366772
0.361564
0.367254
0.361334
0.379845
0.362383
0.383671
0.368074
0.360926
0.361867
0.359887
0.362183
0.360683
0.368231
0.368395
0.373842
0.366914
0.366800
0.363062
0.366504
0.361268
0.357445
0.358826
0.366566
0.362972
0.381896
0.358891
0.358916
0.358918
0.359369
0.363745
0.355925
0.373134
0.354050
0.358538
0.366624
0.353652
0.360617
0.353681
0.351353
0.353011
0.358514
0.356479
0.366745
0.356668
0.373647
0.359954
0.349361
0.374471
0.350911
0.353293
0.347691
0.347244
0.356618
0.364613
0.364660
0.353509
0.353945
0.349778
0.343947
0.349141
0.340544
0.351196
0.345861
0.344786
0.342060
0.368145
0.342687
0.341085
0.343091
0.345019
0.340452
0.341222
0.342682
0.338666
0.340242
0.338345
0.336275
0.338990
0.340614
0.335725
0.338948
0.336090
0.339356
0.341903
0.333770
0.338749
0.337981
0.338447
0.349309
0.338070
0.337587
0.343222
