0.760392
0.768566
0.775572
0.773003
0.768099
0.768800
0.766464
0.767865
0.764596
0.766931
0.770201
0.772069
0.774638
0.775105
0.773237
0.777440
0.778141
0.780243
0.780710
0.781177
0.781878
0.781644
0.787716
0.785147
0.793321
0.797992
0.796824
0.804063
0.803363
0.809201
0.801261
0.811770
0.809435
0.811303
0.813405
0.811070
0.816207
0.821812
0.817375
0.823447
0.820411
0.821812
0.822746
0.820645
0.822980
0.825782
0.833956
0.826716
0.821112
0.819243
0.827651
0.822746
0.829519
0.829052
0.826483
0.840028
0.833956
0.830220
0.843765
0.841663
0.843998
0.830453
0.834890
0.837226
0.830453
0.844232
0.839561
0.840962
0.849369
0.846567
0.836058
0.840028
0.849837
0.840495
0.845399
0.846801
0.842597
0.849837
0.847268
0.853106
0.847034
0.848902
0.843064
0.845166
0.838393
0.840962
0.843531
0.847735
0.844465
0.848435
0.841196
0.858244
0.852639
0.845866
0.843064
0.855675
0.842130
0.853340
0.851004
0.856609
0.843064
0.854507
0.851938
0.836992
0.847501
0.854507
0.859411
0.845866
0.854507
0.859411
0.850537
0.849603
0.854274
0.831621
0.864082
0.855908
0.857310
0.840962
0.869220
0.843531
0.855908
0.872723
0.850070
0.851471
0.849603
0.839094
0.863615
0.883232
0.869220
0.866418
0.859411
0.845166
0.863382
0.835824
0.874825
0.861980
0.858010
0.867819
0.878795
0.871789
0.872490
0.874124
0.883933
0.868986
0.861980
0.843064
0.862214
0.873891
0.872957
0.883699
0.872490
0.847501
0.868286
0.882064
0.868753
0.874124
0.870855
0.881831
0.872957
0.856376
0.874124
0.855208
0.884166
0.878094
0.878094
0.877160
0.877160
0.889071
0.872256
0.897478
0.873657
0.863148
0.854507
0.888370
0.888136
0.854741
0.865016
0.876460
0.854974
0.872256
0.886268
0.886735
0.885567
0.886268
0.871555
0.872723
0.891639
0.885334
0.866418
0.874825
0.852639
0.872723
0.864082
0.872723
0.867585
0.884166
0.891406
0.880897
0.872022
0.880196
0.880430
0.874124
0.878795
0.889538
0.875292
0.885801
0.891172
0.874124
0.881831
0.875525
0.891873
0.886502
0.871789
0.898646
0.885100
0.889071
0.896777
0.893274
0.870621
0.870855
0.887436
0.866184
0.852639
0.880196
0.895610
0.891406
0.887903
0.886268
0.890005
0.885334
0.892106
0.894675
0.874358
0.903783
0.887202
0.898178
0.882064
0.895376
0.861280
0.895610
0.873657
0.886502
0.858944
0.894909
0.872957
0.875292
0.898178
0.890705
0.897244
0.873657
0.887436
0.897011
0.900047
0.903550
0.889304
0.894909
0.863615
0.883232
0.903316
0.863849
0.891172
0.889304
0.900047
0.874825
0.888837
0.903316
0.895843
0.890705
0.899813
0.888136
0.895843
0.879963
0.882532
0.893274
0.904484
0.900981
0.906819
0.884400
0.888136
0.893741
0.891873
0.903783
0.896544
0.884166
0.904717
0.905652
0.894442
0.893041
0.897011
0.901448
0.900747
0.873891
0.877627
0.884867
0.909388
0.907987
0.894909
0.896310
0.872022
0.897711
0.899346
0.909622
0.907987
0.909622
0.906819
0.910089
0.890705
0.902616
0.891639
0.881364
0.887903
0.892106
0.892340
0.909388
0.889771
0.900514
0.895376
0.895843
0.895142
0.858944
0.898178
0.876226
0.890939
0.913358
0.917795
0.923167
0.910556
0.919197
0.894675
0.912191
0.908220
0.919897
0.914993
0.878561
0.908688
0.911023
0.899580
0.909388
0.919897
0.918496
0.903083
0.898412
0.919197
0.884400
0.911490
0.913592
0.908921
0.904717
0.896310
0.875058
