162.310959
55.055874
18.662111
6.680567
2.796390
1.533782
1.101732
0.934013
0.855371
0.810545
0.781896
0.762399
0.747703
0.733488
0.720185
0.707725
0.696017
0.683870
0.673264
0.662687
0.652555
0.643333
0.633108
0.624611
0.614755
0.607737
0.601012
0.592283
0.586112
0.579444
0.573201
0.567281
0.562525
0.556245
0.551454
0.549769
0.541743
0.536641
0.532338
0.526060
0.524097
0.519640
0.515685
0.515332
0.510816
0.509545
0.501362
0.500951
0.502060
0.501460
0.493453
0.495193
0.488650
0.491478
0.488617
0.482779
0.481102
0.480802
0.475978
0.472944
0.472440
0.478267
0.471444
0.470494
0.471132
0.466002
0.463905
0.461453
0.458161
0.457777
0.459356
0.458330
0.455148
0.454844
0.454004
0.451474
0.451703
0.449124
0.449368
0.447207
0.447689
0.448998
0.449094
0.444775
0.452261
0.445956
0.456608
0.441025
0.444416
0.441545
0.446360
0.438053
0.437169
0.439772
0.442576
0.435811
0.443580
0.432369
0.433162
0.430979
0.438479
0.429215
0.429734
0.447027
0.432500
0.430776
0.427455
0.431876
0.428887
0.425966
0.437719
0.433862
0.429490
0.461776
0.430956
0.431504
0.441811
0.441070
0.426708
0.438873
0.429552
0.421823
0.436265
0.428982
0.430495
0.443004
0.422567
0.416180
0.424300
0.422126
0.423484
0.434216
0.420085
0.445450
0.412662
0.415899
0.416100
0.411919
0.410256
0.408845
0.410959
0.405512
0.405267
0.411338
0.409226
0.430698
0.411166
0.401533
0.403919
0.398377
0.402029
0.423799
0.406625
0.397114
0.406821
0.398293
0.403803
0.399790
0.406376
0.415995
0.400656
0.419564
0.395454
0.399055
0.396657
0.391698
0.397611
0.389598
0.397773
0.400414
0.398764
0.409605
0.424462
0.391469
0.390926
0.424576
0.407076
0.389135
0.420884
0.395346
0.397267
0.388375
0.387490
0.387271
0.397215
0.391779
0.396644
0.387847
0.397040
0.391950
0.413562
0.399279
0.402102
0.390560
0.399378
0.388518
0.387652
0.385016
0.392256
0.383872
0.384916
0.388268
0.389225
0.384480
0.388193
0.387209
0.378651
0.391024
0.387974
0.382462
0.379142
0.378064
0.391059
0.373459
0.379782
0.380261
0.378426
0.379380
0.390570
0.386824
0.378007
0.395583
0.413661
0.379335
0.381321
0.375138
0.378921
0.377601
0.377382
0.376601
0.374828
0.371624
0.387040
0.370472
0.370615
0.378759
0.377638
0.368198
0.403652
0.372328
0.382200
0.375890
0.413039
0.369155
0.387410
0.387261
0.371357
0.366855
0.367599
0.378604
0.371751
0.361995
0.368870
0.366674
0.371298
0.371068
0.395495
0.370619
0.366146
0.405007
0.365500
0.369910
0.365727
0.381812
0.367848
0.362611
0.370103
0.365847
0.363131
0.362383
0.367191
0.375992
0.374203
0.357008
0.361598
0.362499
0.358640
0.368337
0.360593
0.369192
0.362009
0.360806
0.357015
0.366576
0.356842
0.357951
0.357205
0.362089
0.357517
0.358098
0.357446
0.378984
0.377288
0.365158
0.352711
0.352030
0.356284
0.355417
0.383569
0.355926
0.356914
0.351989
0.347991
0.352359
0.345924
0.349513
0.355220
0.355514
0.361709
0.368897
0.362129
0.362342
0.361203
0.353843
0.357806
0.347836
0.356056
0.351305
0.352938
0.405668
0.348694
0.372823
0.349307
0.344990
0.341867
0.348988
0.340493
0.336119
0.350191
0.336090
0.338608
0.334015
0.340552
0.367383
0.336350
0.341169
0.345597
0.338093
0.334800
0.336016
0.343020
0.346404
0.335120
0.355493
0.336989
0.337101
0.368094
0.341651
0.345770
0.368441
