194.879837
82.577744
36.479122
16.781822
8.081791
4.164322
2.367934
1.530273
1.132892
0.940368
0.839049
0.782233
0.745425
0.721601
0.704043
0.689582
0.678398
0.667015
0.657056
0.647361
0.637839
0.629396
0.620933
0.613284
0.605296
0.599401
0.592948
0.586346
0.579474
0.572872
0.569414
0.566738
0.558484
0.551502
0.548719
0.543578
0.538271
0.534876
0.535331
0.526346
0.519386
0.516058
0.512316
0.523673
0.507308
0.503463
0.506892
0.498415
0.495540
0.492882
0.491121
0.489741
0.485064
0.492568
0.480369
0.478522
0.496450
0.480624
0.473865
0.471102
0.470742
0.477747
0.470600
0.470153
0.461990
0.460915
0.463246
0.461738
0.458666
0.460659
0.466604
0.453539
0.452514
0.451102
0.458129
0.447794
0.445562
0.466396
0.442770
0.442255
0.452083
0.444761
0.453195
0.438191
0.435185
0.434177
0.433814
0.445596
0.439802
0.454231
0.427548
0.428123
0.461417
0.423302
0.426473
0.431454
0.423032
0.425356
0.422545
0.417112
0.418021
0.416894
0.420477
0.411970
0.411044
0.412747
0.408022
0.410429
0.411188
0.409638
0.406939
0.407146
0.407287
0.404808
0.402248
0.404665
0.410905
0.403286
0.402799
0.401338
0.402581
0.397477
0.397428
0.400045
0.398384
0.401185
0.405026
0.393902
0.401206
0.398232
0.395657
0.399829
0.392593
0.391825
0.394070
0.393880
0.398098
0.390931
0.391743
0.386406
0.407673
0.387605
0.389208
0.393980
0.384410
0.385620
0.390379
0.382820
0.381822
0.385066
0.385420
0.391868
0.433786
0.382527
0.382868
0.382275
0.389491
0.381560
0.380126
0.383172
0.375968
0.411216
0.388650
0.377059
0.376845
0.377914
0.376487
0.374767
0.374539
0.378255
0.372203
0.371169
0.373800
0.374174
0.366827
0.370473
0.366925
0.368213
0.385110
0.375318
0.365280
0.364272
0.366782
0.365472
0.362948
0.373337
0.373034
0.367736
0.361502
0.366598
0.362591
0.365555
0.363340
0.366458
0.367256
0.365018
0.369798
0.372898
0.370430
0.375138
0.372768
0.366618
0.383303
0.367801
0.361594
0.362787
0.367192
0.363875
0.356407
0.368802
0.365680
0.358034
0.363608
0.364924
0.360292
0.357927
0.370749
0.355896
0.358525
0.354976
0.367939
0.360260
0.365484
0.355006
0.362291
0.355653
0.361433
0.361207
0.365061
0.353473
0.355595
0.361324
0.361919
0.353652
0.361344
0.351498
0.362775
0.364636
0.348133
0.346901
0.362927
0.351409
0.344948
0.353937
0.361923
0.347311
0.354778
0.354763
0.347980
0.345347
0.348908
0.351569
0.347328
0.341998
0.347851
0.344587
0.361314
0.339527
0.341886
0.346094
0.340210
0.343301
0.343933
0.339026
0.345105
0.338317
0.340891
0.346482
0.338667
0.340045
0.333465
0.347666
0.347061
0.353588
0.336490
0.336311
0.337389
0.336007
0.353303
0.358527
0.336257
0.329181
0.332706
0.331346
0.337264
0.337409
0.327785
0.330972
0.346395
0.332830
0.345024
0.328190
0.330753
0.334254
0.341467
0.333183
0.336267
0.324884
0.327989
0.331322
0.324096
0.326534
0.328026
0.325782
0.338866
0.325218
0.324341
0.335049
0.328403
0.335749
0.324823
0.321822
0.322213
0.323946
0.326578
0.319131
0.322172
0.327766
0.339431
0.320713
0.352381
0.319713
0.321805
0.332409
0.318671
0.320623
0.320570
0.325316
0.324236
0.323801
0.318861
0.330923
0.321520
0.315655
0.320163
0.324667
0.317313
0.342734
0.319785
0.321591
0.313691
0.319344
0.317623
0.316597
0.319738
0.323027
0.320899
0.313866
0.313774
0.316029
