0.719991
0.712985
0.752919
0.762027
0.776039
0.776740
0.779776
0.776039
0.779776
0.775572
0.773937
0.776273
0.775339
0.776039
0.775572
0.775339
0.778375
0.777207
0.777674
0.779309
0.779542
0.782345
0.781878
0.789351
0.789351
0.793788
0.788183
0.798459
0.794021
0.799159
0.802662
0.795890
0.805698
0.806399
0.810369
0.811770
0.808034
0.819944
0.809435
0.817375
0.820878
0.827884
0.818309
0.831854
0.825782
0.825549
0.818776
0.827417
0.828585
0.826016
0.829285
0.829519
0.830453
0.823213
0.838860
0.831854
0.820177
0.828585
0.842597
0.841896
0.843765
0.826950
0.834657
0.833489
0.846801
0.845866
0.854974
0.839561
0.858477
0.835124
0.832788
0.857777
0.846100
0.851238
0.837459
0.853573
0.856142
0.833489
0.854974
0.857310
0.846100
0.847268
0.841196
0.858244
0.860579
0.864082
0.858244
0.841663
0.847735
0.836758
0.867585
0.869454
0.830920
0.865483
0.862447
0.851471
0.867819
0.854274
0.861513
0.868052
0.872723
0.866885
0.862447
0.881597
0.873190
0.882999
0.880897
0.872723
0.872957
0.873657
0.874825
0.873891
0.871088
0.896777
0.886035
0.870621
0.866418
0.876460
0.873891
0.877627
0.875058
0.894442
0.886268
0.876927
0.877394
0.872957
0.870154
0.888603
0.872490
0.875058
0.887669
0.873190
0.893975
0.893508
0.880663
0.898646
0.882298
0.882765
0.880196
0.893975
0.866885
0.889071
0.889071
0.875993
0.901448
0.894208
0.884400
0.899580
0.897244
0.886268
0.884867
0.877160
0.853106
0.889304
0.891873
0.897945
0.881364
0.891406
0.901681
0.890238
0.899113
0.864082
0.878561
0.894442
0.900047
0.908454
0.893274
0.897945
0.897244
0.889538
0.900747
0.897711
0.901448
0.889538
0.906586
0.896310
0.904951
0.904250
0.877394
0.885801
0.908220
0.907520
0.898178
0.912658
0.902616
0.884166
0.889304
0.893975
0.902849
0.897945
0.904484
0.895843
0.907987
0.894442
0.899113
0.898412
0.892807
0.888370
0.890939
0.884867
0.884633
0.891406
0.878795
0.887436
0.901681
0.898879
0.891172
0.895843
0.909622
0.888370
0.890939
0.903550
0.894442
0.890939
0.900047
0.906119
0.885801
0.901448
0.902849
0.905885
0.887436
0.895376
0.890005
0.908921
0.892106
0.902616
0.894675
0.896310
0.888370
0.901915
0.902616
0.888370
0.889304
0.904484
0.887202
0.900747
0.888603
0.887436
0.906352
0.907987
0.889071
0.902849
0.915227
0.896077
0.888603
0.905652
0.896077
0.900280
0.903550
0.912658
0.902849
0.899113
0.904017
0.911023
0.899813
0.906352
0.891639
0.920598
0.907753
0.910089
0.917328
0.909155
0.906352
0.910322
0.903083
0.918262
0.909622
0.902149
0.913358
0.908921
0.919664
0.898412
0.898646
0.892340
0.913825
0.914059
0.909155
0.911490
0.891172
0.887202
0.913125
0.925269
0.917795
0.923867
0.905885
0.906819
0.923867
0.925502
0.897244
0.924568
0.898646
0.920831
0.919430
0.909155
0.903083
0.905885
0.904017
0.926670
0.918963
0.913125
0.922933
0.922700
0.916161
0.917795
0.903550
0.922233
0.923167
0.910322
0.915927
0.904250
0.920364
0.920598
0.925269
0.922466
0.919430
0.928305
0.922700
0.911256
0.903316
0.923867
0.887436
0.931341
0.928538
0.908454
0.924101
0.922700
0.924568
0.914993
0.913358
0.915927
0.922700
0.906352
0.919664
0.928772
0.919897
0.914759
0.922233
0.893741
0.917562
0.916161
0.928071
0.921065
0.923167
0.924101
0.929005
0.910789
0.921298
0.923400
0.929005
0.924101
