429.183685
375.459412
331.291321
293.164948
258.665771
228.934570
202.743149
179.845505
159.658112
141.849609
126.119087
112.258842
100.005440
89.241127
79.673042
71.239815
63.748348
57.148994
51.240337
46.016472
41.364620
37.237438
33.543907
30.253788
27.314909
24.698349
22.359028
20.259039
18.388783
16.695959
15.188339
13.825605
12.603855
11.506784
10.518099
9.624700
8.816273
8.091439
7.433861
6.834901
6.294128
5.805684
5.362050
4.958684
4.593900
4.261775
3.958141
3.683132
3.432621
3.203389
2.994790
2.804125
2.630479
2.471890
2.328170
2.193748
2.073200
1.963156
1.862504
1.770361
1.685785
1.608864
1.538279
1.474306
1.414629
1.360096
1.310095
1.264042
1.222446
1.183930
1.147360
1.115192
1.084941
1.056699
1.030859
1.006806
0.985255
0.964975
0.946339
0.928793
0.912867
0.898494
0.885454
0.871775
0.860317
0.848771
0.838832
0.829250
0.819814
0.811341
0.803998
0.797104
0.790018
0.784001
0.777835
0.772717
0.767658
0.762831
0.758473
0.754749
0.750019
0.745516
0.740620
0.735372
0.731790
0.728369
0.724496
0.721829
0.718579
0.714818
0.712204
0.708642
0.706400
0.703481
0.700354
0.698215
0.697724
0.693171
0.691019
0.688602
0.687044
0.684274
0.682222
0.680925
0.678282
0.676716
0.674883
0.673368
0.671637
0.670229
0.668776
0.666873
0.665112
0.663773
0.662989
0.661035
0.659075
0.657462
0.656298
0.654571
0.653198
0.651880
0.650516
0.649331
0.647375
0.646357
0.644808
0.643526
0.642265
0.641968
0.640291
0.638617
0.637259
0.635713
0.634695
0.633326
0.632980
0.630888
0.629179
0.627328
0.627894
0.625862
0.624686
0.623947
0.623953
0.621536
0.620294
0.619295
0.617067
0.617869
0.616420
0.615436
0.614056
0.612086
0.612138
0.610676
0.609605
0.607939
0.606753
0.606750
0.606840
0.605098
0.603441
0.602717
0.602425
0.602073
0.599397
0.598893
0.598851
0.597308
0.595501
0.594823
0.594287
0.592074
0.592556
0.592304
0.590069
0.588961
0.590415
0.587843
0.587891
0.586660
0.587158
0.583401
0.582974
0.582918
0.581524
0.581642
0.580105
0.579242
0.579086
0.576728
0.577405
0.575581
0.574267
0.575008
0.575567
0.572842
0.571819
0.570940
0.571267
0.568238
0.571140
0.567109
0.568990
0.566691
0.567266
0.564191
0.563926
0.563355
0.563856
0.560845
0.560066
0.560110
0.558876
0.558619
0.557056
0.556577
0.556961
0.554620
