0.646193
0.701074
0.716721
0.719524
0.729332
0.733069
0.734470
0.737973
0.747781
0.753853
0.759692
0.762728
0.766464
0.759458
0.762494
0.761093
0.760859
0.756889
0.758291
0.755722
0.759458
0.759692
0.760859
0.767865
0.765063
0.771836
0.772069
0.773937
0.770668
0.776273
0.776273
0.777440
0.778375
0.776740
0.777907
0.777907
0.778141
0.777440
0.776039
0.777207
0.779309
0.779309
0.779075
0.779075
0.777440
0.778375
0.778842
0.777907
0.777674
0.777207
0.780710
0.780009
0.782111
0.779309
0.781644
0.783279
0.781878
0.781644
0.780710
0.780009
0.780009
0.780243
0.779075
0.779776
0.778842
0.779776
0.781411
0.780009
0.779776
0.781177
0.780476
0.781644
0.780243
0.781411
0.780476
0.780009
0.780710
0.782345
0.781644
0.780944
0.780710
0.780944
0.778141
0.778375
0.777907
0.779309
0.777907
0.777674
0.778608
0.778375
0.779309
0.778375
0.778141
0.778608
0.778375
0.778375
0.777440
0.777674
0.777440
0.778842
0.777674
0.779075
0.778375
0.777674
0.777440
0.778842
0.777207
0.778141
0.777907
0.777440
0.779075
0.779075
0.779776
0.778842
0.779776
0.777674
0.776973
0.779309
0.779075
0.778375
0.779542
0.778842
0.780009
0.779776
0.780710
0.778842
0.781177
0.779309
0.780710
0.782111
0.780243
0.780710
0.781411
0.780009
0.779542
0.781177
0.779542
0.780243
0.781411
0.780243
0.782578
0.779309
0.781644
0.781411
0.783279
0.784680
0.784213
0.780009
0.782111
0.779075
0.780009
0.783279
0.782812
0.782812
0.783979
0.782578
0.781411
0.783746
0.782578
0.787249
0.782578
0.786782
0.782111
0.786315
0.780710
0.783746
0.783746
0.785848
0.789351
0.787249
0.783979
0.782578
0.784914
0.791453
0.786548
0.786548
0.790285
0.788417
0.790986
0.786081
0.787015
0.790285
0.788183
0.790518
0.789117
0.791219
0.788884
0.792854
0.800327
0.794489
0.792620
0.802195
0.791453
0.796590
0.797525
0.799159
0.799159
0.797758
0.798225
0.791219
0.801962
0.794956
0.792854
0.801728
0.805698
0.799159
0.803830
0.798225
0.802195
0.806165
0.801261
0.805231
0.799393
0.806399
0.807099
0.800560
0.800560
0.804297
0.808034
0.809902
0.805932
0.807567
0.799860
0.804998
0.813405
0.800327
0.803596
0.811070
0.804998
0.804764
0.808734
0.807800
0.809902
0.805698
0.813639
0.806866
0.810369
0.808968
0.808501
0.813171
