437.553253
379.647430
338.243500
301.556519
269.008392
240.621826
215.338425
193.014587
173.329941
155.958359
140.439758
126.633850
114.298561
103.373894
93.591415
84.803535
76.988373
69.914787
63.616489
57.921734
52.808949
48.194523
44.029026
40.279022
36.889893
33.826187
31.056034
28.545164
26.269476
24.196083
22.315170
20.596834
19.026812
17.592026
16.283781
15.085129
13.986612
12.981690
12.058463
11.211876
10.432451
9.715511
9.055851
8.446666
7.885384
7.367032
6.889737
6.446639
6.038683
5.659331
5.309787
4.985858
4.685136
4.406753
4.148623
3.909785
3.687678
3.480947
3.290501
3.111345
2.944277
2.789492
2.647576
2.515253
2.392419
2.278561
2.171265
2.070816
1.979984
1.894852
1.815975
1.742477
1.674715
1.610527
1.551735
1.496612
1.445641
1.398419
1.354956
1.312633
1.273868
1.238132
1.204981
1.174650
1.144288
1.116495
1.090833
1.067188
1.044228
1.023287
1.003104
0.984617
0.967332
0.949921
0.933956
0.919573
0.905405
0.891570
0.879639
0.867841
0.856254
0.845764
0.835294
0.825539
0.816433
0.807699
0.799191
0.791441
0.784036
0.775896
0.769025
0.762363
0.755555
0.749501
0.743842
0.738027
0.732627
0.727155
0.722675
0.716222
0.712865
0.708444
0.703353
0.698641
0.695355
0.690671
0.686939
0.683827
0.680402
0.677572
0.675203
0.670449
0.669497
0.664410
0.661364
0.658886
0.657334
0.654576
0.653148
0.650239
0.647222
0.645245
0.644878
0.640667
0.639669
0.638074
0.636661
0.634671
0.632695
0.631766
0.630267
0.629580
0.627356
0.625947
0.625512
0.624406
0.624031
0.622487
0.620494
0.618584
0.617773
0.618593
0.615309
0.616651
0.614413
0.614057
0.612636
0.611678
0.611304
0.609471
0.610755
0.607916
0.608572
0.607937
0.606507
0.605497
0.603932
0.602554
0.603362
0.602669
0.601055
0.600968
0.599630
0.599288
0.599325
0.598673
0.598098
0.596188
0.595980
0.595798
0.595433
0.595805
0.594204
0.592978
0.591325
0.593159
0.590761
0.592459
0.590386
0.588983
0.588754
0.588270
0.586081
0.586887
0.585728
0.584425
0.584453
0.583884
0.583641
0.582017
0.581465
0.581299
0.580292
0.579738
0.583366
0.579830
0.578704
0.577657
0.576880
0.576284
0.576404
0.577457
0.574161
0.576423
0.573395
0.572776
0.572621
0.573217
0.571546
0.573333
0.570806
0.572105
0.570306
0.569497
0.568468
0.566903
0.570296
0.567760
0.565102
0.568408
