0.544839
0.648762
0.705745
0.711350
0.722560
0.732368
0.733302
0.727230
0.716488
0.715086
0.724895
0.732835
0.742410
0.747548
0.751518
0.756656
0.757590
0.757123
0.758524
0.757823
0.760859
0.760626
0.762494
0.765063
0.769734
0.771602
0.769967
0.772770
0.770201
0.772536
0.767865
0.769967
0.777907
0.777674
0.780476
0.780476
0.780944
0.781177
0.782812
0.780476
0.783279
0.784680
0.785147
0.783512
0.782812
0.783512
0.783512
0.784447
0.780009
0.782345
0.782345
0.781411
0.780476
0.781878
0.782812
0.781411
0.780476
0.781644
0.779309
0.783045
0.782111
0.782812
0.782578
0.781644
0.779776
0.782812
0.781644
0.781878
0.781411
0.781644
0.780243
0.781411
0.779075
0.780710
0.780710
0.781177
0.779542
0.780476
0.778375
0.779776
0.779542
0.780009
0.779776
0.775105
0.777674
0.777440
0.778141
0.777440
0.779309
0.778375
0.779776
0.777440
0.779075
0.777907
0.780944
0.778608
0.779542
0.780243
0.778608
0.775339
0.778842
0.777207
0.778141
0.776973
0.776973
0.780476
0.779542
0.777674
0.776973
0.779542
0.778608
0.779309
0.777440
0.778141
0.778375
0.780243
0.778842
0.780476
0.777440
0.780476
0.780243
0.781177
0.779075
0.781644
0.779542
0.780944
0.779776
0.781644
0.781878
0.780009
0.778842
0.782345
0.779075
0.784680
0.782578
0.783979
0.780944
0.779542
0.779776
0.782578
0.781878
0.782812
0.779309
0.783979
0.787483
0.783279
0.784680
0.783979
0.790752
0.783279
0.783746
0.783746
0.788183
0.790285
0.786081
0.791686
0.785614
0.784914
0.789351
0.790752
0.791219
0.788884
0.791453
0.789584
0.790285
0.790285
0.784447
0.790518
0.792854
0.791686
0.792854
0.791219
0.789117
0.794255
0.791219
0.790285
0.793087
0.793087
0.791686
0.790752
0.787716
0.790986
0.794255
0.794956
0.793554
0.794489
0.790752
0.792153
0.793788
0.793554
0.795656
0.793788
0.792387
0.793087
0.796357
0.794956
0.795189
0.791920
0.797291
0.793087
0.793788
0.794956
0.800093
0.791686
0.797057
0.800794
0.793788
0.797992
0.793554
0.795890
0.798692
0.795423
0.793788
0.800560
0.791686
0.798926
0.797291
0.795189
0.798926
0.800327
0.795656
0.797057
0.801962
0.796590
0.800093
0.799860
0.795656
0.795890
0.800093
0.794722
0.799860
0.799626
0.801495
0.798926
0.802896
0.801261
0.794722
0.798692
0.803363
0.797525
