210.464233
130.917618
88.481537
68.541176
57.464367
53.285007
51.218815
49.737381
47.920376
45.359200
43.964119
42.242813
40.417278
38.689789
36.752048
34.861248
32.985008
31.597324
29.844034
27.796146
26.346056
25.333832
23.826508
22.438707
21.454432
20.286579
19.240362
18.561327
17.644152
16.863737
15.806330
14.945574
14.012031
13.256035
12.241099
11.801943
10.992908
9.968655
9.303120
8.770961
8.126200
7.374274
7.016272
6.474338
5.903283
5.484212
5.024215
4.779027
4.252527
3.951315
3.588600
3.319953
3.070687
2.874888
2.735178
2.413538
2.247584
2.108389
2.008461
1.975450
1.880522
1.667490
1.634525
1.564798
1.523264
1.480254
1.370851
1.336823
1.311555
1.201051
1.192264
1.172324
1.187493
1.114351
1.094982
1.048361
1.030629
0.956958
0.955550
0.928145
0.838795
0.840536
0.826439
0.785939
0.762191
0.751504
0.711121
0.684086
0.671528
0.684273
0.631120
0.629062
0.622562
0.597466
0.595189
0.575083
0.560071
0.561484
0.534061
0.524104
0.510166
0.490456
0.477178
0.466505
0.462058
0.439979
0.457634
0.412178
0.419512
0.414559
0.380850
0.377469
0.367985
0.367178
0.353793
0.335045
0.332687
0.321062
0.296647
0.304188
0.290304
0.286363
0.279952
0.265591
0.264195
0.243251
0.251388
0.238486
0.226406
0.234373
0.218811
0.215189
0.210577
0.200646
0.192172
0.195596
0.183809
0.185174
0.172157
0.167612
0.161536
0.156105
0.151546
0.151217
0.148729
0.141861
0.130631
0.133192
0.126418
0.119385
0.129793
0.128975
0.121205
0.116149
0.110058
0.115258
0.100764
0.104918
0.108406
0.101849
0.095550
0.093823
0.091249
0.090248
0.087823
0.079501
0.076816
0.084437
0.076109
0.066689
0.072935
0.071888
0.063943
0.063657
0.058720
0.063714
0.052820
0.048054
0.047043
0.041131
0.043213
0.046488
0.041245
0.040062
0.033577
0.033793
0.035918
0.029377
0.026150
0.022480
0.022627
0.020068
0.021234
0.020316
0.017144
0.016347
0.019044
0.009791
0.008460
0.011048
0.011020
0.006302
0.006354
0.008405
0.005246
0.002674
0.005817
0.001774
0.001974
0.001147
0.001540
0.000618
0.000883
0.000280
0.000424
0.001081
0.000226
0.000146
0.000335
0.000145
0.000087
0.000266
0.000117
0.000029
0.000163
0.000177
0.000019
0.000078
0.000015
0.000043
0.000012
0.000133
0.000025
0.000014
0.000012
0.000006
0.000002
0.000002
0.000001
0.000006
0.000016
0.000005
0.000002
0.000003
0.000007
0.000005
0.000000
0.000001
0.000006
0.000002
0.000001
0.000002
0.000002
0.000004
0.000002
0.000001
0.000004
0.000000
0.000000
0.000001
0.000000
0.000000
0.000001
0.000000
0.000001
0.000000
0.000000
0.000002
0.000000
0.000000
0.000000
0.000002
0.000000
0.000001
0.000000
0.000000
0.000000
0.000000
0.000000
0.000000
0.000000
0.000000
0.000000
0.000000
0.000000
0.000000
0.000000
0.000000
0.000000
0.000000
0.000000
0.000000
0.000000
0.000000
0.000001
0.000000
0.000000
0.000000
0.000000
0.000000
0.000000
0.000000
0.000000
0.000000
0.000000
0.000000
0.000000
0.000000
0.000000
0.000000
0.000000
0.000000
0.000000
0.000000
0.000000
0.000000
0.000000
0.000000
0.000000
0.000000
0.000000
0.000000
0.000000
0.000000
0.000000
0.000000
0.000000
0.000000
0.000000
0.000000
0.000000
0.000000
0.000000
0.000000
0.000000
0.000000
0.000000
0.000000
0.000000
0.000000
0.000000
0.000000
0.000000
0.000000
0.000000
0.000000
0.000000
0.000000
0.000000
0.000000
0.000000
0.000000
0.000000
0.000000
0.000000
0.000000
0.000000
0.000000
0.000000
0.000000
0.000000
0.000000
0.000000
0.000000
0.000000
0.000000
0.000000
0.000000
0.000000
0.000000
0.000000
0.000000
0.000000
0.000000
0.000000
0.000000
0.000000
0.000000
0.000000
0.000000
0.000000
0.000000
0.000000
0.000000
0.000000
0.000000
0.000000
0.000000
0.000000
0.000000
0.000000
0.000000
0.000000
0.000000
0.000000
0.000000
0.000000
0.000000
0.000000
0.000000
