0.058985
0.074074
0.224966
0.315501
0.367627
0.411523
0.418381
0.426612
0.429355
0.430727
0.436214
0.449931
0.454047
0.456790
0.459534
0.462277
0.465021
0.470508
0.478738
0.486968
0.500686
0.506173
0.517147
0.534979
0.541838
0.551440
0.565158
0.572016
0.573388
0.587106
0.599451
0.600823
0.604938
0.609053
0.613169
0.617284
0.621399
0.633745
0.631001
0.643347
0.661180
0.679012
0.683128
0.689986
0.700960
0.718793
0.732510
0.742112
0.755830
0.764060
0.787380
0.791495
0.796982
0.807956
0.806584
0.823045
0.839506
0.844993
0.853224
0.861454
0.869685
0.887517
0.887517
0.893004
0.891632
0.894376
0.902606
0.905350
0.902606
0.909465
0.912208
0.912208
0.912208
0.913580
0.912208
0.916324
0.919067
0.925926
0.925926
0.927298
0.927298
0.931413
0.932785
0.941015
0.938272
0.938272
0.943759
0.945130
0.946502
0.943759
0.947874
0.949246
0.949246
0.951989
0.956104
0.954733
0.960220
0.956104
0.961591
0.957476
0.960220
0.961591
0.962963
0.964335
0.962963
0.961591
0.964335
0.968450
0.965706
0.965706
0.969822
0.972565
0.975309
0.975309
0.976680
0.978052
0.978052
0.978052
0.979424
0.979424
0.976680
0.983539
0.983539
0.983539
0.982167
0.984911
0.986283
0.987654
0.984911
0.986283
0.987654
0.987654
0.987654
0.987654
0.989026
0.987654
0.989026
0.986283
0.987654
0.989026
0.989026
0.987654
0.989026
0.989026
0.989026
0.989026
0.993141
0.993141
0.993141
0.993141
0.993141
0.994513
0.993141
0.994513
0.994513
0.993141
0.993141
0.994513
0.994513
0.993141
0.993141
0.994513
0.994513
0.994513
0.994513
0.994513
0.994513
0.994513
0.994513
0.994513
0.994513
0.994513
0.994513
0.994513
0.994513
0.994513
0.994513
0.994513
0.994513
0.994513
0.994513
0.994513
0.994513
0.994513
0.995885
0.995885
0.994513
0.995885
0.995885
0.995885
0.995885
0.995885
0.995885
0.995885
0.995885
0.995885
0.995885
0.995885
0.995885
0.995885
0.995885
0.995885
0.995885
0.997257
0.995885
0.998628
0.995885
1.000000
0.998628
1.000000
1.000000
1.000000
1.000000
1.000000
1.000000
1.000000
1.000000
1.000000
1.000000
1.000000
1.000000
1.000000
1.000000
1.000000
1.000000
1.000000
1.000000
1.000000
1.000000
1.000000
1.000000
1.000000
1.000000
1.000000
1.000000
1.000000
1.000000
1.000000
1.000000
1.000000
1.000000
1.000000
1.000000
1.000000
1.000000
1.000000
1.000000
1.000000
1.000000
1.000000
1.000000
1.000000
1.000000
1.000000
1.000000
1.000000
1.000000
1.000000
1.000000
1.000000
1.000000
1.000000
1.000000
1.000000
1.000000
1.000000
1.000000
1.000000
1.000000
1.000000
1.000000
1.000000
1.000000
1.000000
1.000000
1.000000
1.000000
1.000000
1.000000
1.000000
1.000000
1.000000
1.000000
1.000000
1.000000
1.000000
1.000000
1.000000
1.000000
1.000000
1.000000
1.000000
1.000000
1.000000
1.000000
1.000000
1.000000
1.000000
1.000000
1.000000
1.000000
1.000000
1.000000
1.000000
1.000000
1.000000
1.000000
1.000000
1.000000
1.000000
1.000000
1.000000
1.000000
1.000000
1.000000
1.000000
1.000000
1.000000
1.000000
1.000000
1.000000
1.000000
1.000000
1.000000
1.000000
1.000000
1.000000
1.000000
1.000000
1.000000
1.000000
1.000000
1.000000
1.000000
1.000000
1.000000
1.000000
1.000000
1.000000
1.000000
1.000000
1.000000
1.000000
1.000000
1.000000
1.000000
1.000000
1.000000
1.000000
1.000000
1.000000
1.000000
1.000000
1.000000
1.000000
1.000000
1.000000
1.000000
1.000000
1.000000
1.000000
1.000000
1.000000
1.000000
1.000000
1.000000
1.000000
1.000000
1.000000
1.000000
1.000000
1.000000
1.000000
1.000000
1.000000
1.000000
1.000000
1.000000
1.000000
1.000000
1.000000
1.000000
1.000000
1.000000
1.000000
1.000000
1.000000
1.000000
1.000000
1.000000
1.000000
1.000000
1.000000
1.000000
1.000000
1.000000
1.000000
1.000000
1.000000
1.000000
