288.477814
202.824692
143.233353
106.483345
84.612862
69.175644
57.486958
47.978817
41.610325
37.490219
34.221737
30.985916
28.997963
27.072884
25.088022
23.756641
22.277548
20.839298
19.712082
18.625452
16.980606
16.121460
15.510696
14.086837
13.297285
12.472808
11.452775
10.639929
10.123891
9.435759
8.613400
7.999719
7.602256
7.126695
6.667302
6.365380
5.919970
5.686310
5.569352
5.004577
4.829857
4.670007
4.430035
4.158702
4.288443
3.944049
3.825680
3.743848
3.648325
3.346850
3.440264
3.275514
3.024719
2.993469
2.727114
2.798470
2.680404
2.422278
2.397680
2.390069
2.195805
2.264443
2.084780
2.122885
1.963645
1.964096
1.921717
1.931993
1.816911
1.711784
1.724759
1.631777
1.666754
1.588499
1.611234
1.645065
1.487869
1.424110
1.358316
1.417304
1.312576
1.287865
1.254067
1.197204
1.296873
1.208951
1.160038
1.104728
1.037553
1.058254
0.991594
0.952059
0.922213
0.892753
0.863808
0.802490
0.832735
0.777078
0.834361
0.712178
0.680147
0.663362
0.675205
0.584950
0.580641
0.575809
0.555042
0.514922
0.506814
0.504824
0.482927
0.458449
0.439158
0.400762
0.380547
0.382666
0.366362
0.354233
0.322502
0.302181
0.336112
0.278471
0.267392
0.253358
0.277450
0.247776
0.219526
0.227011
0.215849
0.196452
0.215140
0.169455
0.194474
0.165163
0.155489
0.136052
0.132452
0.138261
0.129296
0.119655
0.111401
0.099239
0.096434
0.096086
0.093152
0.083836
0.086399
0.079770
0.085595
0.077854
0.072812
0.065295
0.065296
0.056661
0.057001
0.046043
0.048373
0.052961
0.039742
0.044842
0.034881
0.039213
0.029143
0.036096
0.035506
0.022962
0.022373
0.023506
0.027031
0.023125
0.021217
0.018303
0.022539
0.015703
0.016430
0.012575
0.019303
0.016492
0.017772
0.007300
0.006310
0.011673
0.010966
0.005551
0.008074
0.004543
0.004566
0.008391
0.003731
0.007427
0.006974
0.001882
0.005990
0.004351
0.002853
0.002556
0.003171
0.003144
0.004089
0.001968
0.001859
0.004739
0.002026
0.003659
0.002905
0.001627
0.000333
0.000961
0.003312
0.000033
0.000974
0.000329
0.000718
0.000105
0.000942
0.000349
0.000073
0.000025
0.000051
0.000022
0.000110
0.000034
0.000012
0.000138
0.000100
0.000001
0.000003
0.000015
0.000016
0.000001
0.000069
0.000002
0.000001
0.000001
0.000001
0.000000
0.000001
0.000006
0.000009
0.000004
0.000003
0.000000
0.000000
0.000000
0.000001
0.000000
0.000004
0.000000
0.000000
0.000001
0.000003
0.000000
0.000001
0.000000
0.000000
0.000000
0.000008
0.000000
0.000013
0.000000
0.000000
0.000003
0.000000
0.000000
0.000000
0.000000
0.000000
0.000000
0.000000
0.000000
0.000000
0.000000
0.000000
0.000000
0.000000
0.000000
0.000000
0.000000
0.000000
0.000000
0.000000
0.000000
0.000000
0.000000
0.000000
0.000000
0.000000
0.000000
0.000000
0.000000
0.000000
0.000000
0.000000
0.000000
0.000000
0.000000
0.000000
0.000000
0.000000
0.000000
0.000000
0.000000
0.000000
0.000000
0.000000
0.000000
0.000000
0.000000
0.000000
0.000000
0.000000
0.000000
0.000000
0.000000
0.000000
0.000000
0.000000
0.000000
0.000000
0.000000
0.000000
0.000000
0.000000
0.000000
0.000000
0.000000
0.000000
0.000000
0.000000
0.000000
0.000000
0.000000
0.000000
0.000000
0.000000
0.000000
0.000000
0.000000
0.000000
0.000000
0.000000
0.000000
0.000000
0.000000
0.000000
0.000000
0.000000
0.000000
0.000000
0.000000
0.000000
0.000000
0.000000
0.000000
0.000000
0.000000
0.000000
0.000000
0.000000
0.000000
0.000000
0.000000
0.000000
0.000000
0.000000
0.000000
0.000000
0.000000
0.000000
0.000000
0.000000
0.000000
0.000000
0.000000
0.000000
0.000000
0.000000
0.000000
0.000000
0.000000
0.000000
0.000000
0.000000
0.000000
0.000000
0.000000
0.000000
0.000000
0.000000
0.000000
0.000000
0.000000
0.000000
0.000000
0.000000
0.000000
0.000000
0.000000
0.000000
0.000000
