0.170096
0.150892
0.156379
0.150892
0.182442
0.231824
0.260631
0.286694
0.320988
0.371742
0.410151
0.444444
0.481481
0.503429
0.532236
0.539095
0.555556
0.567901
0.581619
0.580247
0.587106
0.598080
0.603567
0.610425
0.622771
0.629630
0.650206
0.674897
0.683128
0.687243
0.700960
0.718793
0.727023
0.744856
0.761317
0.764060
0.781893
0.783265
0.792867
0.805213
0.813443
0.823045
0.829904
0.838134
0.838134
0.849108
0.849108
0.858711
0.860082
0.872428
0.869685
0.872428
0.875171
0.879287
0.883402
0.880658
0.884774
0.895748
0.898491
0.897119
0.912208
0.908093
0.916324
0.913580
0.921811
0.921811
0.921811
0.921811
0.921811
0.924554
0.923182
0.927298
0.923182
0.931413
0.930041
0.928669
0.932785
0.934156
0.935528
0.934156
0.935528
0.935528
0.935528
0.936900
0.936900
0.936900
0.942387
0.941015
0.942387
0.942387
0.946502
0.946502
0.946502
0.947874
0.951989
0.949246
0.949246
0.953361
0.946502
0.954733
0.954733
0.957476
0.954733
0.960220
0.962963
0.960220
0.962963
0.964335
0.964335
0.965706
0.965706
0.967078
0.965706
0.968450
0.971193
0.969822
0.972565
0.975309
0.976680
0.979424
0.976680
0.978052
0.979424
0.979424
0.979424
0.979424
0.984911
0.983539
0.982167
0.983539
0.983539
0.983539
0.986283
0.984911
0.986283
0.989026
0.986283
0.989026
0.989026
0.990398
0.990398
0.990398
0.990398
0.990398
0.991770
0.993141
0.993141
0.993141
0.991770
0.993141
0.993141
0.993141
0.993141
0.993141
0.993141
0.993141
0.993141
0.993141
0.994513
0.993141
0.993141
0.994513
0.995885
0.994513
0.994513
0.997257
0.997257
0.997257
0.995885
0.995885
0.997257
0.997257
0.997257
0.997257
0.997257
0.997257
0.997257
0.997257
0.997257
0.998628
0.997257
0.997257
0.998628
0.998628
0.998628
0.998628
0.998628
0.998628
0.998628
0.998628
0.998628
0.998628
0.998628
0.998628
0.998628
0.998628
0.998628
0.998628
0.998628
0.998628
0.998628
0.998628
0.998628
0.998628
0.998628
0.998628
1.000000
0.998628
0.998628
1.000000
0.998628
1.000000
1.000000
1.000000
1.000000
1.000000
1.000000
1.000000
1.000000
1.000000
1.000000
1.000000
1.000000
1.000000
1.000000
1.000000
1.000000
1.000000
1.000000
1.000000
1.000000
1.000000
1.000000
1.000000
1.000000
1.000000
1.000000
1.000000
1.000000
1.000000
1.000000
1.000000
1.000000
1.000000
1.000000
1.000000
1.000000
1.000000
1.000000
1.000000
1.000000
1.000000
1.000000
1.000000
1.000000
1.000000
1.000000
1.000000
1.000000
1.000000
1.000000
1.000000
1.000000
1.000000
1.000000
1.000000
1.000000
1.000000
1.000000
1.000000
1.000000
1.000000
1.000000
1.000000
1.000000
1.000000
1.000000
1.000000
1.000000
1.000000
1.000000
1.000000
1.000000
1.000000
1.000000
1.000000
1.000000
1.000000
1.000000
1.000000
1.000000
1.000000
1.000000
1.000000
1.000000
1.000000
1.000000
1.000000
1.000000
1.000000
1.000000
1.000000
1.000000
1.000000
1.000000
1.000000
1.000000
1.000000
1.000000
1.000000
1.000000
1.000000
1.000000
1.000000
1.000000
1.000000
1.000000
1.000000
1.000000
1.000000
1.000000
1.000000
1.000000
1.000000
1.000000
1.000000
1.000000
1.000000
1.000000
1.000000
1.000000
1.000000
1.000000
1.000000
1.000000
1.000000
1.000000
1.000000
1.000000
1.000000
1.000000
1.000000
1.000000
1.000000
1.000000
1.000000
1.000000
1.000000
1.000000
1.000000
1.000000
1.000000
1.000000
1.000000
1.000000
1.000000
1.000000
1.000000
1.000000
1.000000
1.000000
1.000000
1.000000
1.000000
1.000000
1.000000
1.000000
1.000000
1.000000
1.000000
1.000000
1.000000
1.000000
1.000000
1.000000
1.000000
1.000000
1.000000
1.000000
1.000000
1.000000
1.000000
1.000000
1.000000
1.000000
1.000000
1.000000
1.000000
1.000000
1.000000
1.000000
1.000000
1.000000
1.000000
1.000000
1.000000
1.000000
1.000000
1.000000
1.000000
