386.696411
303.747375
233.673981
175.892410
135.351501
111.076912
95.730194
84.911407
76.205360
70.416527
63.692562
58.101295
52.868752
48.438095
45.339550
43.555943
42.798428
41.867867
40.439198
40.150116
38.412315
37.124405
36.333485
35.964512
34.357201
33.649948
32.634880
31.679607
30.943640
29.593321
28.204504
27.293301
26.077911
24.509029
23.661686
22.630093
21.627304
20.269592
19.386902
18.327934
17.592545
16.649191
15.795571
14.914865
14.105283
13.431678
12.155203
11.626673
10.843057
10.224564
9.490200
8.768871
8.124387
7.617475
6.774581
6.278224
6.073349
5.486482
5.004975
4.718847
4.244659
3.995663
3.813924
3.485148
3.187336
2.949797
2.746479
2.608922
2.398535
2.407676
2.321091
2.092842
1.960175
1.906452
1.708378
1.592036
1.454166
1.424443
1.291895
1.214587
1.204628
1.154262
1.001100
0.992393
0.972055
0.931157
0.869029
0.875432
0.834015
0.817331
0.814358
0.767682
0.737226
0.719481
0.704417
0.669244
0.658828
0.670579
0.639934
0.626179
0.582499
0.587708
0.562293
0.565820
0.563657
0.529880
0.537110
0.514255
0.487694
0.479690
0.498973
0.466927
0.448319
0.455220
0.421901
0.425370
0.406469
0.416228
0.412809
0.396684
0.391245
0.370910
0.360790
0.346888
0.330789
0.327432
0.306831
0.310085
0.308695
0.281076
0.284252
0.286414
0.258925
0.261013
0.246648
0.232648
0.224691
0.215697
0.218338
0.213348
0.206374
0.192536
0.186804
0.180919
0.182788
0.178570
0.171610
0.175118
0.163821
0.151340
0.152742
0.150802
0.155128
0.145541
0.147954
0.128968
0.118447
0.116773
0.114243
0.111851
0.098593
0.100482
0.082560
0.084757
0.088261
0.077311
0.083328
0.069630
0.070265
0.079426
0.071317
0.049633
0.056613
0.058233
0.050765
0.060641
0.049455
0.039956
0.041637
0.041019
0.036262
0.045819
0.029737
0.031194
0.030101
0.027008
0.024487
0.025315
0.024735
0.022307
0.025199
0.021844
0.019257
0.022762
0.021983
0.019150
0.020741
0.021132
0.018700
0.015947
0.020209
0.018732
0.016778
0.015530
0.015053
0.012561
0.014425
0.013320
0.014086
0.009519
0.013036
0.010354
0.009670
0.010260
0.010807
0.008419
0.008261
0.007513
0.007310
0.006217
0.003573
0.005215
0.003908
0.005132
0.007312
0.002506
0.004265
0.004063
0.002776
0.002119
0.000254
0.002738
0.001210
0.001260
0.000949
0.001802
0.000303
0.002810
0.000058
0.000686
0.000786
0.000489
0.000334
0.000047
0.000104
0.000080
0.000041
0.000010
0.000067
0.000009
0.000012
0.000050
0.000011
0.000004
0.000063
0.000044
0.000003
0.000002
0.000002
0.000002
0.000001
0.000000
0.000001
0.000001
0.000000
0.000001
0.000001
0.000000
0.000000
0.000000
0.000000
0.000000
0.000000
0.000000
0.000000
0.000000
0.000000
0.000000
0.000000
0.000000
0.000000
0.000000
0.000000
0.000000
0.000000
0.000000
0.000000
0.000000
0.000000
0.000000
0.000000
0.000000
0.000000
0.000000
0.000000
0.000000
0.000000
0.000000
0.000000
0.000000
0.000000
0.000000
0.000000
0.000000
0.000000
0.000000
0.000000
0.000000
0.000000
0.000000
0.000000
0.000000
0.000000
0.000000
0.000000
0.000000
0.000000
0.000000
0.000000
0.000000
0.000000
0.000000
0.000000
0.000000
0.000000
0.000000
0.000000
0.000000
0.000000
0.000000
0.000000
0.000000
0.000000
0.000000
0.000000
0.000000
0.000000
0.000000
0.000000
0.000000
0.000000
0.000000
0.000000
0.000000
0.000000
0.000000
0.000000
0.000000
0.000000
0.000000
0.000000
0.000000
0.000000
0.000000
0.000000
0.000000
0.000000
0.000000
0.000000
0.000000
0.000000
0.000000
0.000000
0.000000
0.000000
0.000000
0.000000
0.000000
0.000000
0.000000
0.000000
0.000000
0.000000
0.000000
0.000000
0.000000
0.000000
0.000000
0.000000
0.000000
0.000000
0.000000
0.000000
0.000000
0.000000
0.000000
0.000000
0.000000
0.000000
0.000000
0.000000
0.000000
0.000000
0.000000
0.000000
0.000000
0.000000
0.000000
0.000000
0.000000
