0.039781
0.031550
0.030178
0.030178
0.037037
0.072702
0.127572
0.189300
0.222222
0.237311
0.260631
0.305898
0.340192
0.364883
0.401920
0.426612
0.444444
0.454047
0.471879
0.478738
0.484225
0.488340
0.492455
0.493827
0.500686
0.503429
0.504801
0.504801
0.508916
0.517147
0.522634
0.521262
0.530864
0.540466
0.545953
0.550069
0.547325
0.558299
0.561043
0.567901
0.570645
0.581619
0.587106
0.598080
0.598080
0.606310
0.624143
0.626886
0.636488
0.651578
0.658436
0.679012
0.677641
0.702332
0.729767
0.739369
0.743484
0.751715
0.764060
0.777778
0.780521
0.786008
0.790123
0.799726
0.810700
0.823045
0.831276
0.838134
0.849108
0.849108
0.851852
0.854595
0.865569
0.866941
0.877915
0.884774
0.890261
0.890261
0.902606
0.908093
0.908093
0.913580
0.925926
0.931413
0.932785
0.935528
0.941015
0.939643
0.941015
0.947874
0.941015
0.945130
0.949246
0.946502
0.947874
0.949246
0.950617
0.947874
0.954733
0.949246
0.951989
0.950617
0.953361
0.953361
0.954733
0.957476
0.957476
0.958848
0.961591
0.961591
0.960220
0.962963
0.964335
0.962963
0.964335
0.964335
0.967078
0.964335
0.964335
0.964335
0.967078
0.969822
0.972565
0.971193
0.971193
0.971193
0.971193
0.971193
0.972565
0.972565
0.971193
0.973937
0.975309
0.975309
0.976680
0.976680
0.978052
0.980796
0.979424
0.980796
0.982167
0.982167
0.984911
0.983539
0.984911
0.984911
0.987654
0.987654
0.986283
0.989026
0.986283
0.986283
0.987654
0.987654
0.987654
0.990398
0.990398
0.990398
0.990398
0.990398
0.990398
0.990398
0.990398
0.990398
0.990398
0.990398
0.990398
0.990398
0.990398
0.990398
0.990398
0.994513
0.990398
0.990398
0.991770
0.991770
0.994513
0.995885
0.995885
0.995885
0.995885
0.993141
0.995885
0.995885
0.995885
0.995885
0.997257
0.997257
0.997257
0.998628
0.998628
0.997257
0.997257
0.998628
0.998628
0.998628
0.998628
0.998628
0.998628
0.998628
0.998628
0.998628
0.998628
0.998628
0.998628
0.998628
0.998628
0.998628
0.998628
0.998628
0.998628
0.998628
0.998628
0.998628
0.998628
0.998628
0.998628
0.998628
0.998628
0.998628
0.998628
0.998628
0.998628
0.998628
0.998628
0.998628
0.998628
0.998628
0.998628
0.998628
1.000000
0.998628
0.998628
0.998628
1.000000
0.998628
1.000000
0.998628
1.000000
1.000000
1.000000
1.000000
1.000000
1.000000
1.000000
1.000000
1.000000
1.000000
1.000000
1.000000
1.000000
1.000000
1.000000
1.000000
1.000000
1.000000
1.000000
1.000000
1.000000
1.000000
1.000000
1.000000
1.000000
1.000000
1.000000
1.000000
1.000000
1.000000
1.000000
1.000000
1.000000
1.000000
1.000000
1.000000
1.000000
1.000000
1.000000
1.000000
1.000000
1.000000
1.000000
1.000000
1.000000
1.000000
1.000000
1.000000
1.000000
1.000000
1.000000
1.000000
1.000000
1.000000
1.000000
1.000000
1.000000
1.000000
1.000000
1.000000
1.000000
1.000000
1.000000
1.000000
1.000000
1.000000
1.000000
1.000000
1.000000
1.000000
1.000000
1.000000
1.000000
1.000000
1.000000
1.000000
1.000000
1.000000
1.000000
1.000000
1.000000
1.000000
1.000000
1.000000
1.000000
1.000000
1.000000
1.000000
1.000000
1.000000
1.000000
1.000000
1.000000
1.000000
1.000000
1.000000
1.000000
1.000000
1.000000
1.000000
1.000000
1.000000
1.000000
1.000000
1.000000
1.000000
1.000000
1.000000
1.000000
1.000000
1.000000
1.000000
1.000000
1.000000
1.000000
1.000000
1.000000
1.000000
1.000000
1.000000
1.000000
1.000000
1.000000
1.000000
1.000000
1.000000
1.000000
1.000000
1.000000
1.000000
1.000000
1.000000
1.000000
1.000000
1.000000
1.000000
1.000000
1.000000
1.000000
1.000000
1.000000
1.000000
1.000000
1.000000
1.000000
1.000000
1.000000
1.000000
1.000000
1.000000
1.000000
1.000000
1.000000
1.000000
1.000000
1.000000
1.000000
1.000000
1.000000
1.000000
1.000000
1.000000
