0.187929
0.207133
0.241427
0.256516
0.256516
0.238683
0.286694
0.330590
0.344307
0.362140
0.366255
0.389575
0.417010
0.418381
0.427984
0.454047
0.458162
0.465021
0.485597
0.502058
0.518519
0.545953
0.559671
0.567901
0.577503
0.589849
0.591221
0.599451
0.599451
0.600823
0.609053
0.628258
0.629630
0.641975
0.655693
0.659808
0.673525
0.698217
0.718793
0.737997
0.748971
0.755830
0.772291
0.786008
0.787380
0.795610
0.812071
0.828532
0.835391
0.850480
0.855967
0.857339
0.862826
0.868313
0.875171
0.884774
0.887517
0.893004
0.895748
0.903978
0.901235
0.910837
0.913580
0.919067
0.921811
0.920439
0.925926
0.925926
0.925926
0.927298
0.928669
0.934156
0.932785
0.936900
0.936900
0.943759
0.941015
0.943759
0.941015
0.949246
0.943759
0.951989
0.950617
0.951989
0.953361
0.951989
0.956104
0.951989
0.956104
0.957476
0.956104
0.958848
0.958848
0.958848
0.962963
0.961591
0.960220
0.961591
0.960220
0.965706
0.965706
0.967078
0.967078
0.967078
0.967078
0.969822
0.969822
0.969822
0.972565
0.973937
0.969822
0.976680
0.976680
0.979424
0.982167
0.982167
0.984911
0.984911
0.984911
0.986283
0.989026
0.986283
0.986283
0.987654
0.987654
0.989026
0.987654
0.987654
0.987654
0.989026
0.990398
0.989026
0.987654
0.989026
0.987654
0.989026
0.990398
0.989026
0.989026
0.990398
0.990398
0.991770
0.991770
0.991770
0.991770
0.993141
0.993141
0.991770
0.990398
0.993141
0.990398
0.993141
0.991770
0.993141
0.990398
0.993141
0.990398
0.993141
0.993141
0.994513
0.993141
0.995885
0.994513
0.994513
0.997257
0.997257
0.994513
0.995885
0.997257
0.997257
0.994513
0.997257
0.997257
0.997257
0.997257
0.998628
0.997257
0.995885
0.997257
0.998628
0.997257
0.998628
0.998628
0.998628
0.997257
1.000000
0.998628
0.997257
0.998628
0.998628
1.000000
1.000000
1.000000
1.000000
1.000000
1.000000
1.000000
1.000000
1.000000
1.000000
1.000000
1.000000
1.000000
1.000000
0.998628
1.000000
1.000000
1.000000
1.000000
1.000000
1.000000
0.998628
1.000000
1.000000
1.000000
1.000000
0.998628
1.000000
1.000000
1.000000
1.000000
1.000000
1.000000
1.000000
1.000000
1.000000
1.000000
1.000000
1.000000
0.998628
1.000000
1.000000
1.000000
1.000000
0.998628
0.998628
0.998628
0.998628
1.000000
1.000000
1.000000
1.000000
1.000000
0.998628
0.998628
1.000000
1.000000
1.000000
1.000000
0.998628
1.000000
1.000000
1.000000
1.000000
1.000000
1.000000
1.000000
1.000000
1.000000
1.000000
1.000000
1.000000
1.000000
1.000000
1.000000
1.000000
1.000000
1.000000
1.000000
1.000000
1.000000
1.000000
1.000000
1.000000
1.000000
1.000000
1.000000
1.000000
1.000000
1.000000
1.000000
1.000000
1.000000
1.000000
1.000000
1.000000
1.000000
1.000000
1.000000
1.000000
1.000000
1.000000
1.000000
1.000000
1.000000
1.000000
1.000000
1.000000
1.000000
1.000000
1.000000
1.000000
1.000000
1.000000
1.000000
1.000000
1.000000
1.000000
1.000000
1.000000
1.000000
1.000000
1.000000
1.000000
1.000000
1.000000
1.000000
1.000000
1.000000
1.000000
1.000000
1.000000
1.000000
1.000000
1.000000
1.000000
1.000000
1.000000
1.000000
1.000000
1.000000
1.000000
1.000000
1.000000
1.000000
1.000000
1.000000
1.000000
1.000000
1.000000
1.000000
1.000000
1.000000
1.000000
1.000000
1.000000
1.000000
1.000000
1.000000
1.000000
1.000000
1.000000
1.000000
1.000000
1.000000
1.000000
1.000000
1.000000
1.000000
1.000000
1.000000
1.000000
1.000000
1.000000
1.000000
1.000000
1.000000
1.000000
1.000000
1.000000
1.000000
1.000000
1.000000
1.000000
1.000000
1.000000
1.000000
1.000000
1.000000
1.000000
1.000000
1.000000
1.000000
1.000000
1.000000
1.000000
1.000000
1.000000
1.000000
1.000000
1.000000
1.000000
1.000000
1.000000
1.000000
1.000000
1.000000
1.000000
1.000000
1.000000
