311.329590
247.032486
198.476852
157.542496
121.012848
96.304817
85.325790
78.289253
72.047615
65.753731
60.952236
56.080151
51.756897
47.726337
43.622536
39.575851
36.228333
33.206215
30.827959
29.109175
27.594358
25.914772
24.388376
22.752687
21.717718
20.309534
19.351559
18.506239
17.182493
16.225117
15.075174
13.952906
13.091805
11.925761
10.857471
9.906736
8.900064
7.702567
6.953898
6.250857
5.658484
5.081813
4.720534
4.263053
3.996663
3.807907
3.433745
3.211299
3.069040
2.809580
2.686535
2.588766
2.583956
2.363048
2.345726
2.214191
2.115031
1.945695
1.938669
1.795286
1.799866
1.703758
1.630019
1.574730
1.506593
1.425152
1.331888
1.340117
1.297680
1.260981
1.161898
1.095128
1.089051
1.005300
1.049102
0.899632
0.944587
0.892230
0.896075
0.845714
0.861015
0.747513
0.771328
0.726479
0.717872
0.712349
0.680453
0.639297
0.650021
0.603144
0.611831
0.603092
0.563935
0.555360
0.499676
0.511634
0.526516
0.471506
0.488054
0.511509
0.492774
0.451879
0.436083
0.430509
0.418020
0.394151
0.365779
0.379164
0.342811
0.301668
0.333844
0.303033
0.288020
0.248076
0.250752
0.253839
0.231760
0.225043
0.228109
0.221133
0.193329
0.186646
0.191998
0.186164
0.172732
0.154503
0.168843
0.134387
0.142900
0.134228
0.116022
0.121449
0.117099
0.111476
0.119168
0.103394
0.102359
0.102472
0.111204
0.085979
0.085008
0.075801
0.082639
0.072311
0.072800
0.059984
0.053822
0.060817
0.062272
0.070413
0.058672
0.043449
0.047579
0.033161
0.042117
0.036254
0.032107
0.037094
0.038728
0.025546
0.030741
0.019676
0.024656
0.020386
0.014558
0.014341
0.020450
0.016292
0.014244
0.011801
0.020776
0.011029
0.013231
0.008927
0.004926
0.003525
0.008881
0.007796
0.005510
0.002853
0.006171
0.003060
0.002894
0.003493
0.002588
0.000698
0.002311
0.004311
0.002056
0.001676
0.001259
0.000962
0.000850
0.001215
0.000945
0.000458
0.000452
0.001107
0.000764
0.000615
0.001329
0.000348
0.000261
0.000258
0.001198
0.000262
0.000108
0.000448
0.000122
0.000048
0.000138
0.001125
0.000029
0.000883
0.000322
0.000867
0.001870
0.000900
0.000032
0.000152
0.000063
0.000203
0.000883
0.000082
0.000157
0.000187
0.000595
0.000553
0.000869
0.003681
0.000238
0.000194
0.000521
0.000204
0.001055
0.002709
0.002383
0.001229
0.000266
0.000146
0.000426
0.000048
0.000099
0.002078
0.003239
0.000275
0.000835
0.000041
0.000075
0.002876
0.000017
0.000345
0.000026
0.000041
0.000642
0.000215
0.000065
0.000076
0.000033
0.000437
0.000058
0.000051
0.000032
0.000260
0.000007
0.000146
0.000024
0.000012
0.000012
0.000118
0.000012
0.000341
0.000047
0.000008
0.000030
0.000042
0.000168
0.000002
0.000044
0.000014
0.000017
0.000130
0.000036
0.000052
0.000003
0.000007
0.000021
0.000012
0.000148
0.000000
0.000001
0.000003
0.000003
0.000003
0.000001
0.000009
0.000003
0.000001
0.000002
0.000005
0.000010
0.000006
0.000001
0.000002
0.000003
0.000000
0.000002
0.000004
0.000003
0.000002
0.000001
0.000014
0.000008
0.000001
0.000008
0.000003
0.000003
0.000001
0.000000
0.000001
0.000001
0.000001
0.000000
0.000003
0.000000
0.000001
0.000001
0.000004
0.000001
0.000000
0.000001
0.000000
0.000000
0.000000
0.000000
0.000001
0.000002
0.000000
0.000001
0.000000
0.000001
0.000001
0.000001
0.000000
0.000001
0.000001
0.000001
0.000000
0.000000
0.000000
0.000000
0.000000
0.000001
0.000000
0.000001
0.000000
0.000000
0.000000
0.000000
0.000000
0.000003
0.000000
0.000000
0.000000
0.000000
0.000000
0.000000
0.000000
0.000002
0.000000
0.000000
0.000000
0.000000
0.000001
0.000000
0.000000
0.000000
0.000000
0.000000
0.000000
0.000000
0.000001
0.000000
0.000000
0.000000
0.000000
0.000000
0.000001
0.000000
0.000000
0.000001
0.000000
0.000000
0.000005
0.000000
0.000000
0.000000
0.000000
0.000001
0.000000
