0.060357
0.089163
0.112483
0.131687
0.124829
0.127572
0.135802
0.142661
0.145405
0.094650
0.094650
0.135802
0.141289
0.157750
0.167353
0.178326
0.190672
0.201646
0.219479
0.241427
0.257888
0.279835
0.303155
0.325103
0.341564
0.353909
0.378601
0.388203
0.412894
0.434842
0.459534
0.481481
0.499314
0.508916
0.524005
0.544582
0.567901
0.580247
0.596708
0.604938
0.611797
0.626886
0.631001
0.648834
0.657064
0.663923
0.694102
0.698217
0.714678
0.716049
0.721536
0.735254
0.737997
0.744856
0.750343
0.755830
0.764060
0.770919
0.779150
0.777778
0.788752
0.790123
0.806584
0.809328
0.807956
0.813443
0.814815
0.825789
0.829904
0.832647
0.847737
0.854595
0.847737
0.855967
0.861454
0.862826
0.866941
0.864198
0.865569
0.868313
0.873800
0.875171
0.873800
0.883402
0.882030
0.877915
0.883402
0.888889
0.895748
0.895748
0.893004
0.891632
0.903978
0.908093
0.905350
0.917695
0.916324
0.921811
0.921811
0.920439
0.924554
0.928669
0.932785
0.932785
0.935528
0.938272
0.934156
0.939643
0.936900
0.936900
0.941015
0.939643
0.942387
0.941015
0.943759
0.945130
0.947874
0.943759
0.946502
0.949246
0.949246
0.950617
0.951989
0.951989
0.951989
0.951989
0.951989
0.953361
0.951989
0.954733
0.953361
0.957476
0.958848
0.956104
0.956104
0.958848
0.958848
0.960220
0.958848
0.961591
0.962963
0.965706
0.965706
0.965706
0.967078
0.968450
0.972565
0.965706
0.971193
0.969822
0.972565
0.969822
0.975309
0.978052
0.980796
0.976680
0.978052
0.979424
0.979424
0.980796
0.978052
0.978052
0.980796
0.980796
0.982167
0.983539
0.982167
0.983539
0.986283
0.983539
0.984911
0.983539
0.987654
0.986283
0.986283
0.990398
0.987654
0.990398
0.989026
0.986283
0.989026
0.987654
0.989026
0.991770
0.990398
0.990398
0.989026
0.989026
0.991770
0.990398
0.989026
0.991770
0.990398
0.991770
0.994513
0.993141
0.995885
0.993141
0.993141
0.995885
0.997257
0.991770
0.998628
0.993141
0.995885
0.991770
0.997257
0.998628
0.994513
0.997257
0.998628
0.998628
0.998628
0.997257
0.998628
0.998628
1.000000
0.998628
0.998628
0.994513
0.998628
1.000000
0.997257
0.997257
0.997257
1.000000
0.998628
1.000000
0.997257
0.998628
0.997257
1.000000
1.000000
1.000000
1.000000
1.000000
1.000000
1.000000
1.000000
1.000000
1.000000
1.000000
1.000000
1.000000
1.000000
1.000000
1.000000
1.000000
1.000000
1.000000
1.000000
1.000000
1.000000
1.000000
1.000000
1.000000
1.000000
1.000000
1.000000
1.000000
1.000000
1.000000
1.000000
1.000000
1.000000
1.000000
1.000000
1.000000
1.000000
1.000000
1.000000
1.000000
1.000000
1.000000
1.000000
1.000000
1.000000
1.000000
1.000000
1.000000
1.000000
1.000000
1.000000
1.000000
1.000000
1.000000
1.000000
1.000000
1.000000
1.000000
1.000000
1.000000
1.000000
1.000000
1.000000
1.000000
1.000000
1.000000
1.000000
1.000000
1.000000
1.000000
1.000000
1.000000
1.000000
1.000000
1.000000
1.000000
1.000000
1.000000
1.000000
1.000000
1.000000
1.000000
1.000000
1.000000
1.000000
1.000000
1.000000
1.000000
1.000000
1.000000
1.000000
1.000000
1.000000
1.000000
1.000000
1.000000
1.000000
1.000000
1.000000
1.000000
1.000000
1.000000
1.000000
1.000000
1.000000
1.000000
1.000000
1.000000
1.000000
1.000000
1.000000
1.000000
1.000000
1.000000
1.000000
1.000000
1.000000
1.000000
1.000000
1.000000
1.000000
1.000000
1.000000
1.000000
1.000000
1.000000
1.000000
1.000000
1.000000
1.000000
1.000000
1.000000
1.000000
1.000000
1.000000
1.000000
1.000000
1.000000
1.000000
1.000000
1.000000
1.000000
1.000000
1.000000
1.000000
1.000000
1.000000
1.000000
1.000000
1.000000
1.000000
1.000000
1.000000
1.000000
1.000000
1.000000
1.000000
1.000000
1.000000
1.000000
1.000000
1.000000
1.000000
1.000000
1.000000
1.000000
1.000000
1.000000
