478.627655
368.350311
304.009949
248.887726
205.939560
173.869598
146.445435
122.162598
100.936539
88.513252
85.236618
82.186333
77.967773
73.337784
69.626778
66.178864
62.583794
59.563599
55.847088
52.039219
48.477093
45.391853
42.292038
39.642609
37.460667
35.547394
33.622078
31.587400
30.755182
28.663084
27.777027
26.184526
25.038433
23.610773
22.459122
21.446066
19.886599
18.972181
18.357775
17.305103
16.627203
15.582755
14.623460
13.465194
12.705296
12.321877
11.672920
11.308253
10.672364
10.318871
9.800582
9.300222
9.107091
8.791156
8.339391
8.034165
7.533074
7.052155
6.780716
6.404705
6.068568
5.817033
5.084748
4.819859
4.600100
4.452875
4.142902
3.864789
3.818403
3.532186
3.338643
3.098583
3.107732
2.958699
2.883588
2.739358
2.664282
2.593488
2.574967
2.280156
2.300561
2.221241
2.105827
2.050628
1.934068
1.873190
1.713086
1.668233
1.551598
1.468382
1.428897
1.449945
1.224150
1.211456
1.205324
1.048711
1.051207
0.969235
0.960425
0.948217
0.938585
0.879853
0.834957
0.847983
0.826679
0.789587
0.775420
0.726398
0.809798
0.776088
0.730729
0.735001
0.672369
0.715986
0.689370
0.646529
0.653533
0.633169
0.652091
0.639613
0.625998
0.604562
0.551859
0.527997
0.531874
0.542562
0.516035
0.471938
0.469503
0.480222
0.462685
0.448381
0.407917
0.450010
0.373664
0.382990
0.353736
0.348722
0.376216
0.327894
0.308027
0.279107
0.277835
0.282842
0.275212
0.249375
0.220269
0.253613
0.232121
0.227445
0.194058
0.215989
0.206728
0.203304
0.172052
0.186851
0.190670
0.170197
0.173754
0.157298
0.164604
0.164620
0.130971
0.139336
0.125960
0.114315
0.128232
0.110303
0.101203
0.116796
0.100771
0.117328
0.089814
0.083670
0.088606
0.063583
0.078047
0.064939
0.073653
0.078347
0.063524
0.060340
0.061985
0.046509
0.048402
0.039485
0.051069
0.050607
0.043058
0.038947
0.044249
0.027023
0.036891
0.030394
0.031187
0.028788
0.021103
0.019731
0.025829
0.024163
0.017189
0.022730
0.014591
0.019200
0.014333
0.025205
0.011290
0.006379
0.012301
0.010465
0.007080
0.007940
0.009403
0.004970
0.005111
0.006350
0.001777
0.004811
0.003360
0.007220
0.001160
0.001438
0.004410
0.003567
0.003383
0.002183
0.002404
0.001231
0.003171
0.002446
0.003209
0.000108
0.000693
0.000298
0.000455
0.000374
0.000802
0.000926
0.000471
0.000411
0.000251
0.000122
0.000412
0.000506
0.000083
0.000079
0.000328
0.000086
0.000043
0.000550
0.000726
0.000213
0.000082
0.000559
0.000136
0.000191
0.000036
0.000214
0.000133
0.000057
0.000004
0.000024
0.000032
0.000019
0.000026
0.000051
0.000276
0.000070
0.000018
0.000053
0.000019
0.000003
0.000231
0.000064
0.000026
0.000031
0.000009
0.000043
0.000013
0.000006
0.000003
0.000017
0.000011
0.000006
0.000005
0.000168
0.000040
0.000008
0.000002
0.000001
0.000001
0.000006
0.000001
0.000020
0.000024
0.000009
0.000002
0.000001
0.000020
0.000008
0.000000
0.000000
0.000001
0.000010
0.000035
0.000007
0.000071
0.000002
0.000002
0.000015
0.000000
0.000001
0.000001
0.000003
0.000001
0.000000
0.000002
0.000004
0.000001
0.000001
0.000000
0.000001
0.000001
0.000007
0.000003
0.000000
0.000001
0.000000
0.000000
0.000007
0.000003
0.000001
0.000000
0.000000
0.000001
0.000000
0.000000
0.000000
0.000001
0.000000
0.000001
0.000000
0.000001
0.000000
0.000000
0.000000
0.000000
0.000000
0.000001
0.000000
0.000000
0.000000
0.000000
0.000000
0.000001
0.000000
0.000000
0.000000
0.000000
0.000000
0.000000
0.000000
0.000000
0.000000
0.000000
0.000000
0.000000
0.000000
0.000000
0.000001
0.000000
0.000000
0.000000
0.000000
0.000000
0.000000
0.000000
0.000000
0.000000
0.000000
0.000000
0.000000
0.000000
0.000000
0.000000
0.000000
0.000000
0.000000
0.000000
0.000000
0.000000
0.000000
0.000000
0.000000
0.000000
0.000000
0.000000
0.000000
0.000000
0.000000
