0.101509
0.100137
0.105624
0.131687
0.175583
0.200274
0.229081
0.249657
0.294925
0.334705
0.363512
0.385460
0.417010
0.434842
0.449931
0.473251
0.492455
0.507545
0.540466
0.555556
0.570645
0.589849
0.600823
0.603567
0.614540
0.628258
0.644719
0.663923
0.674897
0.702332
0.713306
0.729767
0.739369
0.742112
0.753086
0.770919
0.790123
0.801097
0.807956
0.817558
0.827160
0.831276
0.844993
0.851852
0.861454
0.862826
0.871056
0.877915
0.890261
0.895748
0.906722
0.921811
0.925926
0.930041
0.938272
0.941015
0.951989
0.954733
0.956104
0.956104
0.956104
0.957476
0.958848
0.960220
0.958848
0.962963
0.962963
0.968450
0.967078
0.969822
0.969822
0.969822
0.969822
0.972565
0.973937
0.973937
0.975309
0.975309
0.976680
0.980796
0.980796
0.979424
0.979424
0.982167
0.982167
0.982167
0.982167
0.983539
0.983539
0.984911
0.983539
0.982167
0.983539
0.983539
0.984911
0.983539
0.984911
0.987654
0.987654
0.987654
0.989026
0.990398
0.990398
0.991770
0.990398
0.993141
0.991770
0.993141
0.991770
0.993141
0.993141
0.993141
0.994513
0.995885
0.994513
0.994513
0.994513
0.995885
0.995885
0.995885
0.995885
0.995885
0.995885
0.995885
0.995885
0.995885
0.995885
0.995885
0.995885
0.995885
0.995885
0.995885
0.997257
0.997257
0.995885
0.997257
0.997257
0.997257
0.997257
0.997257
0.998628
0.998628
0.997257
0.998628
0.998628
0.998628
0.998628
0.998628
0.998628
0.998628
0.998628
0.998628
0.998628
0.998628
0.998628
1.000000
1.000000
0.998628
1.000000
1.000000
1.000000
1.000000
1.000000
1.000000
1.000000
1.000000
1.000000
1.000000
1.000000
1.000000
1.000000
1.000000
1.000000
1.000000
1.000000
1.000000
1.000000
1.000000
1.000000
1.000000
1.000000
1.000000
1.000000
1.000000
1.000000
1.000000
1.000000
1.000000
1.000000
1.000000
1.000000
1.000000
1.000000
1.000000
1.000000
1.000000
1.000000
1.000000
1.000000
1.000000
1.000000
1.000000
1.000000
1.000000
1.000000
1.000000
1.000000
1.000000
1.000000
1.000000
1.000000
1.000000
1.000000
1.000000
1.000000
1.000000
1.000000
1.000000
1.000000
1.000000
1.000000
1.000000
1.000000
1.000000
1.000000
1.000000
1.000000
1.000000
1.000000
1.000000
1.000000
1.000000
1.000000
1.000000
1.000000
1.000000
1.000000
1.000000
1.000000
1.000000
1.000000
1.000000
1.000000
1.000000
1.000000
1.000000
1.000000
1.000000
1.000000
1.000000
1.000000
1.000000
1.000000
1.000000
1.000000
1.000000
1.000000
1.000000
1.000000
1.000000
1.000000
1.000000
1.000000
1.000000
1.000000
1.000000
1.000000
1.000000
1.000000
1.000000
1.000000
1.000000
1.000000
1.000000
1.000000
1.000000
1.000000
1.000000
1.000000
1.000000
1.000000
1.000000
1.000000
1.000000
1.000000
1.000000
1.000000
1.000000
1.000000
1.000000
1.000000
1.000000
1.000000
1.000000
1.000000
1.000000
1.000000
1.000000
1.000000
1.000000
1.000000
1.000000
1.000000
1.000000
1.000000
1.000000
1.000000
1.000000
1.000000
1.000000
1.000000
1.000000
1.000000
1.000000
1.000000
1.000000
1.000000
1.000000
1.000000
1.000000
1.000000
1.000000
1.000000
1.000000
1.000000
1.000000
1.000000
1.000000
1.000000
1.000000
1.000000
1.000000
1.000000
1.000000
1.000000
1.000000
1.000000
1.000000
1.000000
1.000000
1.000000
1.000000
1.000000
1.000000
1.000000
1.000000
1.000000
1.000000
1.000000
1.000000
1.000000
1.000000
1.000000
1.000000
1.000000
1.000000
1.000000
1.000000
1.000000
1.000000
1.000000
1.000000
1.000000
1.000000
1.000000
1.000000
1.000000
1.000000
1.000000
1.000000
1.000000
1.000000
1.000000
1.000000
1.000000
1.000000
1.000000
1.000000
1.000000
1.000000
1.000000
1.000000
1.000000
1.000000
1.000000
1.000000
1.000000
1.000000
1.000000
1.000000
1.000000
1.000000
1.000000
1.000000
1.000000
1.000000
1.000000
1.000000
1.000000
1.000000
