322.946503
258.466980
204.945435
166.422684
136.010391
108.063004
83.676422
66.318199
57.196255
51.498970
46.645893
42.480171
38.847420
35.192089
31.910164
29.065479
26.505276
24.532814
22.885210
21.634354
20.603477
19.367565
18.176632
16.954554
15.622953
14.464225
13.309404
12.285530
11.442903
10.511414
9.573151
8.627223
8.085074
7.464036
7.000774
6.336600
5.736609
5.144679
4.739980
4.332082
3.860137
3.607481
3.250244
2.881928
2.557657
2.314261
2.037510
1.857448
1.674831
1.459894
1.320270
1.218700
1.077706
0.971496
0.909802
0.849317
0.780711
0.758335
0.712592
0.671343
0.639769
0.606960
0.565944
0.532633
0.493685
0.481890
0.444558
0.434491
0.421461
0.408628
0.387302
0.378896
0.354426
0.323847
0.317448
0.295801
0.293149
0.268009
0.246996
0.233356
0.226631
0.238977
0.226523
0.210044
0.207596
0.182753
0.199210
0.202988
0.166625
0.165066
0.166696
0.157877
0.160535
0.134315
0.130846
0.122027
0.123663
0.105918
0.092256
0.093243
0.088441
0.074989
0.073371
0.076852
0.075373
0.076131
0.073671
0.069093
0.070698
0.066283
0.059283
0.062264
0.049455
0.046309
0.057457
0.048758
0.055795
0.043717
0.043208
0.045986
0.042104
0.035749
0.034855
0.036733
0.030794
0.026257
0.026279
0.022321
0.029216
0.022563
0.016736
0.016584
0.015682
0.015236
0.015444
0.013573
0.011274
0.007162
0.011999
0.006485
0.005031
0.005835
0.010006
0.006341
0.001555
0.006918
0.001551
0.004582
0.003321
0.004345
0.002481
0.005933
0.002771
0.003167
0.003678
0.000585
0.000400
0.001223
0.000891
0.000577
0.000282
0.000487
0.000409
0.000105
0.000089
0.000020
0.000017
0.000029
0.000113
0.000042
0.000028
0.000047
0.000008
0.000021
0.000004
0.000012
0.000002
0.000003
0.000014
0.000008
0.000007
0.000007
0.000120
0.000001
0.000000
0.000005
0.000002
0.000015
0.000002
0.000005
0.000015
0.000007
0.000001
0.000001
0.000002
0.000001
0.000000
0.000001
0.000000
0.000000
0.000001
0.000000
0.000001
0.000001
0.000000
0.000002
0.000000
0.000000
0.000004
0.000000
0.000002
0.000000
0.000000
0.000000
0.000000
0.000000
0.000001
0.000000
0.000001
0.000000
0.000000
0.000000
0.000000
0.000000
0.000001
0.000000
0.000000
0.000000
0.000000
0.000000
0.000000
0.000000
0.000000
0.000000
0.000000
0.000000
0.000000
0.000000
0.000000
0.000000
0.000000
0.000000
0.000000
0.000000
0.000001
0.000000
0.000000
0.000000
0.000000
0.000000
0.000000
0.000000
0.000000
0.000000
0.000000
0.000000
0.000000
0.000000
0.000000
0.000000
0.000000
0.000000
0.000000
0.000000
0.000000
0.000000
0.000000
0.000000
0.000000
0.000000
0.000000
0.000000
0.000000
0.000000
0.000000
0.000000
0.000000
0.000000
0.000000
0.000000
0.000000
0.000000
0.000000
0.000000
0.000000
0.000000
0.000000
0.000000
0.000000
0.000000
0.000000
0.000000
0.000000
0.000000
0.000000
0.000000
0.000000
0.000000
0.000000
0.000000
0.000000
0.000000
0.000000
0.000000
0.000000
0.000000
0.000000
0.000000
0.000000
0.000000
0.000000
0.000000
0.000000
0.000000
0.000000
0.000000
0.000000
0.000000
0.000000
0.000000
0.000000
0.000000
0.000000
0.000000
0.000000
0.000000
0.000000
0.000000
0.000000
0.000000
0.000000
0.000000
0.000000
0.000000
0.000000
0.000000
0.000000
0.000000
0.000000
0.000000
0.000000
0.000000
0.000000
0.000000
0.000000
0.000000
0.000000
0.000000
0.000000
0.000000
0.000000
0.000000
0.000000
0.000000
0.000000
0.000000
0.000000
0.000000
0.000000
0.000000
0.000000
0.000000
0.000000
0.000000
0.000000
0.000000
0.000000
0.000000
0.000000
0.000000
0.000000
0.000000
0.000000
0.000000
0.000000
0.000000
0.000000
0.000000
0.000000
0.000000
0.000000
0.000000
0.000000
0.000000
0.000000
0.000000
0.000000
0.000000
0.000000
0.000000
0.000000
0.000000
0.000000
0.000000
0.000000
0.000000
0.000000
0.000000
0.000000
0.000000
