216.102005
174.480927
152.293289
131.855682
111.819336
94.096817
80.908920
73.759636
68.534515
64.502655
59.778824
56.465118
53.392971
50.358952
47.888268
45.293999
42.563522
40.355389
38.090508
35.854973
33.890057
31.890713
30.425711
28.661982
26.890478
25.069086
23.517790
22.117771
20.540943
18.953642
17.861071
16.690195
15.471629
14.148767
13.342957
12.166471
11.343449
10.403945
9.798287
8.946388
8.208683
7.775280
7.144560
6.676081
6.211684
5.793811
5.270047
4.837126
4.555643
4.192494
3.732509
3.599731
3.260987
3.009434
2.900025
2.593685
2.486134
2.233734
2.054502
1.838497
1.686865
1.608756
1.599631
1.483254
1.431070
1.301185
1.243143
1.155560
1.105417
1.060217
1.001486
0.951283
0.914936
0.887665
0.860348
0.824091
0.807475
0.769565
0.695849
0.704901
0.686057
0.644704
0.627334
0.578077
0.565129
0.516380
0.534393
0.506937
0.536557
0.483292
0.470142
0.408734
0.431285
0.385186
0.381489
0.379681
0.355898
0.348398
0.353240
0.301739
0.313424
0.296901
0.281125
0.260526
0.294830
0.255505
0.255573
0.238178
0.239862
0.237014
0.234698
0.195807
0.198951
0.188746
0.185704
0.173086
0.164786
0.164896
0.160402
0.153676
0.131960
0.140994
0.126621
0.132695
0.121306
0.123572
0.124145
0.114840
0.118900
0.104459
0.098689
0.105374
0.092734
0.094741
0.087529
0.099230
0.081913
0.089325
0.065841
0.076982
0.068917
0.069976
0.061031
0.064351
0.059847
0.053465
0.050591
0.052352
0.051467
0.047479
0.044798
0.048822
0.040333
0.043217
0.042839
0.032590
0.030221
0.030947
0.029299
0.028846
0.027773
0.027594
0.026543
0.030163
0.029330
0.024550
0.025023
0.025421
0.020406
0.022787
0.020145
0.021493
0.018144
0.022558
0.017950
0.018702
0.015337
0.016060
0.018885
0.016492
0.015392
0.013896
0.013709
0.015481
0.014772
0.012848
0.010875
0.013452
0.015102
0.012254
0.012024
0.010185
0.012665
0.009855
0.009634
0.010045
0.009943
0.008249
0.007992
0.009131
0.008679
0.007822
0.007353
0.006829
0.005922
0.007224
0.005273
0.006510
0.008175
0.005298
0.005559
0.003967
0.007947
0.004211
0.002994
0.005193
0.003598
0.005517
0.002752
0.003330
0.003015
0.002487
0.002724
0.001100
0.003643
0.001897
0.001094
0.002274
0.001054
0.002030
0.001030
0.001100
0.001722
0.000422
0.000459
0.001143
0.000796
0.000152
0.000644
0.001847
0.000132
0.000336
0.003027
0.000430
0.000275
0.001095
0.000214
0.000084
0.000339
0.000009
0.000336
0.000073
0.000079
0.000076
0.000125
0.000012
0.000008
0.000024
0.000011
0.000009
0.000004
0.000019
0.000010
0.000006
0.000036
0.000078
0.000002
0.000037
0.000062
0.000023
0.000010
0.000022
0.000003
0.000005
0.000007
0.000006
0.000024
0.000002
0.000007
0.000012
0.000003
0.000009
0.000004
0.000001
0.000004
0.000001
0.000005
0.000002
0.000002
0.000000
0.000001
0.000001
0.000000
0.000000
0.000001
0.000000
0.000001
0.000001
0.000001
0.000002
0.000001
0.000000
0.000000
0.000001
0.000000
0.000001
0.000000
0.000001
0.000003
0.000000
0.000000
0.000000
0.000000
0.000000
0.000000
0.000000
0.000000
0.000001
0.000000
0.000001
0.000000
0.000000
0.000001
0.000000
0.000000
0.000000
0.000000
0.000000
0.000000
0.000000
0.000000
0.000000
0.000000
0.000000
0.000000
0.000000
0.000000
0.000000
0.000000
0.000000
0.000000
0.000000
0.000000
0.000000
0.000001
0.000000
0.000000
0.000000
0.000000
0.000000
0.000000
0.000000
0.000000
0.000000
0.000000
0.000000
0.000000
0.000000
0.000000
0.000000
0.000000
0.000000
0.000000
0.000000
0.000000
0.000000
0.000000
0.000000
0.000000
0.000000
0.000000
0.000000
0.000000
0.000000
0.000000
0.000000
0.000000
0.000000
0.000000
0.000000
0.000000
0.000000
0.000000
0.000000
0.000000
0.000000
0.000000
0.000000
0.000000
0.000000
0.000000
0.000000
0.000000
0.000000
0.000000
0.000000
0.000000
0.000000
0.000000
0.000000
