0.043896
0.149520
0.246914
0.270233
0.290809
0.319616
0.344307
0.371742
0.389575
0.400549
0.423868
0.430727
0.440329
0.451303
0.455418
0.460905
0.462277
0.460905
0.465021
0.471879
0.470508
0.474623
0.484225
0.489712
0.486968
0.491084
0.502058
0.500686
0.515775
0.522634
0.533608
0.547325
0.555556
0.574760
0.588477
0.599451
0.610425
0.631001
0.636488
0.657064
0.677641
0.688615
0.705075
0.703704
0.724280
0.728395
0.737997
0.753086
0.757202
0.764060
0.768176
0.755830
0.764060
0.768176
0.770919
0.781893
0.783265
0.801097
0.802469
0.818930
0.835391
0.839506
0.840878
0.851852
0.853224
0.861454
0.865569
0.866941
0.875171
0.876543
0.880658
0.883402
0.884774
0.888889
0.895748
0.893004
0.893004
0.894376
0.902606
0.898491
0.903978
0.906722
0.909465
0.917695
0.923182
0.921811
0.923182
0.930041
0.924554
0.928669
0.936900
0.936900
0.939643
0.942387
0.946502
0.943759
0.947874
0.950617
0.956104
0.960220
0.960220
0.962963
0.965706
0.972565
0.964335
0.971193
0.972565
0.973937
0.975309
0.975309
0.973937
0.976680
0.976680
0.979424
0.978052
0.979424
0.980796
0.982167
0.979424
0.980796
0.989026
0.983539
0.989026
0.982167
0.987654
0.989026
0.986283
0.989026
0.987654
0.989026
0.990398
0.989026
0.990398
0.990398
0.990398
0.990398
0.991770
0.991770
0.990398
0.990398
0.991770
0.991770
0.991770
0.991770
0.991770
0.991770
0.991770
0.991770
0.993141
0.991770
0.993141
0.993141
0.994513
0.994513
0.994513
0.997257
0.995885
0.997257
0.995885
0.997257
0.997257
0.997257
0.997257
0.997257
0.995885
0.997257
0.998628
0.997257
0.998628
0.997257
0.998628
0.998628
0.998628
0.998628
0.998628
0.998628
0.998628
0.998628
0.998628
0.998628
0.998628
0.998628
0.998628
0.998628
0.998628
0.998628
0.998628
0.998628
0.998628
0.998628
0.998628
0.998628
0.998628
0.998628
0.998628
0.998628
0.998628
0.998628
0.998628
0.998628
0.998628
0.998628
0.998628
0.998628
0.998628
0.998628
0.998628
0.998628
0.998628
0.998628
0.998628
0.998628
0.998628
0.998628
0.998628
0.998628
0.998628
0.998628
0.998628
0.998628
0.998628
0.998628
0.998628
0.998628
0.998628
0.998628
0.998628
0.998628
0.998628
0.998628
0.998628
0.998628
0.998628
1.000000
1.000000
0.998628
1.000000
1.000000
1.000000
0.998628
1.000000
1.000000
0.998628
1.000000
1.000000
0.998628
1.000000
1.000000
1.000000
1.000000
1.000000
1.000000
1.000000
1.000000
1.000000
1.000000
1.000000
1.000000
1.000000
1.000000
1.000000
1.000000
1.000000
1.000000
1.000000
1.000000
1.000000
1.000000
1.000000
1.000000
1.000000
1.000000
1.000000
1.000000
1.000000
1.000000
1.000000
1.000000
1.000000
1.000000
1.000000
1.000000
1.000000
1.000000
1.000000
1.000000
1.000000
1.000000
1.000000
1.000000
1.000000
1.000000
1.000000
1.000000
1.000000
1.000000
1.000000
1.000000
1.000000
1.000000
1.000000
1.000000
1.000000
1.000000
1.000000
1.000000
1.000000
1.000000
1.000000
1.000000
1.000000
1.000000
1.000000
1.000000
1.000000
1.000000
1.000000
1.000000
1.000000
1.000000
1.000000
1.000000
1.000000
1.000000
1.000000
1.000000
1.000000
1.000000
1.000000
1.000000
1.000000
1.000000
1.000000
1.000000
1.000000
1.000000
1.000000
1.000000
1.000000
1.000000
1.000000
1.000000
1.000000
1.000000
1.000000
1.000000
1.000000
1.000000
1.000000
1.000000
1.000000
1.000000
1.000000
1.000000
1.000000
1.000000
1.000000
1.000000
1.000000
1.000000
1.000000
1.000000
1.000000
1.000000
1.000000
1.000000
1.000000
1.000000
1.000000
1.000000
1.000000
1.000000
1.000000
1.000000
1.000000
1.000000
1.000000
1.000000
1.000000
1.000000
1.000000
1.000000
1.000000
1.000000
1.000000
1.000000
1.000000
1.000000
1.000000
1.000000
1.000000
1.000000
1.000000
1.000000
1.000000
1.000000
1.000000
1.000000
1.000000
1.000000
