0.056241
0.091907
0.137174
0.176955
0.198903
0.240055
0.268861
0.299040
0.327846
0.337449
0.360768
0.384088
0.401920
0.438957
0.452675
0.466392
0.477366
0.491084
0.491084
0.493827
0.499314
0.503429
0.511660
0.514403
0.528121
0.534979
0.551440
0.559671
0.566530
0.574760
0.578875
0.602195
0.615912
0.632373
0.654321
0.665295
0.669410
0.676269
0.688615
0.692730
0.703704
0.722908
0.735254
0.747599
0.758573
0.769547
0.784636
0.792867
0.799726
0.813443
0.806584
0.818930
0.824417
0.829904
0.838134
0.843621
0.849108
0.847737
0.854595
0.854595
0.861454
0.862826
0.871056
0.872428
0.875171
0.872428
0.887517
0.886145
0.887517
0.891632
0.897119
0.902606
0.897119
0.912208
0.912208
0.919067
0.919067
0.921811
0.925926
0.928669
0.930041
0.936900
0.938272
0.939643
0.946502
0.946502
0.943759
0.945130
0.945130
0.947874
0.953361
0.954733
0.954733
0.953361
0.950617
0.956104
0.957476
0.957476
0.960220
0.958848
0.956104
0.964335
0.969822
0.961591
0.968450
0.971193
0.971193
0.972565
0.969822
0.972565
0.975309
0.972565
0.972565
0.972565
0.973937
0.976680
0.975309
0.976680
0.975309
0.976680
0.975309
0.978052
0.978052
0.979424
0.979424
0.978052
0.979424
0.980796
0.982167
0.982167
0.983539
0.986283
0.983539
0.984911
0.984911
0.987654
0.989026
0.989026
0.989026
0.990398
0.991770
0.991770
0.993141
0.993141
0.993141
0.991770
0.993141
0.993141
0.993141
0.994513
0.993141
0.994513
0.993141
0.994513
0.995885
0.993141
0.995885
0.995885
0.995885
0.997257
0.997257
0.997257
0.997257
0.998628
0.998628
0.998628
0.998628
0.998628
0.998628
0.997257
0.998628
0.998628
0.998628
0.998628
0.998628
0.998628
0.998628
0.998628
0.998628
0.998628
1.000000
0.998628
0.998628
0.998628
1.000000
1.000000
1.000000
1.000000
1.000000
1.000000
1.000000
1.000000
1.000000
1.000000
1.000000
1.000000
1.000000
1.000000
1.000000
1.000000
1.000000
1.000000
1.000000
1.000000
1.000000
1.000000
1.000000
1.000000
1.000000
1.000000
1.000000
1.000000
1.000000
1.000000
1.000000
1.000000
1.000000
1.000000
1.000000
1.000000
1.000000
1.000000
1.000000
1.000000
1.000000
1.000000
1.000000
1.000000
1.000000
1.000000
1.000000
1.000000
1.000000
1.000000
1.000000
1.000000
1.000000
1.000000
1.000000
1.000000
1.000000
1.000000
1.000000
1.000000
1.000000
1.000000
1.000000
1.000000
1.000000
1.000000
1.000000
1.000000
1.000000
1.000000
1.000000
1.000000
1.000000
1.000000
1.000000
1.000000
1.000000
1.000000
1.000000
1.000000
1.000000
1.000000
1.000000
1.000000
1.000000
1.000000
1.000000
1.000000
1.000000
1.000000
1.000000
1.000000
1.000000
1.000000
1.000000
1.000000
1.000000
1.000000
1.000000
1.000000
1.000000
1.000000
1.000000
1.000000
1.000000
1.000000
1.000000
1.000000
1.000000
1.000000
1.000000
1.000000
1.000000
1.000000
1.000000
1.000000
1.000000
1.000000
1.000000
1.000000
1.000000
1.000000
1.000000
1.000000
1.000000
1.000000
1.000000
1.000000
1.000000
1.000000
1.000000
1.000000
1.000000
1.000000
1.000000
1.000000
1.000000
1.000000
1.000000
1.000000
1.000000
1.000000
1.000000
1.000000
1.000000
1.000000
1.000000
1.000000
1.000000
1.000000
1.000000
1.000000
1.000000
1.000000
1.000000
1.000000
1.000000
1.000000
1.000000
1.000000
1.000000
1.000000
1.000000
1.000000
1.000000
1.000000
1.000000
1.000000
1.000000
1.000000
1.000000
1.000000
1.000000
1.000000
1.000000
1.000000
1.000000
1.000000
1.000000
1.000000
1.000000
1.000000
1.000000
1.000000
1.000000
1.000000
1.000000
1.000000
1.000000
1.000000
1.000000
1.000000
1.000000
1.000000
1.000000
1.000000
1.000000
1.000000
1.000000
1.000000
1.000000
1.000000
1.000000
1.000000
1.000000
1.000000
1.000000
1.000000
1.000000
1.000000
1.000000
1.000000
1.000000
1.000000
1.000000
1.000000
