275.688324
222.239395
177.621124
140.675385
110.783073
89.368980
78.594788
70.432648
64.124130
59.403259
56.025372
53.254208
49.872646
47.938046
44.804932
42.668156
40.851055
38.464184
36.389843
34.251316
32.691845
30.092077
28.674509
26.730635
24.753084
23.732403
21.837725
19.590275
18.834234
17.433056
15.782888
14.431817
13.675128
12.719496
11.874297
10.805044
10.041387
9.174531
8.682679
8.236854
7.323332
6.662510
6.298525
5.762250
5.350774
4.950978
4.640557
4.535063
4.232206
3.925572
3.804552
3.548414
3.365726
3.236938
3.101909
2.892344
2.737597
2.703362
2.506896
2.431113
2.260547
2.289980
2.065599
1.949421
1.825747
1.825785
1.654669
1.532830
1.491868
1.451081
1.343536
1.302935
1.366022
1.177395
1.103777
1.096238
1.051922
1.030794
0.977152
0.892825
0.874821
0.773670
0.770130
0.766265
0.725420
0.730468
0.698043
0.645864
0.652614
0.597544
0.559772
0.566280
0.529178
0.518578
0.502529
0.477136
0.470867
0.445484
0.413717
0.427689
0.405828
0.365751
0.316128
0.359500
0.327323
0.304386
0.289694
0.283870
0.279032
0.255872
0.247266
0.250484
0.242232
0.230889
0.218379
0.210358
0.199101
0.207252
0.182408
0.185337
0.176929
0.170458
0.158558
0.150728
0.141113
0.135889
0.128373
0.121458
0.111800
0.097938
0.095456
0.091597
0.086322
0.076144
0.073213
0.068350
0.066294
0.064330
0.059253
0.055549
0.050109
0.049968
0.052621
0.047096
0.042642
0.038083
0.037930
0.042069
0.034278
0.030604
0.033167
0.026556
0.028952
0.026712
0.023032
0.017823
0.018216
0.016650
0.016665
0.015465
0.014381
0.011940
0.014283
0.009164
0.010116
0.009496
0.010172
0.006327
0.007781
0.006047
0.007233
0.006953
0.004507
0.004675
0.005144
0.003272
0.002977
0.004126
0.003393
0.004041
0.000536
0.001205
0.002055
0.002358
0.000808
0.000600
0.000152
0.000856
0.000222
0.000317
0.000110
0.000146
0.000393
0.000037
0.000026
0.000034
0.000014
0.000006
0.000012
0.000028
0.000005
0.000017
0.000023
0.000005
0.000007
0.000008
0.000002
0.000004
0.000003
0.000006
0.000002
0.000002
0.000002
0.000002
0.000001
0.000000
0.000000
0.000001
0.000000
0.000007
0.000000
0.000000
0.000001
0.000001
0.000000
0.000001
0.000000
0.000000
0.000000
0.000000
0.000000
0.000000
0.000000
0.000000
0.000000
0.000000
0.000000
0.000000
0.000000
0.000000
0.000000
0.000000
0.000000
0.000000
0.000000
0.000000
0.000000
0.000000
0.000000
0.000000
0.000000
0.000000
0.000000
0.000000
0.000000
0.000000
0.000000
0.000000
0.000000
0.000000
0.000000
0.000000
0.000000
0.000000
0.000000
0.000000
0.000000
0.000000
0.000000
0.000000
0.000000
0.000000
0.000000
0.000000
0.000000
0.000000
0.000000
0.000000
0.000000
0.000000
0.000000
0.000000
0.000000
0.000000
0.000000
0.000000
0.000000
0.000000
0.000000
0.000000
0.000000
0.000000
0.000000
0.000000
0.000000
0.000000
0.000000
0.000000
0.000000
0.000000
0.000000
0.000000
0.000000
0.000000
0.000000
0.000000
0.000000
0.000000
0.000000
0.000000
0.000000
0.000000
0.000000
0.000000
0.000000
0.000000
0.000000
0.000000
0.000000
0.000000
0.000000
0.000000
0.000000
0.000000
0.000000
0.000000
0.000000
0.000000
0.000000
0.000000
0.000000
0.000000
0.000000
0.000000
0.000000
0.000000
0.000000
0.000000
0.000000
0.000000
0.000000
0.000000
0.000000
0.000000
0.000000
0.000000
0.000000
0.000000
0.000000
0.000000
0.000000
0.000000
0.000000
0.000000
0.000000
0.000000
0.000000
0.000000
0.000000
0.000000
0.000000
0.000000
0.000000
0.000000
0.000000
0.000000
0.000000
0.000000
0.000000
0.000000
0.000000
0.000000
0.000000
0.000000
0.000000
0.000000
0.000000
0.000000
0.000000
0.000000
0.000000
0.000000
0.000000
0.000000
0.000000
0.000000
0.000000
0.000000
0.000000
0.000000
0.000000
0.000000
0.000000
0.000000
0.000000
0.000000
0.000000
0.000000
0.000000
0.000000
