309.032898
253.633408
214.004868
182.338760
155.454636
132.157822
113.927254
100.699524
89.790169
78.272926
67.534500
57.413914
48.959599
41.992096
37.414375
33.997341
30.581421
28.500177
25.883547
23.646860
21.981920
20.298426
18.822834
17.269825
15.915347
14.921740
13.844496
12.994256
12.028524
11.401718
10.758438
10.053396
9.433338
8.647666
8.243020
7.759915
7.309557
6.992001
6.427946
6.126076
5.787778
5.561869
5.402042
4.995330
4.866614
4.576144
4.323310
4.203177
3.992423
3.885247
3.788315
3.515686
3.454094
3.242915
3.162976
3.034845
2.967250
2.937128
2.756117
2.612493
2.649389
2.502790
2.364500
2.289017
2.357641
2.253278
2.052958
2.136762
1.970462
1.914490
1.802796
1.824247
1.762887
1.664950
1.588573
1.555704
1.424926
1.410564
1.377519
1.266312
1.246296
1.269941
1.260208
1.225011
1.115842
1.140704
1.029069
1.024371
1.054043
0.898646
0.908252
0.838725
0.822959
0.844522
0.751994
0.732361
0.707016
0.667311
0.634207
0.576312
0.634763
0.534051
0.578759
0.516349
0.546838
0.531604
0.476578
0.513298
0.474321
0.400804
0.378780
0.397757
0.454643
0.390124
0.390236
0.419482
0.363395
0.333544
0.351320
0.338180
0.317108
0.323496
0.321315
0.287060
0.279269
0.298240
0.261833
0.222288
0.217537
0.224790
0.218964
0.207181
0.230771
0.201339
0.162711
0.161300
0.158476
0.165205
0.160793
0.154367
0.162939
0.122026
0.121893
0.114048
0.116230
0.115229
0.103867
0.111689
0.109066
0.079618
0.082901
0.079481
0.090198
0.071716
0.068437
0.073682
0.069641
0.065933
0.056973
0.051186
0.053706
0.049786
0.047825
0.041403
0.041681
0.039089
0.037258
0.036720
0.040145
0.030790
0.026717
0.030621
0.030591
0.029723
0.024037
0.021925
0.021339
0.025725
0.023640
0.022409
0.014490
0.018237
0.017222
0.014756
0.014642
0.013682
0.013892
0.016010
0.007784
0.010879
0.013915
0.008367
0.010901
0.006004
0.010774
0.007228
0.007545
0.008383
0.006374
0.006310
0.005788
0.003572
0.008736
0.007555
0.007034
0.006107
0.004014
0.003214
0.004174
0.001641
0.005402
0.003352
0.002217
0.001980
0.004468
0.002076
0.003417
0.002989
0.000856
0.003670
0.001112
0.000270
0.001813
0.000237
0.000515
0.001352
0.001440
0.000728
0.000336
0.002164
0.000377
0.001205
0.000962
0.000487
0.000566
0.000236
0.001355
0.000651
0.000055
0.000203
0.000617
0.000024
0.000023
0.000037
0.000100
0.000213
0.000060
0.000166
0.000142
0.000037
0.000040
0.000111
0.000209
0.000231
0.000101
0.000128
0.000082
0.000095
0.000022
0.000133
0.000018
0.000149
0.000014
0.000061
0.000075
0.000007
0.000006
0.000008
0.000007
0.000042
0.000003
0.000031
0.000006
0.000002
0.000008
0.000003
0.000011
0.000004
0.000017
0.000004
0.000002
0.000001
0.000027
0.000019
0.000015
0.000005
0.000023
0.000004
0.000000
0.000001
0.000006
0.000003
0.000001
0.000008
0.000002
0.000002
0.000005
0.000001
0.000001
0.000001
0.000001
0.000002
0.000000
0.000000
0.000001
0.000000
0.000000
0.000001
0.000000
0.000000
0.000001
0.000001
0.000001
0.000003
0.000001
0.000002
0.000000
0.000003
0.000002
0.000000
0.000001
0.000001
0.000002
0.000001
0.000000
0.000001
0.000000
0.000001
0.000001
0.000001
0.000001
0.000002
0.000000
0.000001
0.000000
0.000000
0.000010
0.000000
0.000000
0.000001
0.000001
0.000000
0.000000
0.000000
0.000000
0.000000
0.000002
0.000000
0.000001
0.000003
0.000000
0.000001
0.000000
0.000000
0.000000
0.000001
0.000000
0.000000
0.000000
0.000000
0.000000
0.000000
0.000000
0.000000
0.000000
0.000001
0.000000
0.000000
0.000000
0.000000
0.000000
0.000000
0.000000
0.000000
0.000001
0.000000
0.000000
0.000000
0.000000
0.000000
0.000000
0.000000
0.000000
0.000000
0.000000
0.000000
0.000000
0.000000
0.000000
0.000000
0.000000
0.000000
0.000000
0.000000
0.000000
0.000001
0.000000
0.000000
0.000000
0.000000
