0.203018
0.196159
0.159122
0.146776
0.142661
0.148148
0.157750
0.145405
0.170096
0.187929
0.215364
0.240055
0.272977
0.296296
0.320988
0.348422
0.375857
0.404664
0.430727
0.445816
0.466392
0.502058
0.519890
0.543210
0.572016
0.591221
0.606310
0.621399
0.648834
0.658436
0.665295
0.680384
0.695473
0.709191
0.724280
0.740741
0.746228
0.751715
0.762689
0.772291
0.781893
0.783265
0.790123
0.795610
0.794239
0.803841
0.807956
0.812071
0.816187
0.820302
0.825789
0.832647
0.839506
0.850480
0.855967
0.861454
0.858711
0.860082
0.862826
0.868313
0.864198
0.869685
0.877915
0.884774
0.883402
0.883402
0.888889
0.882030
0.888889
0.893004
0.899863
0.899863
0.899863
0.901235
0.902606
0.902606
0.908093
0.906722
0.908093
0.912208
0.913580
0.914952
0.914952
0.914952
0.916324
0.916324
0.919067
0.921811
0.917695
0.930041
0.921811
0.931413
0.931413
0.924554
0.930041
0.932785
0.931413
0.936900
0.941015
0.945130
0.936900
0.947874
0.941015
0.949246
0.943759
0.945130
0.951989
0.950617
0.950617
0.956104
0.956104
0.956104
0.953361
0.954733
0.953361
0.954733
0.956104
0.954733
0.956104
0.956104
0.957476
0.956104
0.957476
0.960220
0.961591
0.958848
0.958848
0.968450
0.964335
0.964335
0.964335
0.967078
0.965706
0.968450
0.973937
0.975309
0.972565
0.971193
0.973937
0.975309
0.975309
0.978052
0.976680
0.976680
0.976680
0.975309
0.978052
0.978052
0.976680
0.980796
0.979424
0.980796
0.982167
0.980796
0.982167
0.982167
0.982167
0.983539
0.983539
0.989026
0.989026
0.986283
0.990398
0.987654
0.986283
0.990398
0.990398
0.987654
0.987654
0.994513
0.993141
0.991770
0.993141
0.993141
0.994513
0.995885
0.995885
0.994513
0.994513
0.995885
0.995885
0.997257
0.997257
0.997257
0.997257
0.997257
0.997257
0.997257
0.997257
0.997257
0.997257
0.997257
0.997257
0.997257
0.997257
0.997257
0.997257
0.997257
0.997257
0.997257
0.997257
0.998628
0.995885
0.998628
0.998628
0.998628
0.998628
0.998628
0.998628
0.998628
0.998628
0.998628
0.998628
0.998628
0.998628
0.998628
0.998628
0.998628
1.000000
0.998628
0.998628
1.000000
0.998628
1.000000
1.000000
0.998628
0.998628
1.000000
1.000000
0.998628
1.000000
0.998628
1.000000
1.000000
1.000000
1.000000
0.998628
1.000000
1.000000
1.000000
1.000000
1.000000
1.000000
1.000000
1.000000
1.000000
1.000000
1.000000
1.000000
1.000000
1.000000
1.000000
1.000000
1.000000
1.000000
1.000000
1.000000
1.000000
1.000000
1.000000
1.000000
1.000000
1.000000
1.000000
1.000000
1.000000
1.000000
1.000000
1.000000
1.000000
1.000000
1.000000
1.000000
1.000000
1.000000
1.000000
1.000000
1.000000
1.000000
1.000000
1.000000
1.000000
1.000000
1.000000
1.000000
1.000000
1.000000
1.000000
1.000000
1.000000
1.000000
1.000000
1.000000
1.000000
1.000000
1.000000
1.000000
1.000000
1.000000
1.000000
1.000000
1.000000
1.000000
1.000000
1.000000
1.000000
1.000000
1.000000
1.000000
1.000000
1.000000
1.000000
1.000000
1.000000
1.000000
1.000000
1.000000
1.000000
1.000000
1.000000
1.000000
1.000000
1.000000
1.000000
1.000000
1.000000
1.000000
1.000000
1.000000
1.000000
1.000000
1.000000
1.000000
1.000000
1.000000
1.000000
1.000000
1.000000
1.000000
1.000000
1.000000
1.000000
1.000000
1.000000
1.000000
1.000000
1.000000
1.000000
1.000000
1.000000
1.000000
1.000000
1.000000
1.000000
1.000000
1.000000
1.000000
1.000000
1.000000
1.000000
1.000000
1.000000
1.000000
1.000000
1.000000
1.000000
1.000000
1.000000
1.000000
1.000000
1.000000
1.000000
1.000000
1.000000
1.000000
1.000000
1.000000
1.000000
1.000000
1.000000
1.000000
1.000000
1.000000
1.000000
1.000000
1.000000
1.000000
1.000000
1.000000
1.000000
1.000000
1.000000
1.000000
1.000000
1.000000
1.000000
1.000000
1.000000
1.000000
1.000000
