435.651276
353.233215
278.004974
215.199722
168.466766
132.011002
103.535614
81.940201
68.934387
61.282944
56.583088
53.670116
51.339802
48.994759
47.089935
45.503777
42.706432
41.067173
38.915295
37.331573
35.392033
33.084808
31.841513
30.267715
28.590242
27.449045
25.572186
24.524199
23.233694
22.149521
21.412369
20.278746
19.453207
18.455034
17.253431
16.592148
15.498670
14.635635
13.615939
12.929457
12.115330
11.140712
10.505883
9.776024
9.115009
8.731858
8.432715
7.826642
7.369246
7.067300
6.624477
6.384434
5.975864
5.907846
5.558827
5.164663
5.036793
4.713542
4.362725
4.352986
3.951578
3.721356
3.509366
3.375151
3.195857
3.070548
2.969531
2.816841
2.725174
2.528443
2.422291
2.312305
2.229999
2.211074
2.018130
2.001567
1.928893
1.831580
1.662588
1.722261
1.630623
1.539844
1.544086
1.475233
1.381217
1.349015
1.295641
1.260131
1.199795
1.109832
1.096262
1.073130
1.056088
1.005713
0.968751
0.900995
0.889558
0.875439
0.794470
0.791876
0.768837
0.737191
0.748551
0.692645
0.647555
0.666827
0.565473
0.598205
0.600948
0.559731
0.554105
0.553479
0.568856
0.506166
0.538194
0.473982
0.446153
0.423768
0.373425
0.410571
0.386255
0.358872
0.366452
0.319302
0.350424
0.276429
0.265925
0.265630
0.240493
0.257242
0.241233
0.175469
0.208294
0.215147
0.184440
0.177803
0.174790
0.162840
0.164679
0.151463
0.128617
0.112060
0.111668
0.121866
0.096943
0.102336
0.111235
0.105497
0.097368
0.072934
0.070962
0.071282
0.066179
0.071679
0.048534
0.051999
0.044700
0.043983
0.042774
0.035682
0.039950
0.039604
0.039631
0.030298
0.031366
0.022876
0.017378
0.022716
0.026080
0.020050
0.013419
0.015838
0.019390
0.015816
0.010575
0.012362
0.011010
0.012647
0.006214
0.008829
0.006837
0.005704
0.004746
0.001774
0.001673
0.002103
0.000263
0.001159
0.000669
0.000523
0.000367
0.000227
0.000928
0.000380
0.000232
0.000201
0.000152
0.000049
0.000020
0.000063
0.000059
0.000012
0.000006
0.000013
0.000002
0.000012
0.000005
0.000007
0.000009
0.000003
0.000003
0.000003
0.000002
0.000001
0.000002
0.000001
0.000000
0.000001
0.000000
0.000000
0.000000
0.000000
0.000000
0.000000
0.000000
0.000000
0.000000
0.000000
0.000001
0.000001
0.000000
0.000000
0.000000
0.000000
0.000000
0.000000
0.000000
0.000000
0.000000
0.000000
0.000000
0.000000
0.000000
0.000000
0.000000
0.000000
0.000000
0.000000
0.000000
0.000000
0.000000
0.000000
0.000000
0.000000
0.000000
0.000000
0.000000
0.000000
0.000000
0.000000
0.000000
0.000000
0.000000
0.000000
0.000000
0.000000
0.000000
0.000000
0.000000
0.000000
0.000000
0.000000
0.000000
0.000000
0.000000
0.000000
0.000000
0.000000
0.000000
0.000000
0.000000
0.000000
0.000000
0.000000
0.000000
0.000000
0.000000
0.000000
0.000000
0.000000
0.000000
0.000000
0.000000
0.000000
0.000000
0.000000
0.000000
0.000000
0.000000
0.000000
0.000000
0.000000
0.000000
0.000000
0.000000
0.000000
0.000000
0.000000
0.000000
0.000000
0.000000
0.000000
0.000000
0.000000
0.000000
0.000000
0.000000
0.000000
0.000000
0.000000
0.000000
0.000000
0.000000
0.000000
0.000000
0.000000
0.000000
0.000000
0.000000
0.000000
0.000000
0.000000
0.000000
0.000000
0.000000
0.000000
0.000000
0.000000
0.000000
0.000000
0.000000
0.000000
0.000000
0.000000
0.000000
0.000000
0.000000
0.000000
0.000000
0.000000
0.000000
0.000000
0.000000
0.000000
0.000000
0.000000
0.000000
0.000000
0.000000
0.000000
0.000000
0.000000
0.000000
0.000000
0.000000
0.000000
0.000000
0.000000
0.000000
0.000000
0.000000
0.000000
0.000000
0.000000
0.000000
0.000000
0.000000
0.000000
0.000000
0.000000
0.000000
0.000000
0.000000
0.000000
0.000000
0.000000
0.000000
0.000000
0.000000
0.000000
0.000000
0.000000
0.000000
0.000000
0.000000
0.000000
0.000000
0.000000
0.000000
0.000000
