0.127572
0.131687
0.127572
0.128944
0.138546
0.139918
0.150892
0.203018
0.260631
0.296296
0.299040
0.308642
0.320988
0.323731
0.326475
0.326475
0.331962
0.334705
0.347051
0.362140
0.388203
0.399177
0.396433
0.408779
0.437586
0.454047
0.474623
0.493827
0.506173
0.517147
0.532236
0.550069
0.565158
0.572016
0.582990
0.591221
0.604938
0.624143
0.636488
0.651578
0.663923
0.676269
0.683128
0.694102
0.694102
0.694102
0.698217
0.711934
0.717421
0.722908
0.729767
0.747599
0.754458
0.758573
0.773663
0.775034
0.776406
0.795610
0.809328
0.813443
0.823045
0.835391
0.839506
0.850480
0.858711
0.861454
0.864198
0.869685
0.873800
0.879287
0.879287
0.884774
0.886145
0.888889
0.893004
0.894376
0.902606
0.901235
0.908093
0.908093
0.913580
0.916324
0.919067
0.919067
0.919067
0.923182
0.924554
0.925926
0.930041
0.930041
0.932785
0.932785
0.934156
0.936900
0.936900
0.939643
0.941015
0.938272
0.943759
0.942387
0.943759
0.946502
0.943759
0.947874
0.949246
0.947874
0.954733
0.956104
0.953361
0.956104
0.956104
0.954733
0.953361
0.957476
0.954733
0.957476
0.958848
0.960220
0.962963
0.961591
0.964335
0.964335
0.965706
0.965706
0.964335
0.965706
0.967078
0.965706
0.971193
0.965706
0.968450
0.978052
0.972565
0.973937
0.980796
0.979424
0.982167
0.982167
0.980796
0.982167
0.984911
0.984911
0.984911
0.984911
0.984911
0.984911
0.986283
0.986283
0.986283
0.987654
0.987654
0.987654
0.989026
0.986283
0.990398
0.991770
0.990398
0.991770
0.990398
0.991770
0.993141
0.993141
0.991770
0.994513
0.994513
0.995885
0.994513
0.994513
0.994513
0.994513
0.995885
0.995885
0.994513
0.995885
0.995885
0.997257
0.995885
0.995885
0.997257
0.997257
0.995885
0.997257
0.997257
0.998628
0.998628
0.998628
1.000000
0.998628
1.000000
1.000000
1.000000
1.000000
1.000000
1.000000
1.000000
1.000000
1.000000
1.000000
1.000000
1.000000
1.000000
1.000000
1.000000
1.000000
1.000000
1.000000
1.000000
1.000000
1.000000
1.000000
1.000000
1.000000
1.000000
1.000000
1.000000
1.000000
1.000000
1.000000
1.000000
1.000000
1.000000
1.000000
1.000000
1.000000
1.000000
1.000000
1.000000
1.000000
1.000000
1.000000
1.000000
1.000000
1.000000
1.000000
1.000000
1.000000
1.000000
1.000000
1.000000
1.000000
1.000000
1.000000
1.000000
1.000000
1.000000
1.000000
1.000000
1.000000
1.000000
1.000000
1.000000
1.000000
1.000000
1.000000
1.000000
1.000000
1.000000
1.000000
1.000000
1.000000
1.000000
1.000000
1.000000
1.000000
1.000000
1.000000
1.000000
1.000000
1.000000
1.000000
1.000000
1.000000
1.000000
1.000000
1.000000
1.000000
1.000000
1.000000
1.000000
1.000000
1.000000
1.000000
1.000000
1.000000
1.000000
1.000000
1.000000
1.000000
1.000000
1.000000
1.000000
1.000000
1.000000
1.000000
1.000000
1.000000
1.000000
1.000000
1.000000
1.000000
1.000000
1.000000
1.000000
1.000000
1.000000
1.000000
1.000000
1.000000
1.000000
1.000000
1.000000
1.000000
1.000000
1.000000
1.000000
1.000000
1.000000
1.000000
1.000000
1.000000
1.000000
1.000000
1.000000
1.000000
1.000000
1.000000
1.000000
1.000000
1.000000
1.000000
1.000000
1.000000
1.000000
1.000000
1.000000
1.000000
1.000000
1.000000
1.000000
1.000000
1.000000
1.000000
1.000000
1.000000
1.000000
1.000000
1.000000
1.000000
1.000000
1.000000
1.000000
1.000000
1.000000
1.000000
1.000000
1.000000
1.000000
1.000000
1.000000
1.000000
1.000000
1.000000
1.000000
1.000000
1.000000
1.000000
1.000000
1.000000
1.000000
1.000000
1.000000
1.000000
1.000000
1.000000
1.000000
1.000000
1.000000
1.000000
1.000000
1.000000
1.000000
1.000000
1.000000
1.000000
1.000000
1.000000
1.000000
1.000000
1.000000
1.000000
1.000000
1.000000
1.000000
1.000000
1.000000
1.000000
1.000000
1.000000
1.000000
1.000000
