0.171512
0.168605
0.171512
0.168605
0.188953
0.222384
0.254360
0.273256
0.279070
0.302326
0.316860
0.329942
0.337209
0.345930
0.356105
0.364826
0.372093
0.377907
0.380814
0.385174
0.380814
0.389535
0.401163
0.404070
0.411337
0.417151
0.427326
0.431686
0.425872
0.434593
0.444767
0.447674
0.452035
0.457849
0.465116
0.475291
0.489826
0.501453
0.504360
0.508721
0.510174
0.513081
0.515988
0.520349
0.523256
0.529070
0.531977
0.533430
0.526163
0.527616
0.540698
0.540698
0.545058
0.545058
0.553779
0.559593
0.563953
0.571221
0.578488
0.585756
0.585756
0.588663
0.598837
0.604651
0.610465
0.616279
0.625000
0.627907
0.633721
0.640988
0.643895
0.642442
0.648256
0.648256
0.652616
0.652616
0.661337
0.659884
0.664244
0.674419
0.681686
0.681686
0.686047
0.687500
0.687500
0.690407
0.693314
0.690407
0.696221
0.697674
0.699128
0.707849
0.710756
0.715116
0.719477
0.715116
0.719477
0.718023
0.716570
0.723837
0.725291
0.729651
0.735465
0.736919
0.741279
0.739826
0.742733
0.748547
0.750000
0.755814
0.755814
0.755814
0.758721
0.757267
0.755814
0.757267
0.758721
0.751453
0.760174
0.761628
0.764535
0.770349
0.773256
0.771802
0.773256
0.776163
0.777616
0.781977
0.783430
0.789244
0.789244
0.795058
0.795058
0.797965
0.797965
0.799419
0.797965
0.799419
0.802326
0.805233
0.803779
0.802326
0.802326
0.799419
0.802326
0.805233
0.805233
0.812500
0.811047
0.815407
0.813953
0.819767
0.822674
0.818314
0.816860
0.818314
0.818314
0.819767
0.822674
0.821221
0.821221
0.827035
0.819767
0.824128
0.822674
0.827035
0.829942
0.831395
0.831395
0.831395
0.834302
0.831395
0.834302
0.832849
0.835756
0.837209
0.834302
0.837209
0.832849
0.837209
0.835756
0.835756
0.841570
0.840116
0.845930
0.840116
0.845930
0.853198
0.853198
0.851744
0.851744
0.851744
0.857558
0.854651
0.857558
0.854651
0.860465
0.859012
0.860465
0.863372
0.866279
0.861919
0.866279
0.867733
0.870640
0.870640
0.877907
0.875000
0.877907
0.883721
0.886628
0.883721
0.883721
0.885174
0.885174
0.886628
0.889535
0.889535
0.892442
0.890988
0.896802
0.896802
0.892442
0.893895
0.896802
0.895349
0.896802
0.899709
0.896802
0.899709
0.898256
0.901163
0.899709
0.898256
0.898256
0.901163
0.901163
0.906977
0.905523
0.906977
0.904070
0.909884
0.909884
0.911337
0.912791
0.915698
0.914244
0.915698
0.917151
0.918605
0.917151
0.918605
0.918605
0.920058
0.920058
0.922965
0.924419
0.925872
0.922965
0.925872
0.924419
0.924419
0.924419
0.924419
0.922965
0.924419
0.925872
0.925872
0.922965
0.925872
0.925872
0.925872
0.924419
0.927326
0.927326
0.928779
0.927326
0.930233
0.928779
0.927326
0.930233
0.931686
0.933140
0.930233
0.931686
0.931686
0.930233
0.931686
0.933140
0.934593
0.931686
0.936047
0.934593
0.936047
0.940407
0.938953
0.937500
0.936047
0.938953
0.937500
0.941860
0.940407
0.938953
0.941860
0.940407
0.940407
0.940407
0.941860
0.941860
0.943314
0.943314
0.940407
0.941860
0.941860
0.940407
0.938953
0.941860
0.943314
0.943314
0.941860
0.941860
0.943314
0.941860
0.941860
0.941860
0.943314
0.943314
0.944767
0.943314
0.944767
0.946221
0.944767
0.946221
0.947674
0.946221
0.947674
0.949128
0.946221
0.949128
0.950581
0.949128
0.950581
0.950581
0.953488
0.950581
0.950581
0.953488
0.952035
0.952035
0.953488
0.953488
0.954942
0.956395
0.956395
0.956395
0.954942
0.957849
0.957849
0.953488
0.956395
0.956395
0.956395
0.956395
0.956395
0.956395
0.957849
0.956395
0.956395
0.959302
0.956395
0.959302
0.957849
0.957849
0.959302
0.957849
0.957849
0.960756
0.960756
0.959302
0.960756
0.959302
0.959302
0.959302
0.959302
0.960756
0.960756
0.960756
0.962209
0.959302
0.962209
0.963663
0.963663
0.962209
0.965116
0.963663
0.966570
0.968023
0.966570
0.968023
0.968023
