261.467224
216.159134
176.880707
141.272491
112.587845
89.804375
76.881096
68.584648
61.962646
57.007256
52.980282
49.201401
46.512779
44.123409
42.273540
40.972301
39.812634
38.591564
37.421844
36.464714
35.622852
34.637745
33.724392
33.241337
32.327099
31.362640
30.757446
30.323195
29.514095
28.789616
28.048176
27.316111
26.838833
26.085060
25.299536
24.672533
24.177061
23.370266
22.787291
22.111010
21.755686
21.177628
20.985100
20.282204
19.773998
19.324903
18.964109
18.393839
17.939568
17.516338
16.717312
16.553198
15.962850
15.523249
14.694152
13.977152
13.674426
12.976216
12.459906
11.951861
11.545136
11.100612
10.798760
10.220038
9.868278
9.664836
9.254921
8.963494
8.733931
8.418897
8.083587
7.975804
7.772053
7.531226
7.245511
7.091081
6.958986
6.852805
6.715666
6.520489
6.428093
6.235879
6.102349
5.977700
5.911636
5.816910
5.710426
5.561858
5.486480
5.380735
5.217336
5.149639
5.047487
4.982370
4.896385
4.785588
4.645065
4.570167
4.510787
4.390039
4.289929
4.222226
4.152467
4.081526
4.002730
3.929599
3.846205
3.785655
3.690793
3.544301
3.477647
3.483747
3.378233
3.278580
3.191185
3.099307
3.024637
2.953721
2.860801
2.748293
2.652368
2.558419
2.496224
2.413899
2.350836
2.266850
2.217881
2.165183
2.076193
2.017790
1.975450
1.920576
1.897948
1.846490
1.815698
1.761014
1.732199
1.690936
1.660522
1.631199
1.592330
1.556065
1.547832
1.515561
1.492226
1.461653
1.436183
1.408876
1.386899
1.370389
1.346934
1.327311
1.294780
1.292641
1.264234
1.232456
1.208004
1.194797
1.178208
1.178134
1.147887
1.137428
1.116823
1.107961
1.098690
1.075017
1.054106
1.046276
1.032304
1.028154
0.996053
1.002248
0.982984
0.973055
0.961606
0.950615
0.937814
0.924791
0.912358
0.903651
0.891712
0.885730
0.868555
0.857010
0.841875
0.836320
0.831437
0.814097
0.804743
0.793994
0.779172
0.777054
0.756039
0.751329
0.736167
0.730766
0.718214
0.711756
0.703124
0.693289
0.682250
0.677086
0.667787
0.657654
0.649742
0.645279
0.631925
0.625797
0.619088
0.611116
0.598009
0.592861
0.582208
0.575184
0.568599
0.561869
0.552386
0.546518
0.536115
0.533372
0.524038
0.517524
0.512986
0.504130
0.499369
0.494102
0.486083
0.478955
0.475153
0.471263
0.466450
0.457287
0.451623
0.450087
0.441708
0.435550
0.428407
0.425274
0.421324
0.415333
0.411969
0.406014
0.405245
0.398985
0.393872
0.390940
0.387901
0.386061
0.381845
0.375846
0.371625
0.367749
0.364210
0.362700
0.358659
0.357090
0.352632
0.350465
0.345805
0.340995
0.336869
0.334154
0.329821
0.329210
0.324951
0.323435
0.319151
0.316026
0.312428
0.310419
0.307391
0.304046
0.301664
0.298790
0.296831
0.292896
0.290012
0.287055
0.284504
0.283207
0.279107
0.277126
0.273574
0.269502
0.268976
0.264182
0.263954
0.261088
0.258083
0.255910
0.253163
0.249955
0.249887
0.247958
0.244386
0.241130
0.240951
0.236824
0.235941
0.232943
0.233041
0.230336
0.228092
0.226055
0.224583
0.222597
0.220149
0.218869
0.217326
0.214934
0.212766
0.211800
0.209836
0.208205
0.207589
0.206928
0.202839
0.201449
0.199713
0.198429
0.197612
0.195615
0.194087
0.191743
0.190984
0.189988
0.188097
0.186065
0.183846
0.182352
0.181690
0.180850
0.179639
0.176635
0.175929
0.174534
0.171783
0.171582
0.170638
0.168815
0.169911
0.167484
0.165674
0.163640
0.162616
0.161246
0.159949
0.158304
0.157648
0.156226
0.154792
0.153547
0.152470
0.150978
0.150571
0.148854
0.148530
0.147491
0.146108
0.145047
0.143415
0.142529
0.141676
0.139961
0.139331
0.137809
0.136449
0.135654
0.136198
0.134389
0.134163
0.132408
0.130898
0.130136
0.129285
0.128074
0.127400
0.126111
0.125082
0.124234
0.123085
0.121777
0.121428
0.120599
0.120146
0.119023
0.119104
0.117505
0.117417
0.116940
0.115857
0.114739
0.113564
0.113304
0.112876
0.111593
0.111673
0.110432
0.110162
0.109794
