0.071221
0.088663
0.095930
0.148256
0.207849
0.222384
0.229651
0.236919
0.236919
0.245640
0.250000
0.263081
0.283430
0.284884
0.296512
0.321221
0.332849
0.332849
0.354651
0.357558
0.366279
0.372093
0.382267
0.393895
0.398256
0.401163
0.406977
0.406977
0.412791
0.414244
0.427326
0.434593
0.441860
0.443314
0.447674
0.456395
0.469477
0.472384
0.485465
0.486919
0.495640
0.497093
0.501453
0.515988
0.510174
0.518895
0.533430
0.543605
0.550872
0.552326
0.556686
0.562500
0.559593
0.556686
0.559593
0.563953
0.565407
0.571221
0.582849
0.581395
0.591570
0.595930
0.604651
0.603198
0.610465
0.611919
0.617733
0.626453
0.625000
0.629360
0.627907
0.626453
0.629360
0.635174
0.639535
0.640988
0.646802
0.643895
0.648256
0.651163
0.655523
0.658430
0.661337
0.665698
0.664244
0.677326
0.683140
0.690407
0.691860
0.699128
0.699128
0.703488
0.707849
0.718023
0.716570
0.716570
0.723837
0.732558
0.732558
0.732558
0.736919
0.738372
0.739826
0.742733
0.742733
0.748547
0.748547
0.750000
0.754360
0.755814
0.752907
0.758721
0.757267
0.761628
0.761628
0.758721
0.765988
0.765988
0.767442
0.764535
0.761628
0.760174
0.765988
0.765988
0.768895
0.771802
0.774709
0.774709
0.776163
0.780523
0.783430
0.783430
0.790698
0.789244
0.792151
0.793605
0.789244
0.795058
0.795058
0.793605
0.795058
0.802326
0.806686
0.811047
0.806686
0.809593
0.808140
0.809593
0.815407
0.819767
0.816860
0.811047
0.819767
0.819767
0.819767
0.818314
0.821221
0.825581
0.824128
0.824128
0.825581
0.827035
0.825581
0.828488
0.829942
0.832849
0.829942
0.831395
0.834302
0.832849
0.831395
0.834302
0.832849
0.831395
0.829942
0.828488
0.831395
0.831395
0.834302
0.837209
0.838663
0.840116
0.837209
0.832849
0.838663
0.832849
0.838663
0.844477
0.841570
0.844477
0.844477
0.838663
0.837209
0.841570
0.844477
0.845930
0.850291
0.847384
0.848837
0.848837
0.848837
0.851744
0.854651
0.856105
0.857558
0.854651
0.856105
0.857558
0.856105
0.856105
0.856105
0.856105
0.856105
0.853198
0.857558
0.860465
0.860465
0.860465
0.861919
0.863372
0.863372
0.861919
0.864826
0.866279
0.872093
0.870640
0.873547
0.870640
0.869186
0.870640
0.873547
0.872093
0.876453
0.873547
0.873547
0.873547
0.876453
0.876453
0.876453
0.875000
0.876453
0.876453
0.876453
0.876453
0.876453
0.876453
0.876453
0.873547
0.876453
0.877907
0.876453
0.875000
0.877907
0.879360
0.882267
0.883721
0.880814
0.879360
0.885174
0.885174
0.889535
0.890988
0.890988
0.893895
0.889535
0.889535
0.886628
0.890988
0.890988
0.892442
0.895349
0.893895
0.895349
0.893895
0.893895
0.893895
0.892442
0.893895
0.895349
0.895349
0.898256
0.895349
0.896802
0.898256
0.899709
0.898256
0.901163
0.899709
0.898256
0.899709
0.898256
0.899709
0.901163
0.904070
0.901163
0.904070
0.906977
0.906977
0.906977
0.908430
0.908430
0.911337
0.911337
0.908430
0.912791
0.912791
0.912791
0.912791
0.911337
0.914244
0.912791
0.914244
0.912791
0.915698
0.917151
0.915698
0.915698
0.917151
0.918605
0.917151
0.921512
0.922965
0.921512
0.918605
0.921512
0.921512
0.921512
0.922965
0.920058
0.924419
0.924419
0.924419
0.922965
0.924419
0.924419
0.924419
0.924419
0.924419
0.924419
0.924419
0.925872
0.924419
0.925872
0.924419
0.925872
0.928779
0.927326
0.925872
0.925872
0.924419
0.925872
0.927326
0.930233
0.928779
0.928779
0.928779
0.930233
0.928779
0.933140
0.931686
0.928779
0.936047
0.934593
0.937500
0.937500
0.936047
0.936047
0.937500
0.934593
0.938953
0.938953
0.936047
0.937500
0.940407
0.940407
0.941860
0.943314
0.941860
0.943314
0.943314
0.943314
0.941860
0.941860
0.943314
0.943314
0.943314
0.943314
0.941860
0.943314
0.944767
0.941860
0.944767
0.943314
0.944767
0.943314
0.943314
0.944767
0.943314
0.944767
0.943314
