167.116989
140.360245
118.145973
101.202377
88.415222
78.557655
70.065102
64.328331
58.838638
55.125290
52.103607
48.603481
45.729332
43.165569
40.753819
38.568890
36.805370
35.880348
34.397255
33.106659
32.097004
31.563709
30.158546
29.308838
27.866091
26.854492
26.132696
25.254383
24.495523
23.530430
22.872597
21.894407
21.161631
20.219866
19.455791
18.444149
17.847172
17.226944
16.498035
15.779405
15.139939
14.357257
13.827180
13.196351
12.640841
11.962422
11.404889
11.126678
10.703959
10.282688
10.005958
9.740665
9.459986
9.111810
8.839447
8.464151
8.339493
8.078662
7.699514
7.623278
7.231611
7.068200
6.826355
6.617821
6.366395
6.187096
5.990204
5.776690
5.629807
5.446822
5.290616
5.130377
4.913117
4.770675
4.691865
4.538013
4.330859
4.225687
4.110568
3.998206
3.844499
3.727506
3.593821
3.449624
3.361208
3.271118
3.198272
3.135236
3.020354
2.965896
2.940489
2.843315
2.804653
2.719043
2.619872
2.604596
2.520091
2.463401
2.393017
2.359287
2.334370
2.305826
2.245981
2.168232
2.142706
2.099942
2.049065
2.008699
1.981111
1.957891
1.921295
1.887551
1.863026
1.806006
1.807066
1.799771
1.762107
1.735994
1.702077
1.680631
1.643209
1.622640
1.595676
1.571431
1.563477
1.561593
1.514206
1.507770
1.474654
1.449943
1.416170
1.402809
1.382937
1.361095
1.334414
1.307829
1.310602
1.271306
1.269149
1.231599
1.218634
1.186991
1.165205
1.142822
1.132131
1.098719
1.096974
1.073815
1.064078
1.043065
1.025980
1.011419
0.990653
0.977942
0.973316
0.955901
0.940640
0.923208
0.912733
0.902907
0.893762
0.882921
0.881836
0.862240
0.842967
0.832489
0.825730
0.821774
0.809632
0.798019
0.785485
0.775023
0.766696
0.753606
0.750755
0.744721
0.735257
0.728675
0.710831
0.704221
0.692892
0.683153
0.683288
0.677008
0.666475
0.666659
0.658043
0.644326
0.645046
0.634829
0.628126
0.625406
0.630681
0.624456
0.604250
0.608087
0.594136
0.592811
0.584829
0.578613
0.574753
0.567367
0.562448
0.558517
0.549329
0.548353
0.545914
0.539161
0.533882
0.528980
0.523044
0.513947
0.507500
0.505087
0.496687
0.496051
0.491664
0.486072
0.481603
0.476116
0.476000
0.467505
0.464420
0.461189
0.458195
0.450075
0.447926
0.444820
0.439160
0.438693
0.431378
0.425539
0.423544
0.418501
0.415552
0.417591
0.409929
0.406293
0.402377
0.399033
0.394160
0.390710
0.388791
0.384318
0.384820
0.376807
0.377163
0.377242
0.370725
0.365935
0.362191
0.359167
0.358491
0.357668
0.350806
0.345813
0.349619
0.345632
0.345635
0.338193
0.336769
0.333878
0.330793
0.330565
0.326613
0.326957
0.327988
0.322814
0.321623
0.317390
0.315589
0.311344
0.310042
0.305630
0.304867
0.302888
0.300010
0.298857
0.297076
0.296829
0.293677
0.291099
0.290618
0.285773
0.285306
0.284189
0.282786
0.278651
0.278187
0.274539
0.273977
0.273651
0.270289
0.267103
0.268565
0.266385
0.263329
0.263361
0.261959
0.260023
0.258367
0.256103
0.255258
0.253961
0.250350
0.248650
0.248106
0.247825
0.243498
0.242294
0.241464
0.239944
0.239223
0.235626
0.235226
0.232851
0.232739
0.229580
0.229742
0.226668
0.227870
0.226712
0.224822
0.223758
0.221027
0.221150
0.218683
0.217443
0.216715
0.215949
0.216118
0.212738
0.211994
0.210523
0.208592
0.208342
0.208003
0.206748
0.205955
0.205187
0.203029
0.202700
0.202113
0.201122
0.199525
0.197326
0.195813
0.194591
0.193834
0.193146
0.192298
0.191235
0.189673
0.189371
0.188837
0.187081
0.185688
0.184424
0.184126
0.184280
0.180918
0.180409
0.180578
0.180028
0.178355
0.177244
0.177097
0.175902
0.175258
0.174435
0.172365
0.172346
0.171350
0.169983
0.169981
0.169177
0.167476
0.166680
0.165875
0.165819
0.163839
0.164324
0.163310
0.162312
0.161172
0.161281
0.159714
0.159145
0.158664
0.158103
0.157447
0.155689
0.155473
0.154721
0.154049
0.153409
0.152192
0.152192
0.150624
0.149845
