0.015988
0.036337
0.130814
0.161337
0.165698
0.165698
0.178779
0.199128
0.212209
0.223837
0.232558
0.248547
0.276163
0.287791
0.315407
0.345930
0.363372
0.385174
0.402616
0.430233
0.443314
0.456395
0.466570
0.478198
0.484012
0.489826
0.491279
0.492733
0.495640
0.492733
0.492733
0.497093
0.495640
0.494186
0.497093
0.498547
0.500000
0.498547
0.500000
0.497093
0.494186
0.502907
0.505814
0.505814
0.505814
0.505814
0.513081
0.514535
0.514535
0.515988
0.515988
0.510174
0.508721
0.507267
0.510174
0.513081
0.505814
0.502907
0.505814
0.501453
0.500000
0.494186
0.498547
0.502907
0.502907
0.500000
0.495640
0.498547
0.495640
0.500000
0.502907
0.501453
0.507267
0.517442
0.515988
0.527616
0.521802
0.530523
0.530523
0.534884
0.540698
0.547965
0.547965
0.549419
0.559593
0.569767
0.575581
0.572674
0.575581
0.577035
0.584302
0.588663
0.593023
0.595930
0.600291
0.601744
0.603198
0.607558
0.611919
0.611919
0.616279
0.619186
0.627907
0.626453
0.633721
0.635174
0.635174
0.640988
0.646802
0.651163
0.654070
0.655523
0.664244
0.671512
0.675872
0.680233
0.677326
0.681686
0.684593
0.687500
0.694767
0.697674
0.699128
0.704942
0.706395
0.709302
0.713663
0.719477
0.725291
0.723837
0.725291
0.728198
0.731105
0.729651
0.734012
0.732558
0.736919
0.735465
0.741279
0.745640
0.745640
0.745640
0.747093
0.754360
0.757267
0.757267
0.754360
0.752907
0.755814
0.752907
0.763081
0.765988
0.763081
0.768895
0.768895
0.765988
0.767442
0.770349
0.768895
0.774709
0.773256
0.776163
0.773256
0.776163
0.779070
0.780523
0.781977
0.792151
0.792151
0.792151
0.795058
0.805233
0.797965
0.800872
0.800872
0.805233
0.802326
0.808140
0.805233
0.811047
0.812500
0.816860
0.813953
0.816860
0.815407
0.819767
0.815407
0.819767
0.824128
0.822674
0.822674
0.824128
0.828488
0.829942
0.829942
0.829942
0.828488
0.832849
0.829942
0.831395
0.831395
0.831395
0.834302
0.837209
0.837209
0.838663
0.837209
0.838663
0.840116
0.841570
0.843023
0.843023
0.847384
0.845930
0.844477
0.847384
0.851744
0.851744
0.851744
0.851744
0.857558
0.860465
0.857558
0.859012
0.860465
0.859012
0.856105
0.853198
0.859012
0.857558
0.857558
0.856105
0.857558
0.859012
0.866279
0.861919
0.866279
0.867733
0.869186
0.864826
0.873547
0.867733
0.869186
0.869186
0.872093
0.876453
0.875000
0.873547
0.879360
0.879360
0.880814
0.880814
0.882267
0.886628
0.882267
0.888081
0.888081
0.888081
0.888081
0.889535
0.889535
0.890988
0.893895
0.890988
0.892442
0.893895
0.899709
0.898256
0.899709
0.901163
0.902616
0.904070
0.904070
0.902616
0.905523
0.905523
0.908430
0.908430
0.908430
0.908430
0.905523
0.905523
0.908430
0.909884
0.908430
0.908430
0.908430
0.911337
0.914244
0.911337
0.912791
0.912791
0.915698
0.914244
0.915698
0.915698
0.917151
0.917151
0.918605
0.920058
0.920058
0.920058
0.921512
0.920058
0.921512
0.921512
0.920058
0.918605
0.918605
0.922965
0.921512
0.921512
0.921512
0.922965
0.921512
0.921512
0.921512
0.921512
0.922965
0.921512
0.922965
0.924419
0.921512
0.925872
0.924419
0.922965
0.925872
0.924419
0.927326
0.927326
0.928779
0.930233
0.930233
0.931686
0.933140
0.931686
0.933140
0.931686
0.933140
0.934593
0.934593
0.936047
0.936047
0.934593
0.934593
0.934593
0.936047
0.936047
0.934593
0.936047
0.937500
0.934593
0.936047
0.937500
0.936047
0.936047
0.936047
0.936047
0.937500
0.936047
0.937500
0.937500
0.936047
0.938953
0.937500
0.936047
0.936047
0.936047
0.936047
0.937500
0.937500
0.938953
0.941860
0.937500
0.940407
0.944767
0.938953
0.941860
0.940407
0.941860
0.941860
0.940407
0.944767
0.943314
0.940407
0.944767
0.941860
0.943314
0.943314
0.941860
0.943314
0.944767
0.944767
0.943314
0.943314
0.944767
0.943314
0.943314
0.944767
0.946221
