186.079056
132.020844
105.308640
91.592270
78.661652
68.466316
63.422157
61.697025
60.413715
58.226902
57.084179
55.695953
53.864223
52.566757
51.197182
50.043217
48.342468
46.215336
44.798447
42.884087
41.902695
40.380447
38.883976
37.683197
36.531742
35.292152
34.214142
33.388264
32.407040
31.328403
30.506319
29.575226
28.588575
27.809685
27.403807
26.314833
25.833328
25.334555
24.547132
24.081648
23.628859
22.734167
22.234604
21.846956
21.327129
20.661125
20.218019
19.655693
19.197861
18.534687
17.867695
17.801764
17.274849
16.735044
16.420115
15.840580
15.658357
15.171142
14.735878
14.276549
13.879101
13.867682
13.315406
12.829837
12.449536
12.021626
11.722836
11.356183
11.139028
10.724214
10.488967
10.202964
9.790406
9.439683
9.189808
8.840414
8.707163
8.369852
8.070197
7.919339
7.599345
7.404547
7.166366
7.020141
6.778486
6.579561
6.379550
6.161027
5.960807
5.837566
5.610451
5.374899
5.225656
5.055440
4.913721
4.750944
4.622044
4.500401
4.298797
4.217941
4.124421
3.988774
3.870217
3.809539
3.693140
3.560732
3.491441
3.383980
3.301340
3.205567
3.152148
3.051856
2.989312
2.907278
2.860425
2.770967
2.706948
2.656144
2.591528
2.548543
2.493340
2.418978
2.393025
2.327458
2.270760
2.266887
2.210173
2.147342
2.115208
2.081392
2.058955
2.019632
1.975956
1.940553
1.899406
1.875597
1.844751
1.815161
1.776421
1.746420
1.724839
1.696658
1.674890
1.638150
1.610387
1.592809
1.559558
1.542230
1.524293
1.507517
1.462348
1.448336
1.423770
1.392531
1.378393
1.347215
1.322150
1.301627
1.280781
1.262863
1.242257
1.215752
1.201235
1.186474
1.163643
1.141934
1.130963
1.101135
1.089495
1.074770
1.056287
1.044191
1.028462
1.016491
0.999106
0.986105
0.965108
0.962130
0.947167
0.927493
0.917709
0.917527
0.900802
0.877920
0.866591
0.861720
0.845517
0.834565
0.823174
0.817870
0.811228
0.801330
0.780142
0.785427
0.763248
0.757394
0.743035
0.732694
0.730074
0.720297
0.716959
0.707586
0.693977
0.684890
0.679279
0.664230
0.659304
0.649620
0.642230
0.633979
0.624844
0.618551
0.607408
0.606114
0.595551
0.589834
0.583130
0.572630
0.561869
0.561804
0.552076
0.540088
0.541997
0.528783
0.526391
0.511141
0.506058
0.505883
0.498763
0.497647
0.488460
0.484492
0.473598
0.471891
0.467356
0.457804
0.453193
0.448530
0.442864
0.438082
0.435880
0.430354
0.422847
0.424397
0.415387
0.415648
0.410953
0.407579
0.400534
0.397615
0.393683
0.391193
0.389866
0.385450
0.379431
0.375107
0.374831
0.367385
0.366548
0.364500
0.359400
0.359660
0.350338
0.350323
0.346981
0.344018
0.339192
0.335854
0.337092
0.333134
0.329362
0.326845
0.321476
0.322000
0.319114
0.315097
0.311461
0.310328
0.306458
0.304144
0.303857
0.302918
0.300983
0.295618
0.295052
0.291403
0.289356
0.286856
0.287221
0.286815
0.283750
0.280376
0.278800
0.277167
0.273546
0.273923
0.269870
0.268881
0.265503
0.265356
0.264359
0.261528
0.261489
0.258028
0.258444
0.255893
0.253570
0.252582
0.251488
0.249700
0.247606
0.245706
0.244950
0.243936
0.242430
0.241403
0.239395
0.239808
0.238350
0.235168
0.233784
0.232713
0.231242
0.229358
0.229380
0.226877
0.226852
0.225106
0.223812
0.222984
0.221383
0.219854
0.218165
0.217761
0.215463
0.214797
0.213779
0.212820
0.210910
0.209146
0.207244
0.206429
0.205909
0.207017
0.204356
0.203570
0.202447
0.201066
0.199912
0.198639
0.197241
0.195941
0.196460
0.195378
0.193070
0.192544
0.189940
0.189704
0.188843
0.188442
0.187421
0.186160
0.185331
0.183091
0.184163
0.182082
0.181070
0.180168
0.180127
0.178544
0.177607
0.177383
0.176015
0.174769
0.174346
0.172802
0.172617
0.171539
0.170547
0.169544
0.168754
0.168122
0.166681
0.166409
0.165752
0.163783
0.162874
0.162895
0.161437
0.160593
0.160195
0.158919
0.158216
0.157532
0.157372
0.156571
0.155996
0.154939
0.154184
0.152939
