160.817719
110.308830
94.542511
91.148933
88.429764
85.363739
82.164627
80.012764
78.057404
76.841278
75.837570
75.560310
73.135040
72.648170
70.899872
68.775467
66.679222
65.147385
62.429672
60.357281
57.915192
55.742176
53.982830
51.782318
49.963493
47.487717
45.998341
44.245960
42.666473
40.453529
38.580833
37.383610
35.818787
34.391106
32.777390
31.568901
30.191143
28.943464
27.617374
26.725161
25.659861
24.419447
23.364582
22.321747
21.631134
21.267036
19.996035
19.233406
18.824879
18.063486
17.364183
16.832439
16.302111
15.648298
15.126698
14.685754
14.025550
13.610012
13.260237
12.750268
12.312898
12.029514
11.657463
11.340967
10.949317
10.661368
10.327875
10.134441
9.842617
9.576265
9.281273
9.089728
8.801238
8.614037
8.373473
8.362350
8.067176
7.822525
7.638236
7.506701
7.313171
7.159795
7.038936
6.797392
6.714671
6.506931
6.448357
6.304174
6.112206
6.038529
5.845695
5.737551
5.589095
5.510961
5.410279
5.291632
5.217125
5.129742
5.017031
4.881388
4.801991
4.747118
4.658578
4.557323
4.538205
4.440633
4.322142
4.275701
4.203183
4.116147
4.038321
4.003952
3.921157
3.897428
3.811481
3.797212
3.697982
3.648276
3.627791
3.549664
3.481892
3.408029
3.372085
3.315322
3.269134
3.226024
3.172980
3.085562
3.056722
3.017347
2.975271
2.932812
2.833846
2.807860
2.768195
2.694862
2.686652
2.626260
2.597297
2.555918
2.500000
2.469480
2.425230
2.415465
2.345943
2.290727
2.267879
2.228865
2.177978
2.146806
2.123662
2.079153
2.059484
1.980108
1.983905
1.916783
1.922030
1.901454
1.864830
1.817027
1.789644
1.750955
1.715070
1.684274
1.701421
1.637163
1.631676
1.585474
1.560734
1.515699
1.513003
1.485379
1.447052
1.442964
1.401471
1.377397
1.360022
1.331447
1.310399
1.279090
1.261172
1.229780
1.192686
1.171143
1.164358
1.125431
1.104694
1.082167
1.072743
1.048947
1.029406
1.007077
0.991361
0.983942
0.950420
0.948690
0.923151
0.904985
0.890084
0.881033
0.868381
0.846988
0.843717
0.812650
0.812817
0.789538
0.779144
0.772603
0.747644
0.745795
0.723561
0.723721
0.703659
0.703735
0.696042
0.681316
0.663874
0.659219
0.647503
0.639792
0.621055
0.617740
0.616638
0.597424
0.604273
0.582894
0.582782
0.576499
0.567829
0.556333
0.551607
0.550200
0.531260
0.515438
0.513747
0.503311
0.506961
0.492753
0.492531
0.488800
0.472594
0.476143
0.476402
0.465197
0.449595
0.459705
0.447089
0.444613
0.440148
0.434928
0.426704
0.427949
0.415386
0.426371
0.411038
0.407927
0.407648
0.395426
0.396019
0.387292
0.381381
0.384741
0.378724
0.380044
0.373026
0.369742
0.368006
0.357754
0.345172
0.354803
0.349330
0.348459
0.341198
0.338499
0.340345
0.334212
0.328580
0.329542
0.322744
0.323295
0.321681
0.317836
0.316040
0.306730
0.307021
0.302045
0.296424
0.294911
0.300150
0.291792
0.290804
0.289156
0.283511
0.277242
0.280547
0.275876
0.273849
0.270253
0.271038
0.269718
0.266786
0.261819
0.262959
0.259940
0.255756
0.257768
0.250832
0.253455
0.248589
0.244842
0.239502
0.241191
0.242518
0.232098
0.235786
0.236336
0.232650
0.233932
0.231169
0.228833
0.224989
0.227219
0.225630
0.220990
0.223732
0.220359
0.215006
0.220419
0.218053
0.217085
0.214190
0.211103
0.206623
0.205987
0.202161
0.206758
0.203244
0.200767
0.196473
0.198938
0.195756
0.195036
0.194537
0.189286
0.190106
0.189292
0.188071
0.185122
0.183964
0.183962
0.181479
0.181419
0.182029
0.178268
0.175804
0.174223
0.170287
0.174950
0.172825
0.171392
0.170442
0.167249
0.164353
0.165194
0.164422
0.162499
0.160362
0.160649
0.159824
0.157891
0.158156
0.157180
0.152247
0.156420
0.151817
0.151419
0.151570
0.149837
0.148837
0.146157
0.145996
0.143556
0.146522
0.141341
0.141950
0.140840
0.139323
0.138580
0.138692
0.137257
0.137170
0.135197
0.138585
0.133025
0.134037
0.130623
0.131620
0.130545
0.130724
0.126968
