0.018895
0.119186
0.196221
0.215116
0.219477
0.223837
0.225291
0.231105
0.229651
0.231105
0.234012
0.239826
0.245640
0.242733
0.252907
0.260174
0.264535
0.268895
0.276163
0.273256
0.279070
0.287791
0.300872
0.312500
0.322674
0.335756
0.353198
0.359012
0.373547
0.388081
0.406977
0.408430
0.409884
0.421512
0.427326
0.446221
0.447674
0.454942
0.460756
0.462209
0.469477
0.475291
0.479651
0.485465
0.488372
0.491279
0.513081
0.524709
0.524709
0.539244
0.550872
0.555233
0.559593
0.565407
0.571221
0.575581
0.582849
0.585756
0.588663
0.598837
0.604651
0.609012
0.619186
0.623547
0.627907
0.635174
0.635174
0.635174
0.636628
0.643895
0.648256
0.649709
0.655523
0.654070
0.655523
0.656977
0.656977
0.658430
0.662791
0.656977
0.662791
0.661337
0.668605
0.667151
0.661337
0.667151
0.665698
0.661337
0.667151
0.665698
0.664244
0.667151
0.668605
0.675872
0.671512
0.677326
0.677326
0.681686
0.683140
0.688953
0.686047
0.686047
0.690407
0.693314
0.687500
0.688953
0.693314
0.694767
0.693314
0.707849
0.704942
0.703488
0.712209
0.709302
0.713663
0.715116
0.718023
0.722384
0.718023
0.720930
0.726744
0.732558
0.729651
0.725291
0.732558
0.739826
0.742733
0.745640
0.747093
0.745640
0.750000
0.748547
0.751453
0.744186
0.751453
0.754360
0.757267
0.760174
0.761628
0.760174
0.761628
0.770349
0.768895
0.770349
0.771802
0.768895
0.771802
0.774709
0.773256
0.774709
0.770349
0.773256
0.780523
0.779070
0.783430
0.783430
0.787791
0.790698
0.792151
0.793605
0.795058
0.793605
0.797965
0.796512
0.797965
0.800872
0.799419
0.803779
0.802326
0.803779
0.805233
0.805233
0.803779
0.805233
0.813953
0.815407
0.816860
0.813953
0.815407
0.818314
0.819767
0.825581
0.825581
0.828488
0.828488
0.827035
0.832849
0.832849
0.835756
0.835756
0.837209
0.835756
0.838663
0.838663
0.838663
0.841570
0.840116
0.838663
0.838663
0.840116
0.841570
0.844477
0.847384
0.848837
0.851744
0.854651
0.853198
0.857558
0.857558
0.857558
0.857558
0.860465
0.861919
0.861919
0.866279
0.866279
0.866279
0.867733
0.867733
0.870640
0.870640
0.872093
0.875000
0.872093
0.872093
0.875000
0.875000
0.875000
0.879360
0.876453
0.877907
0.877907
0.879360
0.883721
0.883721
0.886628
0.883721
0.885174
0.885174
0.885174
0.886628
0.885174
0.885174
0.889535
0.889535
0.886628
0.890988
0.890988
0.890988
0.892442
0.893895
0.892442
0.895349
0.892442
0.893895
0.893895
0.895349
0.896802
0.896802
0.898256
0.899709
0.898256
0.899709
0.896802
0.898256
0.899709
0.898256
0.899709
0.908430
0.899709
0.904070
0.902616
0.902616
0.904070
0.902616
0.904070
0.905523
0.905523
0.906977
0.905523
0.905523
0.901163
0.905523
0.906977
0.906977
0.909884
0.909884
0.909884
0.909884
0.911337
0.909884
0.912791
0.915698
0.914244
0.915698
0.915698
0.914244
0.915698
0.915698
0.917151
0.917151
0.918605
0.917151
0.917151
0.920058
0.917151
0.921512
0.918605
0.918605
0.921512
0.921512
0.922965
0.922965
0.924419
0.922965
0.924419
0.924419
0.922965
0.924419
0.922965
0.928779
0.925872
0.927326
0.927326
0.925872
0.927326
0.928779
0.927326
0.928779
0.928779
0.931686
0.933140
0.934593
0.936047
0.934593
0.934593
0.936047
0.936047
0.936047
0.936047
0.934593
0.936047
0.936047
0.936047
0.938953
0.936047
0.936047
0.936047
0.940407
0.938953
0.937500
0.938953
0.937500
0.938953
0.940407
0.941860
0.943314
0.940407
0.941860
0.941860
0.941860
0.941860
0.943314
0.941860
0.943314
0.943314
0.943314
0.944767
0.944767
0.943314
0.944767
0.946221
0.946221
0.944767
0.944767
0.946221
0.944767
0.946221
0.946221
0.947674
0.944767
0.947674
0.946221
0.952035
0.947674
0.950581
0.949128
0.950581
0.947674
0.952035
0.949128
0.949128
0.949128
0.950581
0.952035
0.954942
0.952035
0.953488
0.952035
0.954942
