301.535950
225.162659
167.301712
129.878571
104.464287
84.588669
68.110451
56.900204
52.992012
50.980583
48.775021
46.295261
44.194965
42.199993
39.965313
38.295071
36.879223
35.475842
34.503525
33.394630
32.421356
31.333349
30.901966
30.058273
29.584370
28.704178
27.956253
27.319695
26.837948
26.186844
25.677010
25.144352
24.571447
23.941425
22.986486
22.810703
22.456902
21.606230
20.854845
20.434198
19.603354
19.133678
18.543743
18.422029
17.535578
16.993349
16.720957
16.378565
16.105135
15.845822
15.276428
15.069978
14.502981
14.453595
13.905407
13.719512
13.326457
12.988793
12.788577
12.568172
12.360400
11.942712
11.773123
11.345560
11.262239
10.942835
10.755364
10.582565
10.204137
10.016175
9.761080
9.535832
9.192675
9.206640
8.942407
8.649030
8.513527
8.475986
8.225124
8.237643
7.906240
7.766446
7.565491
7.366080
7.293879
7.148746
6.968519
6.817183
6.722548
6.511681
6.430184
6.379111
6.236638
6.123691
6.145633
5.910287
5.922555
5.743946
5.599958
5.617426
5.457765
5.363409
5.315845
5.094553
5.070804
5.011828
4.945404
4.815718
4.672745
4.676438
4.593511
4.488224
4.341037
4.307037
4.289320
4.123582
4.072860
3.954612
3.931883
3.818224
3.760377
3.687570
3.617435
3.603115
3.488721
3.481286
3.427300
3.358435
3.249229
3.207985
3.152735
3.107942
3.015780
3.030841
2.986002
2.903018
2.816952
2.811475
2.820060
2.712676
2.679640
2.652376
2.554903
2.547994
2.525502
2.488505
2.469702
2.434750
2.381892
2.316100
2.317077
2.246276
2.238065
2.182884
2.148816
2.121064
2.081336
2.061817
2.018156
1.990125
1.986446
1.943047
1.930531
1.899223
1.917259
1.868897
1.834972
1.817847
1.778884
1.786677
1.740415
1.713324
1.679200
1.676786
1.652026
1.633790
1.620776
1.602528
1.575245
1.541980
1.513809
1.505799
1.485858
1.461003
1.433402
1.416924
1.400475
1.376118
1.359480
1.358070
1.321807
1.314336
1.303925
1.296108
1.254839
1.244444
1.229776
1.208170
1.202164
1.158299
1.162098
1.138356
1.132509
1.113324
1.084363
1.078810
1.061325
1.043810
1.034148
1.027125
0.988481
0.981815
0.973789
0.956864
0.951740
0.925292
0.925431
0.906663
0.895940
0.874750
0.857563
0.855437
0.834288
0.816969
0.814960
0.795205
0.779395
0.776916
0.762536
0.742681
0.743634
0.723503
0.718710
0.715450
0.696627
0.682201
0.673569
0.665577
0.654923
0.639772
0.633341
0.626596
0.612597
0.604115
0.593764
0.590197
0.584448
0.565967
0.555385
0.551138
0.541143
0.531776
0.523094
0.516938
0.506878
0.499361
0.490729
0.488025
0.481344
0.466287
0.464595
0.455937
0.451249
0.439365
0.431040
0.432661
0.425964
0.417872
0.410471
0.400476
0.394470
0.389643
0.382828
0.373195
0.373698
0.368854
0.355683
0.352963
0.349043
0.338672
0.337116
0.334420
0.337754
0.324373
0.319723
0.317026
0.311920
0.303136
0.300467
0.298460
0.293507
0.290652
0.288096
0.278766
0.279389
0.275268
0.271231
0.265209
0.264995
0.260214
0.255179
0.251859
0.243981
0.240860
0.237048
0.233621
0.230538
0.226222
0.220045
0.220131
0.217667
0.212192
0.209539
0.206062
0.203842
0.202318
0.196411
0.193564
0.189104
0.187707
0.184418
0.179225
0.177605
0.176628
0.173966
0.171484
0.167744
0.166127
0.163300
0.159420
0.157320
0.157016
0.152384
0.152601
0.149373
0.144837
0.143158
0.139295
0.141059
0.139043
0.134133
0.134891
0.129880
0.130698
0.128329
0.128608
0.124113
0.121139
0.121222
0.118895
0.117627
0.116537
0.113005
0.112408
0.111007
0.109306
0.106935
0.105588
0.105090
0.103801
0.101854
0.099445
0.099491
0.098687
0.097445
0.096013
0.095539
0.093612
0.092529
0.091181
0.089474
0.088435
0.089278
0.086392
0.086255
0.083681
0.082096
0.081861
0.080211
0.079217
0.077082
0.078602
0.076418
0.076428
0.075690
0.075332
0.073713
0.072266
0.071308
0.071047
0.072002
0.069016
0.069293
0.069473
0.068157
0.067664
0.066702
0.066115
0.066447
0.065769
