0.024709
0.031977
0.046512
0.085756
0.110465
0.123547
0.142442
0.145349
0.170058
0.193314
0.202035
0.218023
0.241279
0.254360
0.287791
0.312500
0.328488
0.345930
0.354651
0.363372
0.388081
0.406977
0.418605
0.444767
0.446221
0.460756
0.475291
0.482558
0.491279
0.495640
0.501453
0.508721
0.508721
0.511628
0.520349
0.527616
0.527616
0.536337
0.540698
0.549419
0.549419
0.558140
0.550872
0.555233
0.561047
0.565407
0.569767
0.581395
0.582849
0.585756
0.598837
0.598837
0.610465
0.607558
0.616279
0.620640
0.627907
0.626453
0.629360
0.635174
0.635174
0.645349
0.643895
0.652616
0.654070
0.661337
0.665698
0.668605
0.672965
0.672965
0.678779
0.680233
0.687500
0.687500
0.693314
0.699128
0.703488
0.702035
0.704942
0.707849
0.712209
0.715116
0.726744
0.728198
0.732558
0.744186
0.741279
0.747093
0.750000
0.754360
0.754360
0.752907
0.758721
0.758721
0.760174
0.763081
0.763081
0.765988
0.768895
0.765988
0.770349
0.779070
0.780523
0.786337
0.784884
0.787791
0.789244
0.790698
0.790698
0.795058
0.793605
0.802326
0.800872
0.802326
0.803779
0.809593
0.809593
0.812500
0.809593
0.808140
0.808140
0.809593
0.815407
0.809593
0.812500
0.813953
0.815407
0.819767
0.813953
0.821221
0.824128
0.824128
0.822674
0.825581
0.827035
0.828488
0.838663
0.837209
0.837209
0.840116
0.841570
0.843023
0.844477
0.843023
0.844477
0.843023
0.841570
0.848837
0.850291
0.854651
0.853198
0.856105
0.859012
0.860465
0.860465
0.863372
0.863372
0.869186
0.869186
0.869186
0.867733
0.870640
0.870640
0.870640
0.867733
0.872093
0.872093
0.876453
0.873547
0.876453
0.877907
0.883721
0.883721
0.885174
0.882267
0.880814
0.880814
0.885174
0.885174
0.882267
0.888081
0.889535
0.889535
0.888081
0.888081
0.890988
0.890988
0.892442
0.893895
0.893895
0.898256
0.895349
0.898256
0.898256
0.898256
0.899709
0.902616
0.899709
0.901163
0.899709
0.899709
0.901163
0.901163
0.899709
0.899709
0.901163
0.902616
0.902616
0.902616
0.902616
0.905523
0.905523
0.904070
0.906977
0.904070
0.909884
0.908430
0.908430
0.909884
0.909884
0.911337
0.909884
0.908430
0.911337
0.911337
0.911337
0.915698
0.914244
0.917151
0.917151
0.915698
0.915698
0.918605
0.915698
0.918605
0.917151
0.918605
0.920058
0.921512
0.922965
0.924419
0.924419
0.921512
0.921512
0.922965
0.922965
0.920058
0.925872
0.924419
0.924419
0.925872
0.925872
0.925872
0.925872
0.928779
0.930233
0.931686
0.930233
0.930233
0.930233
0.930233
0.931686
0.931686
0.930233
0.930233
0.931686
0.931686
0.933140
0.933140
0.937500
0.938953
0.937500
0.937500
0.937500
0.937500
0.937500
0.940407
0.941860
0.938953
0.943314
0.943314
0.941860
0.938953
0.944767
0.943314
0.943314
0.944767
0.944767
0.947674
0.946221
0.946221
0.949128
0.950581
0.950581
0.949128
0.952035
0.950581
0.952035
0.949128
0.953488
0.953488
0.953488
0.954942
0.954942
0.956395
0.954942
0.956395
0.954942
0.956395
0.956395
0.954942
0.956395
0.957849
0.956395
0.957849
0.959302
0.959302
0.957849
0.957849
0.962209
0.962209
0.960756
0.960756
0.962209
0.962209
0.963663
0.960756
0.963663
0.962209
0.960756
0.962209
0.963663
0.962209
0.965116
0.965116
0.965116
0.968023
0.970930
0.965116
0.965116
0.966570
0.966570
0.968023
0.965116
0.968023
0.970930
0.969477
0.969477
0.969477
0.969477
0.969477
0.972384
0.968023
0.970930
0.969477
0.972384
0.969477
0.970930
0.969477
0.973837
0.972384
0.973837
0.970930
0.972384
0.972384
0.972384
0.973837
0.976744
0.975291
0.976744
0.976744
0.976744
0.975291
0.976744
0.978198
0.976744
0.978198
0.978198
0.976744
0.976744
0.981105
0.978198
0.979651
0.981105
0.979651
0.981105
0.979651
0.979651
0.981105
0.981105
0.981105
0.981105
0.981105
0.981105
0.981105
0.981105
0.981105
0.981105
0.981105
0.981105
