342.650238
263.205536
199.297348
147.966507
110.599510
88.543808
78.493156
72.084221
66.412338
61.572006
57.350494
54.030262
51.145157
48.884060
46.596531
44.112797
42.240353
40.211060
38.620667
37.114555
35.253639
34.078693
32.820454
31.612242
30.843630
29.603069
28.754259
27.715023
26.734125
26.084518
25.242891
24.426649
23.609407
22.714632
21.867710
21.275709
20.775560
20.199587
19.804419
19.218742
18.526436
18.081635
17.470186
17.106916
16.828329
16.352875
16.091890
15.775780
15.577570
15.050904
14.525930
14.182871
13.976983
13.659633
13.391112
13.292685
12.882008
12.527933
12.161903
12.075803
11.921140
11.517683
11.333851
10.975825
10.765818
10.653244
10.199925
9.961211
9.746415
9.702631
9.407746
9.291548
9.138896
9.000242
8.688531
8.576134
8.374846
8.241330
7.971429
7.769880
7.600341
7.510289
7.292787
7.154024
7.100759
6.862077
6.733475
6.579269
6.540523
6.387927
6.261576
6.175000
6.095908
6.003258
5.855839
5.745899
5.686499
5.532172
5.472890
5.336319
5.276877
5.277008
5.055960
5.055914
4.992256
4.952595
4.830130
4.768506
4.714967
4.613718
4.548536
4.524676
4.400939
4.343288
4.238562
4.203629
4.173868
4.033242
4.088971
3.974203
3.981278
3.896781
3.805976
3.702493
3.727420
3.697747
3.567183
3.499299
3.513474
3.427687
3.363226
3.427052
3.331644
3.247731
3.257834
3.224627
3.154613
3.013618
2.994566
2.935280
2.951504
2.894095
2.844415
2.762254
2.738817
2.747755
2.750823
2.619809
2.627055
2.581677
2.471262
2.447351
2.369052
2.323327
2.307294
2.288566
2.240814
2.165055
2.145463
2.114430
2.114781
2.013445
1.968613
1.968693
1.919565
1.889057
1.849082
1.851687
1.817101
1.741261
1.715391
1.674527
1.648253
1.605059
1.605246
1.589477
1.526340
1.491225
1.470475
1.420244
1.413776
1.362291
1.354594
1.350998
1.318035
1.279235
1.247007
1.233467
1.191100
1.166315
1.167597
1.114192
1.113899
1.077483
1.043243
1.019135
1.003134
0.987533
0.967186
0.943551
0.911745
0.897752
0.891131
0.875487
0.858099
0.823459
0.818055
0.801602
0.795703
0.752761
0.762643
0.740977
0.716858
0.712387
0.682899
0.675775
0.663011
0.639022
0.639265
0.624878
0.609184
0.595814
0.584720
0.580100
0.571112
0.554592
0.541878
0.540718
0.524789
0.509355
0.514894
0.501749
0.488516
0.490852
0.474923
0.463333
0.461449
0.442161
0.439907
0.433377
0.430041
0.425289
0.413548
0.396870
0.395598
0.383936
0.378567
0.360056
0.351207
0.359392
0.349165
0.339530
0.340910
0.326382
0.321819
0.307288
0.312571
0.292988
0.288269
0.289153
0.285546
0.277502
0.279369
0.265976
0.262490
0.259768
0.252236
0.247327
0.244450
0.241352
0.237932
0.233743
0.225028
0.222164
0.220980
0.212349
0.211535
0.216559
0.210014
0.198020
0.206969
0.200906
0.192474
0.191780
0.186064
0.184834
0.170100
0.170246
0.173988
0.161655
0.159149
0.158390
0.161585
0.150511
0.147720
0.151279
0.146666
0.143066
0.141494
0.144435
0.138133
0.132619
0.134603
0.132997
0.129182
0.126433
0.122913
0.120751
0.120310
0.121432
0.113710
0.111136
0.108170
0.115707
0.114009
0.106561
0.106881
0.113306
0.101424
0.097354
0.097026
0.101742
0.094102
0.095606
0.095817
0.091258
0.092466
0.089778
0.085571
0.091789
0.088176
0.086201
0.084173
0.088092
0.083848
0.088343
0.080229
0.078524
0.075771
0.082659
0.072381
0.071611
0.077556
0.067818
0.076315
0.070099
0.064633
0.066144
0.071129
0.064236
0.066496
0.062056
0.064432
0.062486
0.062168
0.063040
0.065096
0.060337
0.058323
0.057174
0.060072
0.058862
0.055912
0.051906
0.053166
0.053205
0.055806
0.054125
0.056375
0.053232
0.052227
0.054733
0.051843
0.053358
0.049599
0.048506
0.050048
0.047613
0.046599
0.050576
0.045442
0.050993
0.047945
0.050131
0.045765
0.047605
0.045285
0.046980
0.047480
0.046421
0.046688
0.045009
0.047574
0.044242
0.041502
0.042187
0.040648
0.042592
0.040850
0.039740
