0.061047
0.072674
0.095930
0.142442
0.170058
0.200581
0.222384
0.248547
0.261628
0.263081
0.274709
0.283430
0.284884
0.295058
0.309593
0.318314
0.337209
0.356105
0.375000
0.388081
0.408430
0.412791
0.421512
0.437500
0.447674
0.446221
0.468023
0.470930
0.482558
0.482558
0.492733
0.500000
0.511628
0.520349
0.524709
0.534884
0.540698
0.547965
0.562500
0.577035
0.591570
0.597384
0.600291
0.604651
0.614826
0.622093
0.625000
0.623547
0.633721
0.640988
0.643895
0.649709
0.654070
0.654070
0.659884
0.661337
0.665698
0.668605
0.672965
0.677326
0.678779
0.687500
0.687500
0.693314
0.696221
0.693314
0.696221
0.696221
0.699128
0.702035
0.706395
0.706395
0.712209
0.712209
0.713663
0.715116
0.715116
0.720930
0.722384
0.725291
0.725291
0.726744
0.728198
0.729651
0.731105
0.739826
0.745640
0.748547
0.752907
0.754360
0.760174
0.760174
0.770349
0.768895
0.774709
0.774709
0.776163
0.776163
0.779070
0.784884
0.790698
0.790698
0.793605
0.793605
0.795058
0.797965
0.797965
0.799419
0.799419
0.802326
0.806686
0.806686
0.808140
0.809593
0.818314
0.819767
0.822674
0.824128
0.824128
0.829942
0.827035
0.829942
0.829942
0.832849
0.835756
0.838663
0.838663
0.837209
0.834302
0.838663
0.838663
0.834302
0.838663
0.838663
0.840116
0.838663
0.838663
0.841570
0.840116
0.843023
0.843023
0.838663
0.838663
0.844477
0.845930
0.840116
0.844477
0.845930
0.844477
0.845930
0.850291
0.853198
0.854651
0.857558
0.856105
0.859012
0.854651
0.856105
0.861919
0.861919
0.860465
0.866279
0.861919
0.864826
0.866279
0.867733
0.867733
0.867733
0.869186
0.870640
0.876453
0.876453
0.877907
0.877907
0.877907
0.877907
0.880814
0.877907
0.880814
0.880814
0.880814
0.880814
0.879360
0.880814
0.882267
0.883721
0.883721
0.885174
0.886628
0.888081
0.889535
0.889535
0.889535
0.893895
0.890988
0.890988
0.895349
0.895349
0.899709
0.901163
0.904070
0.905523
0.904070
0.905523
0.902616
0.905523
0.908430
0.909884
0.908430
0.915698
0.908430
0.911337
0.915698
0.914244
0.920058
0.917151
0.920058
0.924419
0.920058
0.924419
0.922965
0.921512
0.924419
0.922965
0.928779
0.924419
0.930233
0.927326
0.928779
0.933140
0.930233
0.928779
0.933140
0.927326
0.931686
0.934593
0.934593
0.936047
0.934593
0.936047
0.936047
0.933140
0.936047
0.937500
0.936047
0.940407
0.940407
0.941860
0.940407
0.940407
0.941860
0.943314
0.940407
0.941860
0.943314
0.943314
0.943314
0.949128
0.949128
0.949128
0.944767
0.949128
0.947674
0.949128
0.949128
0.950581
0.949128
0.952035
0.950581
0.950581
0.950581
0.949128
0.953488
0.953488
0.953488
0.957849
0.953488
0.949128
0.952035
0.956395
0.950581
0.950581
0.957849
0.952035
0.953488
0.952035
0.960756
0.954942
0.953488
0.956395
0.957849
0.957849
0.954942
0.957849
0.959302
0.953488
0.960756
0.957849
0.960756
0.956395
0.956395
0.962209
0.957849
0.957849
0.960756
0.959302
0.962209
0.962209
0.959302
0.960756
0.960756
0.960756
0.962209
0.960756
0.962209
0.965116
0.962209
0.963663
0.966570
0.969477
0.969477
0.965116
0.973837
0.972384
0.969477
0.973837
0.970930
0.972384
0.976744
0.968023
0.969477
0.970930
0.975291
0.969477
0.975291
0.969477
0.976744
0.976744
0.976744
0.972384
0.979651
0.979651
0.975291
0.979651
0.975291
0.982558
0.984012
0.984012
0.978198
0.984012
0.982558
0.985465
0.982558
0.985465
0.985465
0.984012
0.984012
0.986919
0.986919
0.986919
0.985465
0.985465
0.986919
0.988372
0.988372
0.989826
0.986919
0.988372
0.986919
0.988372
0.988372
0.986919
0.986919
0.986919
0.988372
0.989826
0.988372
0.991279
0.989826
0.988372
0.991279
0.989826
0.989826
0.989826
0.991279
0.991279
0.992733
0.991279
0.991279
0.991279
0.991279
0.991279
0.989826
0.991279
0.992733
0.991279
0.992733
0.991279
0.992733
0.992733
