475.551605
367.505646
284.772614
219.446426
167.122131
128.810837
102.024178
87.675125
79.097969
73.378685
69.186333
65.943344
63.848911
60.895081
59.054417
56.081985
54.256310
51.894924
49.798397
47.432571
44.904598
43.413101
41.659599
40.035820
38.662502
36.315865
34.666111
34.134689
32.428963
30.623367
29.647532
28.248320
27.166964
26.089251
25.302799
24.277071
22.938036
22.257622
21.941481
20.826025
20.174015
20.148756
18.641731
18.986031
18.181417
17.750544
17.199017
16.701319
16.359772
15.837932
15.497036
15.331531
15.055813
14.560365
14.101310
13.821635
13.374638
13.157721
12.916763
12.777041
12.378665
12.184404
11.940583
11.771194
11.584348
11.488211
11.543030
11.400751
11.555572
11.236621
11.163190
11.222568
11.078521
10.773294
10.765106
10.408407
10.255530
9.992960
9.737482
9.622539
9.555886
9.333164
9.168853
8.974738
8.904419
8.580105
8.443777
8.275819
8.089316
7.943780
7.745706
7.641341
7.479447
7.336481
7.089316
6.974798
6.903522
6.716607
6.582935
6.371094
6.214119
6.041774
5.993196
5.765065
5.732559
5.548692
5.413801
5.287343
5.206111
5.080391
4.934577
4.744273
4.600427
4.549359
4.438956
4.340631
4.270329
4.160873
4.098282
3.988912
3.925576
3.812151
3.763765
3.693534
3.616896
3.532333
3.487517
3.454451
3.372331
3.315013
3.263104
3.226213
3.188817
3.159837
3.092178
3.066791
2.992208
2.960368
2.898133
2.869786
2.794045
2.733024
2.717786
2.662588
2.634447
2.603636
2.565679
2.523435
2.468062
2.412216
2.360121
2.346292
2.298048
2.256329
2.211521
2.171184
2.128871
2.097565
2.060349
2.020272
1.982852
1.956260
1.899119
1.880588
1.842395
1.812576
1.792305
1.751695
1.727099
1.700956
1.684047
1.642527
1.625530
1.601078
1.576268
1.560755
1.514289
1.504177
1.489729
1.470675
1.440617
1.426528
1.397909
1.374997
1.359816
1.348620
1.324840
1.311164
1.281879
1.256916
1.243994
1.250360
1.227432
1.198922
1.178744
1.176291
1.137836
1.120659
1.101780
1.094038
1.065645
1.059600
1.053077
1.021043
0.999527
0.990998
0.971105
0.947155
0.937499
0.919360
0.916281
0.898153
0.894242
0.863253
0.856116
0.842973
0.824759
0.814315
0.802372
0.793889
0.780527
0.765840
0.762969
0.754258
0.746039
0.736491
0.722212
0.704220
0.705350
0.694170
0.690046
0.681603
0.668257
0.673474
0.658569
0.650044
0.649071
0.632436
0.625353
0.617744
0.604024
0.601622
0.593897
0.579658
0.581680
0.576684
0.572125
0.565963
0.555434
0.543618
0.542863
0.533420
0.526686
0.520945
0.520879
0.515581
0.509405
0.503101
0.502265
0.492116
0.493168
0.480068
0.478254
0.467379
0.461751
0.462006
0.450895
0.452714
0.444160
0.439057
0.429473
0.426018
0.431941
0.416205
0.422215
0.412012
0.408403
0.405363
0.403375
0.395723
0.388893
0.390358
0.383588
0.379495
0.375831
0.372718
0.365866
0.367800
0.358120
0.360945
0.354569
0.353864
0.355105
0.348216
0.344619
0.343967
0.337480
0.337022
0.334660
0.325842
0.327195
0.322843
0.320729
0.319358
0.317621
0.315498
0.312060
0.312220
0.304552
0.304820
0.299227
0.299076
0.298380
0.292538
0.292345
0.291424
0.287131
0.283246
0.279673
0.276707
0.274911
0.273794
0.270620
0.269321
0.266595
0.261785
0.264517
0.259457
0.254782
0.255912
0.251812
0.251771
0.251757
0.246242
0.244895
0.243451
0.241579
0.237945
0.238144
0.234880
0.231515
0.230604
0.228982
0.227356
0.224904
0.223281
0.220133
0.218743
0.215709
0.214145
0.212009
0.210966
0.209017
0.206436
0.205556
0.202693
0.202125
0.200306
0.197118
0.196091
0.196368
0.195668
0.194163
0.190982
0.189978
0.189428
0.187372
0.183674
0.185174
0.180491
0.180643
0.180669
0.179347
0.178076
0.177549
0.175333
0.174335
0.174201
0.170685
0.168608
0.168520
0.167579
0.166665
0.165319
0.164463
0.162494
0.161830
0.161622
0.159804
0.159648
0.158668
0.157744
0.156125
0.156104
0.154856
0.152786
0.150867
0.151183
0.151389
0.149543
