0.212209
0.213663
0.213663
0.210756
0.204942
0.199128
0.196221
0.225291
0.235465
0.239826
0.250000
0.254360
0.260174
0.265988
0.277616
0.286337
0.286337
0.292151
0.300872
0.316860
0.325581
0.325581
0.332849
0.335756
0.341570
0.348837
0.347384
0.360465
0.364826
0.379360
0.385174
0.389535
0.393895
0.398256
0.402616
0.405523
0.417151
0.418605
0.421512
0.437500
0.438953
0.438953
0.459302
0.453488
0.469477
0.470930
0.475291
0.482558
0.489826
0.498547
0.497093
0.500000
0.500000
0.505814
0.515988
0.517442
0.531977
0.530523
0.533430
0.537791
0.539244
0.543605
0.546512
0.555233
0.556686
0.571221
0.569767
0.584302
0.578488
0.582849
0.585756
0.584302
0.591570
0.587209
0.590116
0.598837
0.598837
0.606105
0.606105
0.606105
0.607558
0.607558
0.609012
0.625000
0.622093
0.620640
0.622093
0.629360
0.623547
0.633721
0.636628
0.635174
0.640988
0.639535
0.639535
0.649709
0.646802
0.649709
0.651163
0.658430
0.661337
0.668605
0.670058
0.678779
0.677326
0.683140
0.687500
0.687500
0.688953
0.691860
0.706395
0.707849
0.712209
0.710756
0.713663
0.715116
0.725291
0.722384
0.726744
0.725291
0.729651
0.735465
0.732558
0.742733
0.734012
0.742733
0.751453
0.750000
0.752907
0.757267
0.755814
0.767442
0.770349
0.767442
0.773256
0.779070
0.783430
0.781977
0.784884
0.774709
0.781977
0.774709
0.770349
0.774709
0.773256
0.774709
0.774709
0.781977
0.779070
0.780523
0.789244
0.790698
0.795058
0.793605
0.799419
0.792151
0.792151
0.793605
0.797965
0.796512
0.800872
0.800872
0.811047
0.803779
0.806686
0.806686
0.809593
0.812500
0.812500
0.809593
0.806686
0.809593
0.806686
0.808140
0.811047
0.811047
0.813953
0.816860
0.819767
0.816860
0.819767
0.821221
0.824128
0.822674
0.825581
0.829942
0.824128
0.825581
0.825581
0.827035
0.827035
0.825581
0.829942
0.834302
0.832849
0.832849
0.831395
0.831395
0.837209
0.835756
0.832849
0.829942
0.834302
0.837209
0.843023
0.841570
0.841570
0.843023
0.844477
0.845930
0.844477
0.844477
0.844477
0.847384
0.843023
0.844477
0.844477
0.845930
0.843023
0.843023
0.844477
0.845930
0.850291
0.847384
0.844477
0.845930
0.847384
0.848837
0.850291
0.853198
0.847384
0.848837
0.848837
0.847384
0.851744
0.854651
0.853198
0.851744
0.854651
0.850291
0.854651
0.857558
0.853198
0.860465
0.854651
0.854651
0.857558
0.860465
0.859012
0.864826
0.863372
0.861919
0.864826
0.860465
0.863372
0.863372
0.863372
0.863372
0.863372
0.867733
0.861919
0.869186
0.867733
0.870640
0.866279
0.867733
0.872093
0.872093
0.873547
0.875000
0.876453
0.876453
0.876453
0.882267
0.877907
0.883721
0.880814
0.882267
0.885174
0.888081
0.890988
0.890988
0.890988
0.895349
0.898256
0.898256
0.899709
0.898256
0.904070
0.898256
0.905523
0.905523
0.906977
0.909884
0.906977
0.909884
0.911337
0.905523
0.912791
0.911337
0.909884
0.912791
0.914244
0.912791
0.912791
0.912791
0.914244
0.912791
0.912791
0.912791
0.912791
0.912791
0.912791
0.912791
0.914244
0.912791
0.914244
0.914244
0.914244
0.921512
0.918605
0.924419
0.917151
0.918605
0.925872
0.924419
0.921512
0.925872
0.927326
0.928779
0.927326
0.924419
0.924419
0.927326
0.928779
0.924419
0.928779
0.927326
0.928779
0.930233
0.930233
0.928779
0.930233
0.931686
0.933140
0.931686
0.934593
0.931686
0.934593
0.931686
0.934593
0.937500
0.936047
0.937500
0.937500
0.938953
0.938953
0.940407
0.938953
0.941860
0.940407
0.940407
0.941860
0.941860
0.943314
0.941860
0.943314
0.943314
0.944767
0.943314
0.946221
0.946221
0.944767
0.946221
0.944767
0.944767
0.941860
0.944767
0.944767
0.944767
0.944767
0.944767
0.943314
0.944767
0.943314
0.944767
0.944767
0.943314
0.944767
0.944767
0.946221
0.946221
0.946221
0.944767
0.944767
0.944767
0.944767
0.949128
0.946221
0.947674
