232.734756
159.805191
111.932320
89.112389
78.939651
73.699600
69.829033
66.059753
62.772446
59.753178
56.793259
55.035683
52.204754
50.002304
48.763901
46.956627
45.098656
43.415668
42.038303
40.689590
39.258327
38.232761
36.602188
35.622944
34.185509
32.917057
31.726633
30.172457
29.192930
28.251766
27.216368
26.613050
25.962410
24.543505
23.750170
23.049175
21.793684
20.608440
20.159187
18.901232
18.524445
17.553841
16.340551
15.857491
14.897998
14.079316
13.298401
12.628398
12.021060
11.337254
10.891727
10.337265
9.882611
9.417854
9.068863
8.788866
8.416981
8.189137
8.027884
7.849049
7.663218
7.460093
7.308955
7.087360
6.972171
6.772895
6.633797
6.531054
6.408727
6.330703
6.230062
6.070401
5.881104
5.818390
5.664159
5.580619
5.372487
5.272117
5.157484
5.068040
4.927954
4.809230
4.609983
4.475618
4.383626
4.280761
4.088850
3.975486
3.807436
3.662997
3.502934
3.381495
3.270900
3.154968
3.052824
2.940588
2.832302
2.766457
2.698334
2.642302
2.590866
2.553203
2.516957
2.492802
2.457502
2.452400
2.451748
2.464638
2.457494
2.453894
2.438882
2.420213
2.461952
2.448750
2.453863
2.431195
2.423015
2.419834
2.409308
2.388966
2.373031
2.341072
2.313195
2.276787
2.293442
2.240827
2.206522
2.195925
2.164246
2.139352
2.080643
2.027116
1.983639
1.971367
1.941431
1.882580
1.854066
1.837112
1.783355
1.743795
1.695699
1.652793
1.594995
1.558824
1.511694
1.489164
1.457709
1.442348
1.429538
1.429655
1.422620
1.430255
1.439941
1.456235
1.475702
1.490681
1.484944
1.504560
1.526306
1.537966
1.549793
1.569824
1.572295
1.579514
1.596827
1.619026
1.635611
1.651309
1.669044
1.667175
1.676529
1.691403
1.690337
1.686934
1.683240
1.671997
1.675203
1.652456
1.648097
1.641704
1.623036
1.615154
1.604914
1.593799
1.579404
1.567243
1.551373
1.530075
1.515147
1.496367
1.480148
1.470835
1.451730
1.437110
1.421960
1.406780
1.388324
1.373811
1.356192
1.346959
1.325002
1.313582
1.301980
1.292480
1.281631
1.266896
1.253904
1.236287
1.228552
1.218996
1.206924
1.194250
1.188213
1.176203
1.162189
1.149692
1.136740
1.127364
1.120120
1.111242
1.103979
1.095898
1.088216
1.082072
1.075242
1.067650
1.058049
1.051855
1.046227
1.040269
1.035852
1.032207
1.027174
1.021300
1.013742
1.008558
1.002413
0.995883
0.990783
0.987212
0.983353
0.978572
0.976999
0.974264
0.969713
0.962587
0.957454
0.955279
0.949429
0.944277
0.939882
0.934663
0.930729
0.925409
0.922508
0.916660
0.912442
0.908000
0.904023
0.900654
0.894224
0.888973
0.885086
0.881451
0.876681
0.872652
0.867990
0.862838
0.858895
0.856356
0.853504
0.850821
0.845689
0.840172
0.833539
0.831649
0.829185
0.825357
0.821894
0.817696
0.813468
0.810317
0.806855
0.801156
0.797390
0.792359
0.790280
0.787412
0.782256
0.778745
0.775101
0.771610
0.766462
0.763812
0.759504
0.754582
0.750273
0.745131
0.741998
0.738199
0.735670
0.732096
0.726272
0.724642
0.720844
0.717600
0.713473
0.709499
0.706613
0.701995
0.698128
0.696219
0.692235
0.689286
0.687647
0.683556
0.680541
0.677073
0.674757
0.670676
0.667295
0.664277
0.660921
0.655772
0.653315
0.650622
0.647538
0.644118
0.640295
0.635975
0.635369
0.630625
0.626100
0.623823
0.620607
0.615773
0.614763
0.610797
0.608617
0.604511
0.599959
0.596874
0.592901
0.591109
0.587552
0.585066
0.580945
0.578792
0.577523
0.572237
0.569466
0.565130
0.563148
0.560646
0.557260
0.553360
0.551777
0.548765
0.545151
0.542092
0.538326
0.535134
0.532427
0.529386
0.527082
0.524222
0.521514
0.519555
0.517599
0.514860
0.510808
0.508307
0.507072
0.503982
0.501636
0.498038
0.494553
0.491490
0.488030
0.487067
0.485791
0.483994
0.480183
0.477374
0.472608
0.472311
0.469048
0.466195
0.462488
0.459555
0.456218
0.453516
0.451992
0.449580
0.446452
0.444940
0.443027
0.439591
0.436579
0.433271
