0.063953
0.052326
0.034884
0.084302
0.133721
0.171512
0.186047
0.199128
0.225291
0.251453
0.270349
0.296512
0.313953
0.324128
0.328488
0.335756
0.351744
0.366279
0.383721
0.389535
0.412791
0.431686
0.441860
0.453488
0.459302
0.472384
0.472384
0.473837
0.484012
0.488372
0.488372
0.488372
0.492733
0.508721
0.515988
0.520349
0.526163
0.536337
0.536337
0.546512
0.546512
0.552326
0.572674
0.577035
0.584302
0.579942
0.594477
0.604651
0.601744
0.611919
0.619186
0.619186
0.611919
0.610465
0.611919
0.613372
0.623547
0.616279
0.617733
0.620640
0.619186
0.619186
0.629360
0.636628
0.640988
0.643895
0.645349
0.645349
0.645349
0.643895
0.640988
0.649709
0.652616
0.648256
0.646802
0.649709
0.654070
0.655523
0.659884
0.664244
0.665698
0.670058
0.677326
0.677326
0.680233
0.683140
0.691860
0.699128
0.704942
0.704942
0.709302
0.709302
0.709302
0.706395
0.703488
0.710756
0.712209
0.716570
0.719477
0.712209
0.712209
0.704942
0.704942
0.703488
0.702035
0.700581
0.697674
0.687500
0.675872
0.674419
0.675872
0.677326
0.677326
0.668605
0.674419
0.677326
0.674419
0.668605
0.662791
0.662791
0.664244
0.667151
0.656977
0.654070
0.651163
0.645349
0.646802
0.648256
0.643895
0.642442
0.643895
0.638081
0.636628
0.633721
0.633721
0.635174
0.630814
0.626453
0.630814
0.629360
0.625000
0.625000
0.623547
0.619186
0.606105
0.601744
0.588663
0.579942
0.574128
0.559593
0.545058
0.530523
0.529070
0.507267
0.495640
0.491279
0.485465
0.463663
0.452035
0.443314
0.431686
0.425872
0.425872
0.417151
0.401163
0.393895
0.383721
0.375000
0.366279
0.363372
0.351744
0.344477
0.343023
0.343023
0.341570
0.343023
0.332849
0.340116
0.334302
0.328488
0.335756
0.329942
0.332849
0.337209
0.345930
0.344477
0.348837
0.347384
0.350291
0.356105
0.360465
0.363372
0.369186
0.376453
0.377907
0.383721
0.383721
0.392442
0.402616
0.405523
0.418605
0.417151
0.420058
0.428779
0.434593
0.440407
0.437500
0.444767
0.457849
0.463663
0.468023
0.476744
0.478198
0.486919
0.491279
0.500000
0.507267
0.507267
0.514535
0.518895
0.526163
0.529070
0.542151
0.543605
0.550872
0.559593
0.572674
0.572674
0.581395
0.588663
0.591570
0.597384
0.607558
0.613372
0.614826
0.625000
0.630814
0.627907
0.633721
0.630814
0.632267
0.640988
0.640988
0.645349
0.645349
0.639535
0.645349
0.648256
0.648256
0.659884
0.659884
0.661337
0.661337
0.665698
0.659884
0.665698
0.668605
0.671512
0.674419
0.675872
0.675872
0.675872
0.674419
0.675872
0.671512
0.672965
0.677326
0.678779
0.680233
0.680233
0.677326
0.680233
0.684593
0.680233
0.686047
0.683140
0.686047
0.690407
0.690407
0.693314
0.693314
0.694767
0.694767
0.700581
0.703488
0.706395
0.709302
0.709302
0.706395
0.710756
0.707849
0.702035
0.710756
0.707849
0.715116
0.715116
0.715116
0.719477
0.719477
0.719477
0.726744
0.726744
0.722384
0.726744
0.725291
0.726744
0.725291
0.726744
0.735465
0.723837
0.729651
0.734012
0.739826
0.744186
0.742733
0.745640
0.741279
0.747093
0.750000
0.742733
0.751453
0.750000
0.747093
0.745640
0.754360
0.755814
0.758721
0.761628
0.755814
0.763081
0.763081
0.768895
0.764535
0.767442
0.768895
0.770349
0.768895
0.773256
0.776163
0.779070
0.781977
0.783430
0.786337
0.784884
0.787791
0.786337
0.789244
0.786337
0.786337
0.790698
0.789244
0.793605
0.796512
0.793605
0.796512
0.800872
0.800872
0.799419
0.799419
0.800872
0.803779
0.803779
0.803779
0.806686
0.806686
0.811047
0.809593
0.812500
0.811047
0.809593
0.816860
0.816860
0.815407
0.816860
0.815407
0.818314
0.822674
0.824128
0.824128
0.827035
0.825581
0.825581
0.828488
0.825581
0.828488
0.831395
0.828488
0.827035
0.827035
0.829942
0.829942
0.831395
0.831395
0.831395
0.832849
0.837209
0.837209
0.843023
0.843023
0.845930
