0.082849
0.095930
0.106105
0.114826
0.123547
0.130814
0.164244
0.206395
0.238372
0.255814
0.270349
0.284884
0.287791
0.303779
0.319767
0.329942
0.334302
0.350291
0.351744
0.357558
0.370640
0.379360
0.390988
0.395349
0.402616
0.424419
0.438953
0.443314
0.450581
0.478198
0.500000
0.510174
0.524709
0.531977
0.543605
0.543605
0.559593
0.566860
0.575581
0.577035
0.587209
0.591570
0.595930
0.593023
0.598837
0.603198
0.601744
0.603198
0.606105
0.610465
0.611919
0.616279
0.622093
0.622093
0.622093
0.627907
0.632267
0.629360
0.635174
0.638081
0.638081
0.635174
0.633721
0.627907
0.629360
0.632267
0.639535
0.638081
0.643895
0.643895
0.645349
0.652616
0.655523
0.656977
0.654070
0.652616
0.652616
0.648256
0.648256
0.656977
0.655523
0.652616
0.656977
0.651163
0.654070
0.652616
0.654070
0.655523
0.659884
0.662791
0.665698
0.672965
0.674419
0.675872
0.680233
0.683140
0.683140
0.686047
0.688953
0.684593
0.691860
0.688953
0.690407
0.691860
0.694767
0.697674
0.696221
0.697674
0.702035
0.707849
0.709302
0.710756
0.712209
0.716570
0.722384
0.732558
0.736919
0.741279
0.739826
0.741279
0.751453
0.755814
0.760174
0.755814
0.755814
0.757267
0.758721
0.757267
0.757267
0.757267
0.751453
0.754360
0.752907
0.757267
0.757267
0.760174
0.760174
0.761628
0.763081
0.761628
0.763081
0.767442
0.765988
0.761628
0.770349
0.770349
0.774709
0.773256
0.774709
0.773256
0.768895
0.771802
0.774709
0.771802
0.777616
0.780523
0.784884
0.781977
0.780523
0.777616
0.774709
0.774709
0.771802
0.770349
0.768895
0.768895
0.770349
0.763081
0.763081
0.760174
0.760174
0.757267
0.761628
0.764535
0.763081
0.764535
0.758721
0.760174
0.763081
0.763081
0.763081
0.763081
0.761628
0.763081
0.758721
0.765988
0.761628
0.763081
0.767442
0.765988
0.760174
0.771802
0.768895
0.770349
0.774709
0.773256
0.771802
0.773256
0.773256
0.779070
0.777616
0.780523
0.780523
0.780523
0.783430
0.784884
0.786337
0.787791
0.789244
0.793605
0.795058
0.789244
0.793605
0.795058
0.795058
0.796512
0.796512
0.796512
0.795058
0.796512
0.796512
0.799419
0.802326
0.802326
0.802326
0.802326
0.803779
0.803779
0.803779
0.805233
0.799419
0.797965
0.796512
0.797965
0.800872
0.792151
0.792151
0.793605
0.797965
0.797965
0.795058
0.797965
0.797965
0.795058
0.793605
0.796512
0.796512
0.793605
0.796512
0.796512
0.799419
0.799419
0.793605
0.795058
0.797965
0.797965
0.803779
0.800872
0.795058
0.800872
0.802326
0.800872
0.803779
0.805233
0.802326
0.803779
0.806686
0.809593
0.812500
0.809593
0.813953
0.813953
0.813953
0.812500
0.812500
0.813953
0.808140
0.815407
0.809593
0.811047
0.812500
0.812500
0.818314
0.815407
0.815407
0.815407
0.813953
0.815407
0.815407
0.818314
0.819767
0.819767
0.822674
0.827035
0.831395
0.829942
0.827035
0.831395
0.832849
0.834302
0.834302
0.829942
0.831395
0.831395
0.831395
0.832849
0.834302
0.832849
0.831395
0.834302
0.832849
0.832849
0.832849
0.834302
0.834302
0.835756
0.837209
0.838663
0.838663
0.838663
0.838663
0.838663
0.840116
0.840116
0.840116
0.841570
0.843023
0.845930
0.848837
0.851744
0.853198
0.856105
0.857558
0.856105
0.861919
0.863372
0.863372
0.870640
0.870640
0.867733
0.869186
0.869186
0.870640
0.870640
0.870640
0.870640
0.873547
0.873547
0.877907
0.876453
0.879360
0.882267
0.876453
0.880814
0.880814
0.882267
0.882267
0.882267
0.885174
0.885174
0.885174
0.885174
0.886628
0.885174
0.888081
0.886628
0.888081
0.886628
0.886628
0.889535
0.886628
0.893895
0.893895
0.892442
0.898256
0.898256
0.896802
0.895349
0.898256
0.896802
0.898256
0.899709
0.902616
0.901163
0.901163
0.899709
0.899709
0.901163
0.902616
0.904070
0.904070
0.905523
0.905523
0.908430
0.906977
0.911337
0.909884
0.909884
0.911337
0.914244
