233.432602
197.193924
164.128479
136.428558
112.700760
93.019745
79.835152
72.720596
68.163292
64.256058
60.420223
56.356895
52.935200
49.033993
46.033390
43.105167
40.903141
38.444046
36.708416
35.257610
33.267250
31.469231
29.646593
28.502779
26.696503
25.299902
24.476980
23.145557
22.037752
21.021595
20.027088
19.040264
18.468695
17.746622
16.981247
16.411215
15.862844
15.401038
14.943583
14.547688
14.231747
13.868048
13.634435
13.378682
13.046910
12.844808
12.674805
12.670407
12.464228
12.302656
12.224415
11.880256
11.801526
11.691025
11.495306
11.330090
11.142060
11.025534
10.846145
10.665066
10.462672
10.287593
10.070739
9.920127
9.762799
9.539533
9.240308
9.067184
8.869663
8.668672
8.528976
8.310933
8.070747
7.915824
7.777653
7.551727
7.446534
7.254535
7.144835
6.969677
6.811034
6.608211
6.524381
6.390957
6.230174
6.132417
5.949971
5.854579
5.714221
5.609784
5.526242
5.398173
5.302959
5.188842
5.114614
4.957782
4.840116
4.744919
4.653784
4.573901
4.464332
4.349966
4.237376
4.133806
4.054329
3.944976
3.836793
3.738131
3.678782
3.497633
3.455162
3.391439
3.330077
3.238798
3.111175
3.067713
3.024867
2.924922
2.875063
2.823200
2.761345
2.696146
2.623312
2.575565
2.517719
2.475450
2.439292
2.396619
2.359443
2.314347
2.295404
2.240643
2.200516
2.180122
2.148841
2.126273
2.083230
2.069747
2.028659
2.011089
1.964395
1.947478
1.927081
1.902835
1.864524
1.816341
1.788162
1.773000
1.741923
1.728086
1.733288
1.696028
1.663293
1.667837
1.649207
1.597164
1.597015
1.544083
1.536401
1.515605
1.483491
1.473423
1.468659
1.464220
1.431754
1.417074
1.409261
1.379574
1.379753
1.333936
1.324630
1.306080
1.290065
1.265831
1.238356
1.230971
1.228351
1.190888
1.175179
1.179864
1.155951
1.141489
1.126628
1.111436
1.092576
1.064856
1.055657
1.047238
1.025328
1.006383
1.016394
0.988635
0.983093
0.968430
0.947615
0.929578
0.918918
0.900977
0.895974
0.879764
0.876193
0.863346
0.847323
0.830974
0.827336
0.802938
0.786868
0.781382
0.778938
0.771485
0.764673
0.750661
0.739639
0.725618
0.719872
0.705759
0.696975
0.692468
0.687164
0.674246
0.667257
0.657643
0.651368
0.648234
0.641028
0.635708
0.624896
0.619829
0.614604
0.612918
0.610308
0.603893
0.599610
0.596269
0.590945
0.587831
0.584835
0.579525
0.578856
0.573366
0.567812
0.563053
0.555001
0.551263
0.547290
0.544050
0.539976
0.536817
0.536541
0.531272
0.528772
0.525614
0.524754
0.519894
0.515196
0.513965
0.511010
0.509654
0.507349
0.504731
0.504718
0.496387
0.497640
0.493055
0.489305
0.487434
0.483526
0.484824
0.482690
0.482211
0.478169
0.476228
0.473318
0.471367
0.470087
0.468962
0.468448
0.465458
0.464841
0.462184
0.460222
0.457743
0.455303
0.452869
0.454035
0.451790
0.450093
0.447216
0.446974
0.445672
0.441744
0.442766
0.439897
0.437159
0.437258
0.435448
0.434514
0.428955
0.429773
0.427067
0.424884
0.424500
0.422072
0.419424
0.416059
0.413871
0.412147
0.409212
0.407731
0.404174
0.402466
0.401207
0.398107
0.395026
0.392088
0.392200
0.390381
0.387693
0.385152
0.381387
0.379454
0.377086
0.375902
0.373110
0.371274
0.369450
0.367606
0.364756
0.363585
0.361220
0.358761
0.356220
0.355585
0.352715
0.349548
0.346837
0.344809
0.343610
0.341861
0.339396
0.339109
0.336550
0.334595
0.332353
0.330173
0.329584
0.327103
0.323673
0.322501
0.321304
0.318818
0.317696
0.315847
0.314048
0.312464
0.310389
0.309023
0.306584
0.304005
0.304056
0.301129
0.299888
0.297793
0.296139
0.294854
0.294331
0.291435
0.290051
0.288268
0.285576
0.284569
0.282671
0.280466
0.279909
0.277030
0.276021
0.274030
0.272196
0.270752
0.270078
0.269651
0.266555
0.263445
0.261175
0.259864
0.258410
0.256819
0.255955
0.253432
0.250347
0.250690
0.248930
0.244921
0.244099
0.241962
0.240052
0.239381
0.238064
0.235137
0.235722
