0.034884
0.030523
0.029070
0.030523
0.033430
0.047965
0.090116
0.136628
0.152616
0.170058
0.186047
0.197674
0.218023
0.231105
0.257267
0.277616
0.286337
0.303779
0.318314
0.328488
0.338663
0.343023
0.350291
0.361919
0.366279
0.382267
0.393895
0.415698
0.428779
0.438953
0.444767
0.468023
0.478198
0.495640
0.500000
0.510174
0.513081
0.515988
0.517442
0.514535
0.518895
0.523256
0.523256
0.527616
0.523256
0.526163
0.534884
0.529070
0.533430
0.534884
0.536337
0.543605
0.550872
0.553779
0.558140
0.562500
0.562500
0.572674
0.569767
0.572674
0.577035
0.587209
0.590116
0.606105
0.609012
0.614826
0.611919
0.619186
0.623547
0.632267
0.640988
0.646802
0.649709
0.652616
0.649709
0.652616
0.656977
0.658430
0.661337
0.662791
0.670058
0.671512
0.674419
0.675872
0.683140
0.687500
0.683140
0.688953
0.693314
0.700581
0.700581
0.700581
0.706395
0.703488
0.710756
0.716570
0.715116
0.716570
0.716570
0.715116
0.713663
0.718023
0.718023
0.719477
0.713663
0.719477
0.719477
0.722384
0.723837
0.728198
0.731105
0.738372
0.739826
0.738372
0.739826
0.734012
0.742733
0.744186
0.741279
0.744186
0.745640
0.745640
0.750000
0.748547
0.747093
0.751453
0.754360
0.758721
0.758721
0.763081
0.768895
0.765988
0.770349
0.776163
0.774709
0.774709
0.779070
0.777616
0.784884
0.780523
0.781977
0.781977
0.781977
0.786337
0.789244
0.786337
0.789244
0.786337
0.789244
0.793605
0.792151
0.793605
0.792151
0.797965
0.800872
0.803779
0.802326
0.806686
0.808140
0.805233
0.811047
0.809593
0.812500
0.818314
0.818314
0.816860
0.821221
0.825581
0.824128
0.831395
0.824128
0.829942
0.831395
0.829942
0.834302
0.837209
0.838663
0.837209
0.841570
0.838663
0.841570
0.843023
0.843023
0.844477
0.844477
0.845930
0.844477
0.848837
0.844477
0.845930
0.856105
0.853198
0.853198
0.850291
0.851744
0.853198
0.856105
0.854651
0.860465
0.866279
0.861919
0.866279
0.864826
0.869186
0.873547
0.873547
0.876453
0.870640
0.875000
0.873547
0.873547
0.873547
0.875000
0.876453
0.876453
0.882267
0.880814
0.882267
0.879360
0.883721
0.882267
0.882267
0.885174
0.888081
0.885174
0.886628
0.890988
0.890988
0.890988
0.889535
0.889535
0.888081
0.885174
0.889535
0.890988
0.888081
0.889535
0.888081
0.889535
0.893895
0.892442
0.893895
0.893895
0.893895
0.895349
0.898256
0.893895
0.904070
0.902616
0.899709
0.902616
0.902616
0.901163
0.899709
0.909884
0.909884
0.908430
0.908430
0.908430
0.911337
0.911337
0.914244
0.911337
0.914244
0.912791
0.917151
0.920058
0.921512
0.921512
0.920058
0.921512
0.924419
0.921512
0.921512
0.921512
0.924419
0.922965
0.924419
0.924419
0.927326
0.922965
0.927326
0.927326
0.928779
0.928779
0.928779
0.930233
0.930233
0.928779
0.931686
0.933140
0.930233
0.930233
0.930233
0.933140
0.934593
0.933140
0.931686
0.934593
0.937500
0.936047
0.938953
0.938953
0.938953
0.938953
0.938953
0.941860
0.940407
0.943314
0.944767
0.946221
0.946221
0.944767
0.944767
0.947674
0.949128
0.947674
0.950581
0.950581
0.950581
0.950581
0.949128
0.950581
0.952035
0.952035
0.950581
0.952035
0.952035
0.953488
0.953488
0.953488
0.954942
0.954942
0.953488
0.954942
0.954942
0.956395
0.956395
0.953488
0.957849
0.959302
0.959302
0.963663
0.960756
0.960756
0.962209
0.965116
0.962209
0.965116
0.962209
0.963663
0.963663
0.963663
0.963663
0.963663
0.963663
0.963663
0.962209
0.966570
0.965116
0.965116
0.966570
0.966570
0.963663
0.965116
0.966570
0.963663
0.965116
0.965116
0.963663
0.963663
0.965116
0.965116
0.968023
0.966570
0.965116
0.969477
0.965116
0.968023
0.968023
0.965116
0.966570
0.969477
0.965116
0.966570
0.968023
0.969477
0.969477
0.966570
0.966570
0.966570
0.968023
0.966570
0.966570
0.970930
0.966570
0.966570
0.966570
0.970930
0.969477
