358.544281
292.423676
230.998795
174.948776
127.931412
93.991425
75.247658
66.323105
61.085621
57.839596
54.617931
51.466957
48.444118
46.004684
43.209644
41.513531
40.385544
38.515907
37.067257
35.440685
34.479073
33.168205
31.784634
30.080568
29.251530
27.934935
27.372808
26.131744
25.585520
24.851959
24.111019
22.591816
22.942129
21.811974
22.154964
21.422407
21.062792
20.740538
20.565130
20.759756
20.550056
20.177773
19.844702
19.689138
19.682041
19.532684
19.061701
19.027925
18.651640
18.176077
17.993069
17.320845
17.193853
16.469536
16.323851
16.065638
15.891540
15.088521
15.079865
14.576632
14.243387
14.013762
13.473315
12.908281
12.652974
12.498518
12.303676
12.079354
11.625916
11.383687
10.981884
10.724574
10.535929
10.456469
10.164310
10.087581
9.626971
9.718791
9.535480
9.332066
9.123242
9.124139
8.733295
8.626902
8.495371
8.358338
8.245474
8.085678
7.952687
7.803652
7.504892
7.506813
7.239843
7.274745
7.144376
6.912857
6.914615
6.729311
6.648404
6.635954
6.531300
6.225661
6.165614
6.146513
5.982313
6.052037
5.807962
5.812984
5.789937
5.638801
5.452195
5.318738
5.385291
5.339279
5.218577
5.159615
5.114952
4.869580
4.892835
4.838943
4.764719
4.653113
4.529762
4.504355
4.315494
4.285817
4.295476
4.099831
4.167560
4.025948
3.967307
3.893139
3.852007
3.684926
3.743386
3.604247
3.649334
3.478799
3.492764
3.510388
3.294946
3.310916
3.314176
3.162030
3.182421
3.017669
3.071206
2.985739
2.885121
2.798192
2.798713
2.780222
2.699726
2.654974
2.596258
2.532076
2.495796
2.491797
2.448976
2.420155
2.349553
2.306846
2.307725
2.198253
2.195714
2.171564
2.101558
2.048299
2.029750
1.973592
1.975845
1.945704
1.922561
1.872741
1.868031
1.833076
1.784680
1.745597
1.712370
1.673028
1.649912
1.632196
1.592000
1.552323
1.556443
1.488586
1.480957
1.476971
1.438592
1.422094
1.404089
1.386829
1.360744
1.346901
1.326442
1.296544
1.307670
1.261252
1.251394
1.226805
1.214934
1.194080
1.184723
1.172420
1.143481
1.125794
1.117850
1.116336
1.092099
1.081891
1.060753
1.047728
1.028717
1.014959
1.012726
0.979097
0.975192
0.950053
0.943905
0.944161
0.932470
0.907422
0.896384
0.884324
0.872712
0.863126
0.839806
0.831045
0.832230
0.809589
0.807340
0.798222
0.780330
0.771821
0.747563
0.743081
0.739142
0.725827
0.710212
0.708688
0.694952
0.679026
0.667131
0.658774
0.648669
0.631204
0.621578
0.607702
0.604582
0.592781
0.582329
0.575731
0.568701
0.556451
0.546343
0.537704
0.537921
0.538660
0.516255
0.509246
0.496998
0.488680
0.487075
0.473539
0.476396
0.463705
0.451787
0.446829
0.444261
0.441499
0.430301
0.420589
0.416986
0.411067
0.401196
0.399824
0.389425
0.388193
0.379822
0.381296
0.376231
0.366631
0.361647
0.357201
0.351574
0.348846
0.346778
0.344044
0.339393
0.333564
0.326631
0.330060
0.317857
0.316798
0.313903
0.310221
0.302533
0.300386
0.296434
0.294937
0.289860
0.286651
0.287129
0.281555
0.279942
0.276439
0.267907
0.272888
0.265648
0.260979
0.259971
0.260325
0.253797
0.253645
0.249862
0.248270
0.244906
0.240927
0.238716
0.236963
0.236594
0.237552
0.229681
0.230312
0.228432
0.226305
0.221126
0.222074
0.216733
0.217454
0.213387
0.210901
0.207064
0.204886
0.205205
0.201280
0.198967
0.196259
0.198290
0.192865
0.190564
0.193599
0.188874
0.185483
0.181339
0.181764
0.179155
0.177266
0.178097
0.176636
0.175033
0.173813
0.169430
0.168061
0.164714
0.164741
0.161544
0.159034
0.159156
0.159327
0.158324
0.153773
0.151925
0.151769
0.151120
0.147761
0.145525
0.145695
0.144092
0.142923
0.141534
0.138163
0.138306
0.137293
0.136990
0.134543
0.134201
0.131478
0.130833
0.130340
0.127836
0.125046
0.126810
0.124328
0.122572
0.122592
0.123010
0.118927
0.117642
0.116887
0.116627
0.114044
0.113158
0.112239
0.111343
0.108993
0.108415
0.108482
0.108726
0.107430
