0.416828
0.542553
0.621857
0.688588
0.734043
0.777563
0.821083
0.840426
0.867505
0.894584
0.912959
0.920696
0.928433
0.930368
0.938104
0.938104
0.944874
0.950677
0.959381
0.957447
0.964217
0.974855
0.975822
0.975822
0.979691
0.976789
0.980658
0.984526
0.987427
0.987427
0.989362
0.990329
0.990329
0.990329
0.985493
0.990329
0.991296
0.990329
0.991296
0.990329
0.991296
0.990329
0.990329
0.990329
0.990329
0.990329
0.988395
0.991296
0.990329
0.991296
0.989362
0.990329
0.990329
0.991296
0.989362
0.987427
0.990329
0.990329
0.989362
0.989362
0.986460
0.990329
0.988395
0.988395
0.989362
0.988395
0.991296
0.988395
0.988395
0.991296
0.988395
0.990329
0.990329
0.990329
0.990329
0.990329
0.988395
0.990329
0.988395
0.989362
0.989362
0.989362
0.990329
0.990329
0.987427
0.989362
0.989362
0.989362
0.988395
0.989362
0.989362
0.988395
0.987427
0.988395
0.990329
0.989362
0.987427
0.991296
0.990329
0.991296
0.991296
0.988395
0.991296
0.988395
0.991296
0.992263
0.992263
0.992263
0.989362
0.994197
0.993230
0.991296
0.992263
0.992263
0.993230
0.992263
0.994197
0.994197
0.994197
0.994197
0.993230
0.995164
0.995164
0.994197
0.994197
0.994197
0.997099
0.998066
0.997099
0.997099
0.998066
0.997099
0.997099
0.996132
0.997099
0.996132
0.997099
0.998066
0.997099
0.998066
0.998066
0.999033
0.999033
0.998066
0.999033
0.998066
0.998066
0.999033
0.999033
0.998066
0.999033
0.999033
0.999033
0.999033
0.999033
0.999033
0.998066
0.998066
0.999033
0.999033
0.999033
0.999033
0.999033
0.999033
0.999033
0.999033
0.998066
0.999033
0.999033
0.999033
0.999033
0.999033
0.999033
0.999033
0.999033
0.999033
0.998066
0.999033
0.999033
0.999033
0.999033
0.999033
0.999033
0.999033
0.999033
0.999033
0.999033
0.999033
0.999033
0.999033
0.999033
0.999033
0.999033
0.999033
0.999033
0.999033
0.999033
0.999033
0.998066
0.999033
0.999033
0.999033
0.999033
0.999033
0.999033
0.999033
0.999033
0.999033
0.999033
0.999033
0.999033
0.998066
0.999033
0.996132
0.999033
0.999033
0.999033
0.999033
0.999033
0.998066
0.999033
0.999033
0.997099
0.999033
0.999033
0.999033
0.999033
0.999033
0.999033
0.999033
0.999033
0.997099
0.999033
0.999033
0.998066
0.999033
0.998066
0.999033
0.999033
0.999033
