958.141418
830.006042
729.648926
645.583008
573.543640
510.569916
454.854614
405.745270
362.267914
323.770569
289.618347
259.325806
232.397537
208.442047
187.139236
168.171478
151.253464
136.171097
122.699928
110.662094
99.889267
90.252029
81.614868
73.872513
66.921631
60.682823
55.071705
50.020603
45.472019
41.371769
37.673180
34.332706
31.313690
28.583815
26.113825
23.874403
21.845016
20.002983
18.330412
16.809837
15.426473
14.167051
13.019577
11.973948
11.019263
10.147997
9.352142
8.624082
7.958445
7.349139
6.790380
6.279040
5.809799
5.379008
4.983620
4.620814
4.287140
3.980206
3.698099
3.438522
3.199854
2.979261
2.776245
2.589026
2.415728
2.256455
2.108369
1.972237
1.846063
1.729673
1.622496
1.523106
1.431237
1.345891
1.267034
1.193810
1.125960
1.062773
1.003847
0.949569
0.898983
0.852226
0.808835
0.768272
0.730885
0.695780
0.662877
0.632277
0.603130
0.576564
0.550803
0.527184
0.504973
0.484276
0.465019
0.446518
0.429717
0.413350
0.398512
0.384058
0.370769
0.358139
0.345996
0.334799
0.324483
0.314313
0.304510
0.295605
0.287593
0.278782
0.271060
0.263982
0.257806
0.250327
0.244168
0.238223
0.232310
0.227117
0.221909
0.216715
0.212173
0.207671
0.204159
0.198933
0.195021
0.191091
0.186790
0.183098
0.179617
0.176306
0.173407
0.170512
0.167417
0.164777
0.161960
0.159853
0.156897
0.154539
0.152213
0.149974
0.147416
0.145664
0.143479
0.141893
0.139899
0.138211
0.136146
0.135225
0.132972
0.132289
0.129848
0.128392
0.127090
0.125420
0.124724
0.123100
0.122454
0.120395
0.119026
0.117731
0.116130
0.114888
0.113539
0.112768
0.111575
0.110266
0.112162
0.108022
0.107542
0.105587
0.104742
0.103742
0.103551
0.101747
0.102042
0.100255
0.100525
0.097706
0.097044
0.095808
0.095071
0.093814
0.093362
0.093227
0.091403
0.091650
0.091012
0.088915
0.089464
0.087286
0.086144
0.085337
0.085664
0.084002
0.083338
0.082605
0.082314
0.081952
0.080637
0.080270
0.079708
0.078911
0.077895
0.078007
0.076111
0.077983
0.075588
0.074496
0.074038
0.073136
0.074110
0.072945
0.072497
0.076892
0.071039
0.070653
0.069460
0.070592
0.068929
0.068566
0.068110
0.067276
0.070739
0.066855
0.065443
0.065587
0.064868
0.063893
0.064003
0.064357
0.063046
0.064748
0.063979
0.061448
0.062643
0.060951
0.063714
0.061315
0.060434
0.059158
