983.883301
859.928345
770.314880
693.444153
625.380310
564.970947
511.193817
462.927856
419.798737
380.900513
345.862701
314.432007
286.115387
260.555115
237.454132
216.611115
197.767822
180.721329
165.273361
151.272842
138.562683
127.027840
116.536873
106.994217
98.303741
90.378090
83.149933
76.557114
70.527306
65.011978
59.967964
55.340752
51.101128
47.214756
43.639549
40.355255
37.337284
34.563026
32.004597
29.650719
27.475361
25.474417
23.627592
21.923214
20.350552
18.894682
17.549149
16.306549
15.157644
14.094424
13.106692
12.194636
11.349060
10.567607
9.841584
9.170644
8.549843
7.973310
7.439602
6.946533
6.486905
6.062124
5.666331
5.300609
4.960986
4.646207
4.353162
4.081941
3.829120
3.594887
3.377357
3.175196
2.988222
2.814367
2.651417
2.500903
2.360330
2.229253
2.106734
1.992969
1.886982
1.787878
1.695582
1.609500
1.528673
1.453299
1.382468
1.316072
1.254209
1.195689
1.140872
1.089469
1.040917
0.994848
0.952579
0.911313
0.872900
0.836524
0.802029
0.769645
0.738201
0.709097
0.681124
0.654572
0.629739
0.605472
0.582590
0.560818
0.540228
0.520596
0.502037
0.484127
0.466827
0.450732
0.435123
0.420162
0.406354
0.392646
0.381187
0.367226
0.355323
0.343085
0.331853
0.320697
0.310605
0.300936
0.291138
0.284123
0.274702
0.266903
0.258188
0.251947
0.244229
0.236943
0.231243
0.226280
0.219617
0.214254
0.207942
0.203457
0.207096
0.194295
0.191241
0.185483
0.181057
0.179727
0.173695
0.170011
0.166618
0.163642
0.160038
0.156920
0.153801
0.151253
0.149141
0.145124
0.145476
0.141055
0.140811
0.136363
0.136990
0.131946
0.130656
0.130779
0.129058
0.125066
0.124320
0.121521
0.124556
0.119781
0.117225
0.116050
0.115126
0.113530
0.111586
0.110950
0.111309
0.108798
0.108273
0.108060
0.106425
0.104468
0.104802
0.103024
0.102264
0.102679
0.099636
0.099263
0.098582
0.097810
0.097568
0.097964
0.094644
0.094127
0.094244
0.092399
0.092710
0.091875
0.091348
0.089021
0.089919
0.088701
0.086918
0.086824
0.085891
0.086221
0.084164
0.083317
0.083125
0.084531
0.082304
0.081690
0.081632
0.081227
0.080315
0.080160
0.078439
0.079076
0.078564
0.083004
0.077358
0.076280
0.074632
0.074566
0.074665
0.074297
0.073906
0.073955
0.072207
0.072850
0.073864
0.071003
0.069951
0.069943
0.069521
0.070059
0.069150
0.067608
0.068030
0.067892
