0.349130
0.511605
0.622824
0.699226
0.748549
0.791103
0.814313
0.830754
0.845261
0.863636
0.880077
0.885880
0.901354
0.913926
0.925532
0.937137
0.940039
0.953578
0.958414
0.959381
0.956480
0.960348
0.967118
0.964217
0.968085
0.970986
0.972921
0.974855
0.975822
0.975822
0.973888
0.979691
0.983559
0.981625
0.982592
0.986460
0.987427
0.986460
0.985493
0.984526
0.989362
0.986460
0.989362
0.988395
0.989362
0.991296
0.991296
0.990329
0.990329
0.988395
0.991296
0.992263
0.992263
0.991296
0.994197
0.992263
0.992263
0.992263
0.992263
0.992263
0.993230
0.991296
0.992263
0.991296
0.992263
0.992263
0.993230
0.993230
0.992263
0.992263
0.993230
0.992263
0.993230
0.992263
0.992263
0.992263
0.992263
0.992263
0.993230
0.992263
0.991296
0.993230
0.993230
0.991296
0.991296
0.990329
0.991296
0.990329
0.989362
0.991296
0.989362
0.991296
0.991296
0.989362
0.989362
0.989362
0.989362
0.990329
0.989362
0.990329
0.990329
0.990329
0.988395
0.990329
0.989362
0.990329
0.989362
0.990329
0.990329
0.989362
0.990329
0.989362
0.990329
0.989362
0.991296
0.989362
0.989362
0.989362
0.989362
0.989362
0.989362
0.991296
0.990329
0.992263
0.990329
0.991296
0.992263
0.992263
0.995164
0.992263
0.994197
0.994197
0.992263
0.996132
0.996132
0.997099
0.994197
0.995164
0.997099
0.994197
0.994197
0.995164
0.995164
0.995164
0.997099
0.996132
0.996132
0.998066
0.997099
0.994197
0.997099
0.997099
0.998066
0.998066
0.997099
0.998066
0.993230
0.998066
0.996132
0.997099
0.995164
0.998066
0.998066
0.996132
0.996132
0.999033
0.997099
0.999033
0.994197
0.997099
0.999033
0.999033
0.999033
0.999033
0.999033
0.998066
0.997099
0.999033
0.998066
0.997099
0.998066
0.999033
0.999033
0.999033
0.998066
0.999033
0.999033
0.999033
0.999033
0.999033
0.998066
0.998066
0.999033
0.999033
0.999033
0.999033
0.998066
0.999033
0.999033
0.999033
0.996132
0.999033
0.999033
0.998066
0.999033
0.998066
0.999033
0.999033
0.999033
0.999033
0.999033
0.999033
0.999033
0.999033
0.999033
0.999033
0.999033
0.998066
0.998066
0.997099
0.998066
0.999033
0.999033
0.999033
0.998066
0.999033
0.999033
0.998066
0.999033
0.999033
0.999033
0.999033
0.999033
0.999033
0.999033
0.999033
1.000000
0.999033
1.000000
0.999033
