0.464217
0.596712
0.706963
0.753385
0.787234
0.807544
0.832689
0.854932
0.863636
0.885880
0.904255
0.915861
0.926499
0.931335
0.942940
0.948743
0.951644
0.953578
0.959381
0.964217
0.962282
0.971954
0.970986
0.971954
0.973888
0.977756
0.975822
0.979691
0.980658
0.983559
0.981625
0.984526
0.981625
0.983559
0.987427
0.987427
0.986460
0.988395
0.985493
0.986460
0.989362
0.988395
0.987427
0.990329
0.990329
0.991296
0.990329
0.990329
0.992263
0.995164
0.992263
0.994197
0.996132
0.995164
0.996132
0.994197
0.997099
0.995164
0.997099
0.997099
0.994197
0.994197
0.999033
0.998066
0.997099
0.998066
0.997099
0.998066
0.997099
0.997099
0.998066
0.999033
0.998066
0.998066
0.999033
0.999033
0.999033
0.998066
0.999033
0.999033
0.999033
0.998066
0.999033
0.998066
0.998066
0.999033
0.999033
0.999033
0.998066
0.998066
0.998066
0.998066
0.997099
0.999033
0.997099
0.998066
0.998066
0.997099
0.998066
0.999033
0.998066
0.998066
0.997099
0.999033
0.997099
0.999033
0.998066
0.998066
0.999033
0.997099
0.998066
0.997099
0.999033
0.998066
0.998066
0.999033
0.997099
0.997099
0.999033
0.999033
0.998066
0.999033
0.999033
0.999033
0.999033
0.999033
0.999033
0.999033
0.999033
0.998066
0.999033
0.999033
0.999033
0.999033
0.999033
0.999033
0.999033
0.999033
0.999033
0.999033
0.999033
0.998066
0.998066
0.999033
0.999033
0.998066
0.999033
0.999033
0.998066
0.999033
0.999033
0.998066
0.998066
0.999033
0.999033
0.999033
0.998066
0.999033
0.998066
0.998066
0.999033
0.999033
0.999033
0.997099
0.999033
0.999033
0.999033
0.999033
0.999033
1.000000
0.999033
0.999033
0.998066
0.999033
0.999033
0.999033
0.999033
0.999033
0.999033
0.999033
0.999033
0.999033
0.999033
0.998066
0.999033
0.999033
0.999033
0.999033
0.999033
0.999033
0.999033
0.999033
0.999033
0.999033
0.999033
1.000000
0.999033
0.999033
1.000000
0.999033
1.000000
1.000000
0.999033
1.000000
0.999033
1.000000
0.999033
1.000000
0.999033
0.999033
1.000000
0.999033
1.000000
1.000000
0.999033
0.999033
1.000000
0.999033
0.999033
0.999033
0.999033
0.999033
1.000000
0.999033
1.000000
0.999033
0.999033
0.999033
1.000000
0.999033
0.999033
1.000000
0.999033
1.000000
0.999033
0.999033
1.000000
1.000000
1.000000
1.000000
