955.379639
837.663147
743.439209
661.460999
589.078125
524.736206
467.701172
417.113373
372.188965
332.301727
296.873138
265.367096
237.376648
212.435486
190.234924
170.481995
152.878677
137.189026
123.185692
110.710037
99.562347
89.604507
80.714310
72.754379
65.632240
59.261208
53.546284
48.423748
43.829807
39.705315
35.999550
32.668770
29.673615
26.974926
24.543074
22.353218
20.377159
18.589220
16.977627
15.518462
14.200363
13.003825
11.921194
10.940111
10.049563
9.238909
8.503860
7.834642
7.225121
6.671155
6.164927
5.703231
5.282001
4.897873
4.546092
4.226010
3.931812
3.663202
3.415872
3.189478
2.981785
2.790821
2.614043
2.451921
2.302403
2.164693
2.037507
1.919243
1.809537
1.707637
1.613080
1.525321
1.443815
1.368088
1.297054
1.230728
1.168805
1.110864
1.056474
1.005359
0.957531
0.912523
0.870220
0.830161
0.792669
0.757149
0.723671
0.692219
0.662063
0.633668
0.606925
0.581179
0.557118
0.534245
0.512620
0.492352
0.472917
0.454606
0.437088
0.420502
0.404976
0.390283
0.376258
0.362896
0.350508
0.338467
0.327237
0.316407
0.306255
0.297139
0.287512
0.279062
0.270605
0.262670
0.255092
0.247614
0.240919
0.235294
0.228795
0.223107
0.217844
0.212775
0.207680
0.203205
0.198646
0.194569
0.190432
0.186721
0.182987
0.179725
0.176605
0.172978
0.169841
0.166930
0.164055
0.161277
0.158493
0.155820
0.153265
0.151330
0.148597
0.146504
0.144658
0.143020
0.140097
0.138422
0.136772
0.134793
0.132921
0.131115
0.129888
0.127871
0.128035
0.124607
0.123421
0.121862
0.120306
0.118805
0.117241
0.115640
0.114443
0.113166
0.111871
0.110761
0.109758
0.107619
0.107930
0.104489
0.103475
0.104897
0.102124
0.101209
0.099458
0.098986
0.097110
0.096046
0.094997
0.095242
0.093862
0.093046
0.091532
0.090202
0.089318
0.089854
0.087607
0.086799
0.086229
0.086153
0.085029
0.085285
0.082863
0.083328
0.082072
0.082253
0.079754
0.080992
0.078837
0.078752
0.078196
0.077133
0.077920
0.076357
0.076220
0.074764
0.074767
0.073111
0.072895
0.072200
0.071560
0.071133
0.071373
0.070442
0.069720
0.070177
0.068435
0.067934
0.067348
0.067392
0.066182
0.066228
0.065800
0.068146
0.064702
0.064849
0.063877
0.063434
0.063682
0.062351
0.061916
0.061119
0.062660
0.060141
0.060466
0.060025
0.062708
0.059017
0.060483
0.058018
0.058197
0.057827
