0.415861
0.561896
0.605416
0.720503
0.748549
0.784333
0.798839
0.825919
0.835590
0.850097
0.858801
0.879110
0.890716
0.907157
0.915861
0.918762
0.933269
0.934236
0.944874
0.941973
0.947776
0.954545
0.961315
0.964217
0.964217
0.967118
0.974855
0.976789
0.974855
0.980658
0.980658
0.981625
0.983559
0.988395
0.990329
0.988395
0.989362
0.992263
0.992263
0.994197
0.994197
0.993230
0.994197
0.994197
0.994197
0.993230
0.994197
0.994197
0.995164
0.996132
0.995164
0.995164
0.996132
0.995164
0.995164
0.995164
0.996132
0.996132
0.996132
0.996132
0.995164
0.996132
0.995164
0.996132
0.996132
0.996132
0.996132
0.999033
0.996132
0.996132
0.996132
0.996132
0.996132
0.996132
0.995164
0.995164
0.996132
0.997099
0.996132
0.996132
0.997099
0.994197
0.994197
0.994197
0.995164
0.994197
0.995164
0.996132
0.997099
0.995164
0.995164
0.995164
0.995164
0.994197
0.996132
0.995164
0.995164
0.995164
0.996132
0.994197
0.995164
0.995164
0.995164
0.995164
0.995164
0.995164
0.994197
0.995164
0.995164
0.995164
0.994197
0.996132
0.994197
0.995164
0.993230
0.994197
0.992263
0.993230
0.993230
0.994197
0.994197
0.995164
0.995164
0.993230
0.994197
0.994197
0.993230
0.993230
0.995164
0.994197
0.994197
0.993230
0.992263
0.996132
0.995164
0.994197
0.994197
0.994197
0.996132
0.993230
0.996132
0.995164
0.994197
0.994197
0.995164
0.993230
0.994197
0.995164
0.995164
0.994197
0.993230
0.997099
0.995164
0.996132
0.995164
0.996132
0.993230
0.994197
0.997099
0.995164
0.995164
0.998066
0.996132
0.996132
0.996132
0.997099
0.997099
0.995164
0.997099
0.997099
0.997099
0.997099
0.998066
0.997099
0.998066
0.999033
0.998066
0.996132
0.998066
0.996132
0.998066
0.994197
0.996132
0.996132
0.998066
0.994197
0.999033
0.998066
0.998066
0.996132
0.996132
0.999033
0.998066
0.998066
0.999033
0.999033
0.999033
0.996132
0.996132
0.999033
0.999033
0.998066
0.999033
0.997099
0.999033
0.998066
0.998066
0.998066
0.999033
0.997099
0.998066
0.997099
0.997099
0.999033
0.997099
0.998066
0.997099
0.998066
1.000000
0.999033
0.999033
0.998066
0.999033
0.999033
0.999033
0.999033
0.999033
0.999033
0.999033
0.999033
0.995164
0.997099
0.999033
0.998066
0.999033
0.999033
0.999033
0.999033
0.999033
0.998066
