1001.643494
900.876343
820.080627
749.307373
687.363281
631.718384
581.190430
535.166809
493.297882
455.035858
420.211823
388.328522
359.232361
332.529877
308.151947
285.739868
265.154297
246.241653
228.777191
212.694656
197.857574
184.145630
171.460663
159.727036
148.836395
138.752579
129.376511
120.669762
112.583328
105.050468
98.042557
91.506538
85.413971
79.732880
74.435944
69.490425
64.873444
60.561478
56.534317
52.774883
49.257431
45.975426
42.905247
40.036873
37.355118
34.849751
32.508102
30.319500
28.276028
26.365927
24.581266
22.914434
21.361973
19.910145
18.554571
17.291014
16.114811
15.011694
13.986211
13.031337
12.143288
11.311773
10.543444
9.821532
9.153356
8.532225
7.952217
7.415376
6.914257
6.450207
6.018147
5.617954
5.248940
4.900755
4.581086
4.285796
4.007475
3.753063
3.515357
3.293777
3.091627
2.901493
2.727183
2.563484
2.413971
2.272366
2.141814
2.021913
1.910364
1.804890
1.708408
1.619475
1.534409
1.457749
1.384262
1.316403
1.255279
1.194486
1.139868
1.088043
1.039960
0.998177
0.951700
0.912142
0.875378
0.840424
0.805786
0.774596
0.743957
0.715480
0.688307
0.662687
0.645077
0.616314
0.594382
0.572880
0.561014
0.533700
0.517504
0.497965
0.482435
0.465854
0.453582
0.435428
0.422404
0.408736
0.395921
0.383175
0.372537
0.362706
0.350302
0.339770
0.329161
0.320250
0.311862
0.302816
0.292256
0.284000
0.277109
0.268701
0.261606
0.255016
0.248192
0.240996
0.235499
0.234504
0.223163
0.218024
0.211887
0.211163
0.206983
0.199691
0.192639
0.189825
0.185829
0.181909
0.178917
0.173493
0.170621
0.167252
0.164713
0.161227
0.158584
0.157762
0.152816
0.150820
0.147625
0.150290
0.143377
0.141582
0.138567
0.136724
0.134117
0.131737
0.130435
0.127874
0.127043
0.125833
0.123055
0.122101
0.120023
0.124758
0.120167
0.116438
0.114222
0.118219
0.112924
0.110613
0.111604
0.109779
0.109800
0.108791
0.105083
0.103901
0.103443
0.101942
0.100872
0.101624
0.100740
0.098030
0.097507
0.099017
0.095597
0.096011
0.094046
0.092699
0.092697
0.091318
0.090932
0.090686
0.089148
0.088569
0.088501
0.087673
0.088231
0.085324
0.085311
0.084749
0.085737
0.082501
0.081584
0.082868
0.079977
0.080260
0.080307
0.079538
0.078948
0.077667
0.077742
0.076365
0.113880
0.085154
0.079713
0.077766
0.076548
0.075916
0.075160
0.074137
0.073807
0.073637
