1013.456909
869.260864
782.185913
704.323364
638.060303
579.664856
528.051819
481.988190
440.619690
403.388641
369.856201
339.590881
312.172943
287.306427
264.776184
244.291809
225.596283
208.585617
193.062454
178.829117
165.804260
153.871262
142.880234
132.787277
123.470047
114.886017
106.964668
99.638435
92.849327
86.562576
80.730316
75.314919
70.280655
65.606186
61.247284
57.193008
53.412148
49.888786
46.600437
43.531158
40.667679
37.997746
35.500225
33.163357
30.986757
28.948547
27.041861
25.262482
23.601332
22.045292
20.592365
19.233942
17.964962
16.779718
15.672268
14.637499
13.671070
12.768333
11.925694
11.138441
10.403888
9.718601
9.079050
8.483572
7.926266
7.407279
6.924434
6.472373
6.052496
5.659791
5.296010
4.956089
4.639640
4.345271
4.069698
3.814168
3.576909
3.354659
3.147875
2.956094
2.776742
2.610533
2.455740
2.311435
2.176332
2.050701
1.933515
1.823385
1.721708
1.626905
1.538733
1.456044
1.378609
1.306543
1.239039
1.175930
1.118422
1.062583
1.010297
0.961312
0.916393
0.873018
0.832942
0.795226
0.759975
0.726366
0.697032
0.665272
0.637416
0.611371
0.585325
0.561785
0.538600
0.517709
0.497149
0.478197
0.460600
0.442358
0.425729
0.410038
0.395261
0.381178
0.365500
0.352618
0.340218
0.329588
0.315826
0.305807
0.295560
0.288521
0.274939
0.266201
0.257213
0.248679
0.241711
0.234085
0.227808
0.220431
0.212991
0.208501
0.200759
0.195216
0.190124
0.185420
0.180250
0.177007
0.171971
0.170777
0.162636
0.158935
0.158945
0.153150
0.149630
0.145996
0.144855
0.140917
0.138250
0.137227
0.132560
0.131714
0.131473
0.127386
0.123809
0.123553
0.122120
0.119228
0.117116
0.116962
0.113856
0.115234
0.113527
0.110276
0.108669
0.109038
0.106032
0.105835
0.107109
0.102279
0.102364
0.100251
0.098967
0.098432
0.097059
0.095573
0.097122
0.093749
0.101520
0.091848
0.090602
0.091435
0.089100
0.088826
0.088491
0.087076
0.085926
0.086759
0.084541
0.084294
0.083631
0.081730
0.081442
0.079778
0.079640
0.079453
0.079938
0.077470
0.076422
0.077347
0.076267
0.075950
0.075370
0.074183
0.073981
0.074071
0.071613
0.073416
0.071602
0.070782
0.069967
0.068494
0.068417
0.067744
0.070364
0.066245
0.066361
0.067228
0.065637
0.066387
0.065459
0.065482
0.064784
0.063102
0.064455
0.063329
0.062219
0.060808
0.063656
0.061272
0.059761
0.060017
