0.337524
0.544487
0.638298
0.715667
0.764990
0.816248
0.836557
0.847195
0.864603
0.880077
0.890716
0.900387
0.906190
0.914894
0.922631
0.929400
0.940039
0.950677
0.947776
0.945841
0.958414
0.959381
0.970019
0.972921
0.971954
0.978723
0.978723
0.974855
0.974855
0.980658
0.980658
0.983559
0.986460
0.984526
0.991296
0.988395
0.986460
0.989362
0.991296
0.995164
0.993230
0.994197
0.992263
0.996132
0.995164
0.992263
0.993230
0.995164
0.996132
0.997099
0.998066
0.998066
0.999033
0.997099
0.997099
0.998066
0.998066
0.998066
0.997099
0.999033
0.997099
0.996132
0.996132
0.996132
0.997099
0.997099
0.996132
0.999033
0.997099
0.998066
0.997099
0.999033
0.998066
0.997099
0.998066
0.999033
0.998066
0.998066
0.998066
0.998066
0.998066
0.997099
0.998066
0.996132
0.997099
0.997099
0.996132
0.994197
0.996132
0.996132
0.996132
0.998066
0.996132
0.997099
0.994197
0.996132
0.997099
0.993230
0.994197
0.996132
0.995164
0.996132
0.994197
0.996132
0.995164
0.994197
0.994197
0.995164
0.992263
0.994197
0.998066
0.996132
0.996132
0.995164
0.996132
0.994197
0.993230
0.997099
0.997099
0.998066
0.997099
0.996132
0.998066
0.998066
0.996132
0.996132
0.997099
0.996132
0.997099
0.992263
0.996132
0.997099
0.998066
0.997099
0.997099
0.999033
0.998066
0.997099
0.997099
0.996132
0.999033
0.999033
0.999033
0.998066
0.998066
0.998066
0.996132
0.996132
0.999033
0.999033
0.996132
0.998066
0.998066
0.999033
0.998066
0.999033
0.999033
0.995164
0.999033
0.998066
0.997099
0.999033
0.999033
0.998066
0.997099
0.999033
0.999033
0.998066
0.999033
0.998066
0.997099
0.999033
0.999033
0.998066
0.999033
0.998066
0.997099
0.999033
0.998066
0.999033
0.998066
0.998066
0.999033
0.999033
0.997099
0.999033
0.995164
0.999033
0.999033
0.999033
0.999033
0.999033
0.998066
0.998066
0.999033
0.999033
0.998066
0.999033
1.000000
0.999033
0.999033
0.999033
0.999033
0.999033
0.999033
0.999033
0.999033
1.000000
0.998066
0.998066
0.999033
0.999033
0.999033
0.998066
0.999033
0.998066
1.000000
0.999033
0.998066
0.999033
0.999033
0.999033
0.997099
0.999033
0.999033
0.999033
0.999033
0.998066
0.998066
0.999033
0.999033
0.999033
0.999033
0.999033
1.000000
1.000000
0.998066
0.998066
0.999033
0.999033
