963.804321
851.893799
760.870911
680.159180
609.349792
547.035522
491.538086
442.029602
397.881348
358.466309
323.118591
291.418030
263.002594
237.517075
214.632828
194.100220
175.660767
159.065430
144.169708
130.754608
118.667969
107.790901
97.985817
89.151199
81.168419
73.965210
67.460648
61.577785
56.259144
51.435863
47.068054
43.111191
39.523697
36.258915
33.300079
30.602156
28.148918
25.915562
23.879881
22.021439
20.324091
18.772516
17.353317
16.053722
14.862339
13.771090
12.769473
11.848579
11.002593
10.224915
9.510986
8.850210
8.243660
7.680017
7.160546
6.681695
6.240793
5.830968
5.452324
5.099441
4.777599
4.470369
4.189977
3.929327
3.688104
3.462989
3.258407
3.058407
2.876542
2.709102
2.549829
2.403208
2.265322
2.137705
2.019459
1.906150
1.799085
1.703886
1.609093
1.523802
1.443939
1.372838
1.296131
1.230451
1.167525
1.108844
1.054264
1.001987
0.952986
0.907817
0.862912
0.822595
0.784669
0.747945
0.714377
0.682022
0.651558
0.623512
0.595682
0.573037
0.546055
0.524711
0.501120
0.482261
0.461838
0.444178
0.426695
0.410811
0.395703
0.381638
0.368140
0.355101
0.344088
0.331922
0.320492
0.310549
0.301095
0.292073
0.283579
0.273964
0.266949
0.260035
0.252125
0.246767
0.240431
0.234881
0.228777
0.223723
0.218638
0.214308
0.209897
0.205239
0.200380
0.197214
0.193862
0.189436
0.187043
0.182978
0.180124
0.176821
0.174046
0.172984
0.169217
0.165791
0.163844
0.161983
0.160393
0.156639
0.154443
0.152630
0.151332
0.148790
0.146897
0.145585
0.144901
0.141571
0.141083
0.138888
0.136888
0.135926
0.133551
0.131817
0.131408
0.129267
0.128617
0.127412
0.130098
0.124636
0.123055
0.122952
0.120726
0.122230
0.118678
0.116916
0.117157
0.121147
0.113984
0.113484
0.112559
0.112173
0.110188
0.112645
0.108444
0.106987
0.107441
0.106500
0.105563
0.103915
0.103653
0.105646
0.101321
0.102594
0.099511
0.098312
0.098051
0.097762
0.095973
0.095417
0.094629
0.093189
0.093883
0.092668
0.091084
0.090860
0.089772
0.089431
0.088676
0.088360
0.087501
0.086269
0.087276
0.085927
0.085077
0.084625
0.083337
0.083355
0.084566
0.083198
0.080990
0.080226
0.081183
0.079871
0.079802
0.078664
0.077484
0.078005
0.076294
0.077806
0.081147
0.075452
0.074590
0.075442
0.074023
0.076144
0.073086
0.072848
0.073465
0.070789
0.070815
0.072335
