0.321083
0.502901
0.602515
0.690522
0.766925
0.815280
0.841393
0.869439
0.890716
0.900387
0.911025
0.923598
0.928433
0.928433
0.941973
0.949710
0.952611
0.955513
0.959381
0.961315
0.962282
0.964217
0.967118
0.967118
0.969052
0.971954
0.971954
0.971954
0.973888
0.976789
0.976789
0.977756
0.981625
0.985493
0.985493
0.990329
0.989362
0.989362
0.989362
0.993230
0.994197
0.992263
0.990329
0.988395
0.996132
0.993230
0.994197
0.996132
0.997099
0.995164
0.994197
0.996132
0.993230
0.994197
0.996132
0.997099
0.995164
0.995164
0.991296
0.994197
0.996132
0.996132
0.995164
0.993230
0.995164
0.996132
0.993230
0.994197
0.993230
0.993230
0.993230
0.993230
0.993230
0.994197
0.991296
0.992263
0.993230
0.993230
0.992263
0.994197
0.993230
0.992263
0.993230
0.991296
0.993230
0.993230
0.991296
0.993230
0.993230
0.993230
0.992263
0.991296
0.989362
0.990329
0.992263
0.991296
0.994197
0.993230
0.992263
0.990329
0.992263
0.991296
0.993230
0.990329
0.993230
0.992263
0.991296
0.993230
0.992263
0.994197
0.991296
0.991296
0.994197
0.994197
0.994197
0.991296
0.994197
0.992263
0.994197
0.992263
0.992263
0.993230
0.992263
0.990329
0.995164
0.995164
0.995164
0.993230
0.994197
0.995164
0.991296
0.995164
0.997099
0.994197
0.994197
0.995164
0.992263
0.996132
0.996132
0.998066
0.996132
0.997099
0.995164
0.998066
0.997099
0.996132
0.994197
0.997099
0.997099
0.997099
0.998066
0.998066
0.999033
0.998066
0.998066
0.999033
0.997099
0.996132
0.999033
0.998066
0.999033
0.999033
0.998066
0.999033
0.998066
0.998066
0.996132
0.999033
0.999033
0.999033
0.999033
0.999033
0.998066
0.999033
0.998066
0.996132
0.999033
0.999033
0.999033
0.998066
0.999033
0.997099
0.999033
0.999033
0.998066
0.999033
0.999033
0.999033
0.998066
0.996132
0.999033
0.998066
0.999033
0.999033
0.999033
0.999033
0.999033
0.999033
0.999033
0.999033
0.999033
0.999033
0.999033
0.999033
0.999033
0.999033
0.999033
0.998066
0.999033
0.999033
0.999033
0.999033
0.999033
0.999033
0.999033
0.999033
0.999033
0.998066
0.999033
0.999033
0.999033
0.999033
0.999033
0.999033
0.999033
0.999033
0.999033
0.999033
0.995164
0.999033
0.999033
0.999033
0.999033
0.996132
0.999033
0.999033
0.999033
0.999033
0.999033
0.999033
