0.520309
0.608317
0.663443
0.710832
0.744681
0.771760
0.801741
0.823985
0.849130
0.869439
0.881045
0.894584
0.911992
0.928433
0.932302
0.941973
0.948743
0.948743
0.959381
0.967118
0.970019
0.973888
0.975822
0.977756
0.979691
0.981625
0.981625
0.988395
0.986460
0.988395
0.988395
0.987427
0.991296
0.990329
0.994197
0.994197
0.992263
0.993230
0.991296
0.993230
0.993230
0.995164
0.994197
0.995164
0.994197
0.993230
0.994197
0.994197
0.995164
0.993230
0.995164
0.993230
0.996132
0.993230
0.993230
0.993230
0.995164
0.994197
0.991296
0.993230
0.992263
0.994197
0.991296
0.991296
0.992263
0.994197
0.991296
0.993230
0.990329
0.991296
0.992263
0.991296
0.991296
0.991296
0.991296
0.989362
0.990329
0.992263
0.990329
0.989362
0.991296
0.991296
0.992263
0.992263
0.989362
0.990329
0.989362
0.987427
0.988395
0.989362
0.989362
0.987427
0.990329
0.992263
0.991296
0.990329
0.992263
0.991296
0.993230
0.990329
0.990329
0.992263
0.992263
0.990329
0.994197
0.992263
0.992263
0.991296
0.993230
0.993230
0.993230
0.991296
0.992263
0.994197
0.992263
0.992263
0.992263
0.994197
0.995164
0.994197
0.993230
0.995164
0.992263
0.994197
0.993230
0.994197
0.995164
0.993230
0.997099
0.993230
0.994197
0.995164
0.992263
0.994197
0.995164
0.994197
0.994197
0.995164
0.992263
0.995164
0.995164
0.994197
0.996132
0.997099
0.995164
0.996132
0.997099
0.994197
0.994197
0.997099
0.995164
0.997099
0.998066
0.996132
0.994197
0.995164
0.998066
0.996132
0.996132
0.998066
0.997099
0.996132
0.999033
0.996132
0.997099
0.996132
0.998066
0.997099
0.998066
0.997099
0.994197
0.997099
0.999033
0.999033
0.994197
0.996132
0.998066
0.999033
0.999033
0.998066
0.998066
0.996132
0.997099
0.998066
0.999033
0.999033
0.995164
0.998066
0.998066
0.999033
0.998066
0.997099
0.999033
0.998066
0.999033
0.999033
0.999033
0.999033
0.999033
0.999033
0.995164
0.998066
0.999033
0.999033
0.999033
0.998066
0.999033
0.999033
0.996132
0.998066
0.998066
0.998066
0.999033
0.998066
0.998066
0.999033
0.999033
0.998066
0.999033
0.998066
0.999033
0.999033
0.998066
0.998066
0.999033
0.999033
0.997099
0.999033
0.999033
0.999033
0.999033
0.999033
0.999033
0.999033
0.998066
0.999033
0.999033
0.999033
0.999033
0.998066
