965.867310
860.122498
769.008545
689.418884
618.912292
555.585205
498.931976
448.338318
403.079376
362.428894
325.969208
293.213745
263.835602
237.414474
213.711365
192.369232
173.212860
155.989899
140.476852
126.529510
113.989082
102.708275
92.561813
83.427742
75.211975
67.820580
61.162128
55.172878
49.786194
44.935562
40.573997
36.649628
33.114491
29.935173
27.069904
24.495743
22.180832
20.094967
18.220074
16.532219
15.012339
13.643742
12.413831
11.306150
10.306904
9.409334
8.599456
7.869880
7.212701
6.619825
6.084176
5.601809
5.165829
4.771057
4.415197
4.091054
3.797231
3.532137
3.291222
3.071204
2.868994
2.686822
2.520683
2.366115
2.225798
2.096522
1.980723
1.868918
1.770172
1.675869
1.588827
1.510972
1.436639
1.365607
1.300140
1.242350
1.182611
1.129953
1.082577
1.034486
0.986911
0.946236
0.903794
0.865866
0.829704
0.796095
0.766165
0.741474
0.703591
0.675761
0.652772
0.630012
0.600816
0.576436
0.556206
0.534724
0.516552
0.496601
0.477890
0.461938
0.444451
0.430907
0.413546
0.402952
0.386761
0.375531
0.361527
0.351273
0.339708
0.329010
0.319640
0.311338
0.301005
0.293040
0.285010
0.278157
0.272177
0.264289
0.257906
0.250917
0.246032
0.239783
0.237361
0.231753
0.226131
0.220915
0.217710
0.211474
0.208110
0.205807
0.200296
0.197498
0.198101
0.191421
0.189897
0.184828
0.181352
0.178584
0.177547
0.175006
0.171814
0.170732
0.170374
0.166435
0.164659
0.160459
0.159528
0.159279
0.158470
0.152893
0.152133
0.148877
0.148535
0.146987
0.148808
0.142858
0.141228
0.140478
0.139248
0.136889
0.136079
0.134672
0.134289
0.135641
0.131154
0.131588
0.127357
0.127413
0.126622
0.125685
0.127063
0.122141
0.120689
0.119587
0.123165
0.118787
0.117370
0.116432
0.114482
0.116076
0.112769
0.113668
0.112795
0.112023
0.108468
0.107783
0.112699
0.106690
0.108440
0.104034
0.103864
0.103878
0.102512
0.102524
0.102689
0.101353
0.099245
0.099148
0.097531
0.098213
0.102291
0.098556
0.094852
0.093488
0.093726
0.093276
0.092650
0.092999
0.093868
0.092385
0.089916
0.089133
0.088022
0.089387
0.088309
0.086509
0.085906
0.086197
0.085657
0.090376
0.083477
0.084295
0.083470
0.083938
0.081438
0.080627
0.084693
0.081029
0.078958
0.079839
0.078905
0.077198
0.076759
0.077277
0.078590
0.075851
0.074898
0.075273
0.074296
0.075695
