0.371373
0.532882
0.623791
0.686654
0.695358
0.778530
0.788201
0.839458
0.845261
0.852031
0.869439
0.875242
0.873308
0.895551
0.895551
0.903288
0.935203
0.937137
0.943907
0.951644
0.955513
0.958414
0.957447
0.965184
0.964217
0.968085
0.972921
0.968085
0.974855
0.975822
0.980658
0.973888
0.977756
0.977756
0.978723
0.978723
0.980658
0.985493
0.984526
0.984526
0.987427
0.982592
0.992263
0.990329
0.989362
0.989362
0.992263
0.992263
0.991296
0.990329
0.989362
0.991296
0.991296
0.993230
0.995164
0.993230
0.995164
0.994197
0.995164
0.995164
0.996132
0.996132
0.996132
0.998066
0.995164
0.996132
0.994197
0.995164
0.995164
0.996132
0.994197
0.996132
0.995164
0.995164
0.996132
0.998066
0.996132
0.995164
0.992263
0.994197
0.997099
0.997099
0.995164
0.998066
0.996132
0.998066
0.999033
0.996132
0.998066
0.998066
0.998066
0.994197
0.998066
0.997099
0.997099
0.998066
0.997099
0.998066
0.996132
0.996132
0.998066
0.995164
0.996132
0.994197
0.996132
0.997099
0.996132
0.995164
0.997099
0.997099
0.996132
0.996132
0.997099
0.996132
0.997099
0.996132
0.997099
0.997099
0.997099
0.997099
0.995164
0.996132
0.997099
0.997099
0.997099
0.998066
0.996132
0.996132
0.999033
0.998066
0.995164
0.997099
0.998066
0.998066
0.996132
0.995164
0.997099
0.996132
0.997099
0.998066
0.996132
0.996132
0.997099
0.999033
0.999033
0.996132
0.998066
0.998066
0.995164
0.999033
0.996132
0.996132
0.998066
0.999033
0.998066
0.999033
0.999033
0.999033
0.998066
0.998066
0.999033
0.997099
0.998066
0.999033
0.999033
0.998066
0.997099
0.999033
0.999033
0.998066
0.998066
0.998066
0.999033
0.997099
0.999033
0.997099
0.999033
0.999033
0.999033
0.998066
0.999033
0.999033
0.999033
0.999033
0.999033
0.999033
0.999033
0.999033
0.999033
0.998066
0.999033
0.999033
0.997099
0.999033
0.999033
0.998066
0.999033
0.998066
0.999033
0.999033
0.999033
0.999033
0.999033
0.998066
0.999033
0.999033
0.999033
0.998066
0.999033
0.999033
0.999033
0.999033
0.999033
0.999033
0.997099
0.999033
0.999033
0.998066
0.999033
0.999033
0.999033
0.999033
0.999033
0.998066
0.999033
0.998066
0.999033
0.997099
0.999033
0.998066
0.999033
0.999033
0.999033
0.999033
0.999033
0.999033
0.999033
0.999033
0.999033
0.999033
