984.553345
858.872742
767.897217
688.638245
622.555420
561.581360
509.492004
463.308685
422.124573
385.234009
352.029572
322.213043
295.364349
271.042542
249.080093
229.210480
211.115952
194.785049
179.908325
166.376846
154.028854
142.767853
132.439056
122.978180
114.294640
106.322060
98.976326
92.208496
85.961891
80.187721
74.857666
69.906380
65.312035
61.059479
57.104027
53.421917
49.995895
46.804981
43.826633
41.050198
38.459274
36.041676
33.772942
31.656773
29.675499
27.824987
26.087179
24.462931
22.942606
21.518230
20.182138
18.929457
17.759367
16.659182
15.625727
14.658259
13.755668
12.903975
12.109640
11.364317
10.666272
10.011795
9.398635
8.825048
8.287929
7.784196
7.311325
6.869128
6.464467
6.069965
5.710083
5.370373
5.050584
4.754676
4.475822
4.217309
3.973684
3.746478
3.541571
3.334951
3.151143
2.974157
2.813661
2.661213
2.518764
2.385840
2.261704
2.144906
2.035639
1.932836
1.837219
1.749717
1.662990
1.583254
1.509591
1.439916
1.374433
1.311860
1.255881
1.199874
1.148495
1.098601
1.050719
1.008985
0.967071
0.926783
0.889777
0.855499
0.822116
0.791077
0.760390
0.731056
0.704272
0.678055
0.653092
0.628482
0.606475
0.583889
0.563343
0.543132
0.524727
0.505724
0.490091
0.471397
0.454366
0.439404
0.424479
0.410548
0.394998
0.382862
0.369821
0.357291
0.345831
0.334052
0.323043
0.313731
0.303170
0.295947
0.285727
0.276941
0.269817
0.262817
0.252688
0.245528
0.239712
0.234500
0.226606
0.221287
0.216364
0.209007
0.204429
0.199853
0.194044
0.189683
0.185179
0.180524
0.176327
0.172344
0.168654
0.165655
0.161298
0.160792
0.155656
0.152477
0.150044
0.146747
0.146319
0.141966
0.139692
0.137241
0.135184
0.133488
0.130423
0.129541
0.127752
0.125888
0.123653
0.121520
0.119255
0.118455
0.116318
0.114978
0.113620
0.112494
0.111066
0.110371
0.108742
0.107199
0.105988
0.106064
0.104373
0.103009
0.104603
0.101106
0.100932
0.100660
0.097871
0.096615
0.096613
0.094719
0.093749
0.093646
0.091639
0.093365
0.091073
0.089920
0.089656
0.088817
0.087152
0.085809
0.085679
0.086229
0.084090
0.084500
0.084336
0.082318
0.081567
0.081084
0.080222
0.080776
0.079899
0.081347
0.078384
0.083748
0.076812
0.078289
0.075023
0.079993
0.075567
0.074707
0.072889
0.072326
0.074530
0.072323
0.070659
0.070338
0.070859
0.069530
0.068573
0.072010
