997.898743
872.356873
779.875305
706.656616
642.517517
585.606812
534.771484
489.313019
448.632172
412.043152
378.946289
348.998962
321.810638
297.080231
274.564667
253.993073
235.186905
217.962952
202.164932
187.664505
174.312393
162.016098
150.672699
140.203735
130.515732
121.555443
113.249237
105.555496
98.412766
91.773331
85.609894
79.868225
74.535164
69.566147
64.928223
60.609394
56.584606
52.831722
49.326302
46.058647
43.002968
40.152859
37.491795
35.004662
32.682930
30.516989
28.488941
26.596024
24.829391
23.177496
21.638100
20.199154
18.854961
17.601244
16.429585
15.337195
14.317427
13.367185
12.475493
11.648512
10.875652
10.156156
9.487443
8.860066
8.277099
7.739010
7.229443
6.760349
6.324496
5.915175
5.534087
5.181031
4.854125
4.549110
4.266319
4.000667
3.755689
3.526282
3.314752
3.118905
2.933005
2.763776
2.604431
2.458616
2.319763
2.192131
2.072131
1.961202
1.860343
1.761464
1.674842
1.588011
1.510901
1.438319
1.372126
1.306916
1.247658
1.191885
1.141732
1.091704
1.046144
1.004505
0.964243
0.925959
0.892587
0.859000
0.826424
0.796694
0.768390
0.743589
0.718414
0.696357
0.671158
0.650159
0.628209
0.609189
0.591838
0.572875
0.558479
0.540218
0.524980
0.510383
0.496419
0.482252
0.469164
0.456266
0.446479
0.435407
0.421349
0.411378
0.400515
0.389836
0.379506
0.369971
0.360955
0.353085
0.343516
0.334909
0.327259
0.319261
0.311916
0.304005
0.299132
0.293005
0.284015
0.277612
0.270231
0.264157
0.259342
0.252734
0.246662
0.243407
0.235267
0.231746
0.226093
0.222841
0.215888
0.210930
0.206652
0.202743
0.199505
0.194739
0.189818
0.186155
0.182025
0.179262
0.175005
0.172762
0.168492
0.166005
0.161939
0.159480
0.157443
0.153177
0.149883
0.148902
0.144892
0.141980
0.140153
0.138263
0.135314
0.132433
0.133188
0.129395
0.126074
0.124702
0.123887
0.120463
0.118540
0.116934
0.120789
0.113867
0.111915
0.110467
0.109341
0.108527
0.105430
0.106837
0.104532
0.102072
0.102314
0.099964
0.099270
0.097481
0.096231
0.096392
0.095475
0.094073
0.093727
0.091523
0.091865
0.092328
0.089746
0.087944
0.089750
0.089065
0.087541
0.085487
0.084765
0.085957
0.084537
0.082787
0.082753
0.081805
0.080709
0.079576
0.078883
0.079939
0.077686
0.078275
0.079097
0.079569
0.076006
0.075889
0.075059
0.074123
0.074704
0.073397
0.072447
0.071700
