0.403288
0.552224
0.663443
0.723404
0.756286
0.794971
0.805609
0.842360
0.871373
0.878143
0.889749
0.908124
0.921663
0.931335
0.936170
0.943907
0.945841
0.951644
0.962282
0.954545
0.963250
0.965184
0.971954
0.970019
0.974855
0.972921
0.978723
0.978723
0.980658
0.983559
0.979691
0.985493
0.983559
0.983559
0.988395
0.993230
0.992263
0.992263
0.991296
0.992263
0.995164
0.996132
0.994197
0.998066
0.995164
0.997099
0.997099
0.997099
0.997099
0.999033
0.998066
0.997099
0.999033
0.997099
0.997099
0.996132
0.999033
0.996132
0.997099
0.998066
0.996132
0.998066
0.995164
0.998066
0.997099
0.999033
0.998066
0.995164
0.996132
0.992263
0.995164
0.997099
0.993230
0.995164
0.993230
0.998066
0.998066
0.999033
0.992263
0.995164
0.996132
0.994197
0.996132
0.996132
0.996132
0.996132
0.994197
0.994197
0.995164
0.993230
0.998066
0.997099
0.998066
0.995164
0.996132
0.996132
0.995164
0.995164
0.992263
0.997099
0.994197
0.995164
0.996132
0.995164
0.998066
0.997099
0.994197
0.996132
0.995164
0.994197
0.995164
0.996132
0.994197
0.998066
0.995164
0.995164
0.996132
0.997099
0.995164
0.994197
0.996132
0.995164
0.995164
0.995164
0.995164
0.996132
0.996132
0.998066
0.994197
0.995164
0.992263
0.996132
0.997099
0.995164
0.996132
0.995164
0.999033
0.996132
0.997099
0.999033
0.998066
0.997099
0.995164
0.992263
0.999033
0.994197
0.998066
0.998066
0.994197
0.999033
0.998066
0.996132
0.998066
0.993230
0.999033
0.996132
0.998066
0.999033
0.998066
0.998066
0.997099
0.996132
0.999033
0.999033
0.999033
0.999033
0.999033
0.998066
0.999033
0.999033
0.999033
0.999033
0.997099
0.999033
0.999033
0.998066
0.999033
0.999033
0.999033
0.999033
0.998066
0.999033
0.998066
0.999033
0.999033
0.999033
0.998066
0.999033
0.999033
0.999033
0.996132
0.999033
0.999033
0.999033
0.999033
0.998066
0.999033
0.997099
0.999033
0.999033
0.999033
0.999033
0.999033
0.999033
0.999033
0.999033
0.998066
0.999033
0.999033
0.999033
0.998066
0.999033
0.999033
0.999033
0.999033
0.999033
0.999033
0.999033
0.999033
0.998066
0.999033
0.999033
0.999033
0.999033
0.999033
0.999033
0.999033
0.999033
0.999033
1.000000
0.998066
0.999033
0.999033
0.999033
0.999033
0.999033
0.998066
0.999033
0.999033
0.999033
