0.401354
0.532882
0.629594
0.669246
0.742747
0.779497
0.796905
0.823985
0.846228
0.852998
0.873308
0.891683
0.911025
0.920696
0.934236
0.933269
0.942940
0.952611
0.955513
0.955513
0.965184
0.966151
0.969052
0.970019
0.975822
0.976789
0.975822
0.980658
0.979691
0.978723
0.979691
0.984526
0.984526
0.987427
0.986460
0.988395
0.984526
0.983559
0.988395
0.990329
0.987427
0.991296
0.992263
0.989362
0.990329
0.993230
0.989362
0.990329
0.987427
0.989362
0.985493
0.988395
0.989362
0.993230
0.990329
0.992263
0.993230
0.989362
0.993230
0.990329
0.993230
0.995164
0.991296
0.993230
0.993230
0.993230
0.991296
0.992263
0.992263
0.993230
0.993230
0.989362
0.995164
0.993230
0.992263
0.998066
0.994197
0.996132
0.991296
0.996132
0.994197
0.992263
0.989362
0.994197
0.991296
0.995164
0.990329
0.994197
0.992263
0.997099
0.996132
0.991296
0.991296
0.994197
0.994197
0.994197
0.995164
0.993230
0.998066
0.991296
0.994197
0.994197
0.994197
0.994197
0.996132
0.996132
0.993230
0.998066
0.995164
0.998066
0.997099
0.998066
0.994197
0.997099
0.996132
0.997099
0.999033
0.993230
0.995164
0.996132
0.998066
0.997099
0.997099
0.997099
0.993230
0.997099
0.997099
0.992263
0.996132
0.997099
0.997099
0.994197
0.998066
0.998066
0.997099
0.995164
0.998066
0.998066
0.994197
0.996132
0.998066
0.999033
0.998066
0.997099
0.999033
0.998066
0.996132
0.998066
0.998066
0.998066
0.998066
0.997099
0.997099
0.998066
0.998066
0.998066
0.999033
0.998066
0.998066
0.997099
0.998066
0.997099
0.998066
0.999033
0.997099
0.999033
0.998066
0.997099
0.998066
0.999033
0.998066
0.998066
0.999033
0.996132
0.999033
0.999033
0.998066
0.998066
0.999033
0.998066
0.999033
0.999033
0.999033
0.999033
0.999033
0.999033
0.998066
0.999033
0.998066
0.998066
0.998066
0.998066
0.998066
0.998066
0.998066
0.999033
0.999033
0.996132
0.999033
0.999033
0.998066
0.999033
0.999033
0.999033
0.997099
0.999033
0.999033
0.998066
0.997099
0.998066
0.999033
0.998066
0.999033
0.999033
0.999033
0.999033
0.999033
0.999033
0.999033
0.999033
0.998066
0.999033
0.998066
0.999033
0.999033
0.999033
0.999033
0.999033
0.998066
0.999033
0.999033
0.999033
0.996132
0.999033
0.999033
0.999033
0.999033
0.999033
0.999033
0.999033
