991.576111
864.678223
773.969116
696.581421
628.310425
567.086060
513.103333
464.808899
421.626587
382.810150
347.857544
316.377594
288.028351
262.461761
239.370590
218.489639
199.593430
182.479523
166.962524
152.881943
140.082047
128.449142
117.861641
108.214249
99.416267
91.387383
84.052055
77.343903
71.205376
65.586456
60.435253
55.710335
51.376129
47.394268
43.736267
40.373779
37.282055
34.433823
31.809649
29.395134
27.169855
25.120888
23.229317
21.486395
19.878019
18.396412
17.027784
15.764024
14.598185
13.521866
12.531145
11.612803
10.766344
9.984170
9.264063
8.598332
7.984294
7.418861
6.896302
6.412719
5.968133
5.557195
5.179014
4.827549
4.503367
4.204017
3.929823
3.674235
3.439917
3.224268
3.023015
2.838526
2.666835
2.508729
2.361746
2.225167
2.100861
1.982823
1.875136
1.773818
1.677982
1.592601
1.512221
1.433099
1.361148
1.294522
1.232753
1.174508
1.122151
1.068788
1.020522
0.975221
0.932502
0.891897
0.853219
0.817329
0.780474
0.749716
0.716307
0.688589
0.660163
0.633934
0.618789
0.584117
0.561790
0.539666
0.521786
0.499580
0.480661
0.463643
0.446572
0.430498
0.414439
0.400557
0.386795
0.373162
0.360294
0.348877
0.336898
0.325228
0.316216
0.304629
0.295199
0.287296
0.278638
0.267922
0.260340
0.260707
0.245135
0.238423
0.231987
0.227221
0.218552
0.213097
0.210445
0.202766
0.197470
0.193693
0.188891
0.183845
0.178980
0.175248
0.171476
0.167271
0.163825
0.161474
0.158929
0.156046
0.152954
0.148842
0.146014
0.146379
0.141294
0.139074
0.136955
0.133940
0.132041
0.133375
0.127987
0.127528
0.124378
0.127119
0.121767
0.120597
0.120170
0.117563
0.116720
0.116462
0.116540
0.111900
0.112407
0.109676
0.108469
0.109946
0.106330
0.105899
0.103742
0.103755
0.102078
0.101231
0.100094
0.098914
0.098088
0.097648
0.096238
0.096396
0.096717
0.093936
0.093892
0.094419
0.091745
0.091836
0.091465
0.093157
0.089484
0.086735
0.086130
0.090015
0.085302
0.085245
0.084761
0.083295
0.082555
0.082252
0.082859
0.081171
0.080146
0.081634
0.081935
0.078769
0.078577
0.079483
0.076657
0.075771
0.075477
0.075417
0.073893
0.075073
0.073242
0.072411
0.073315
0.071361
0.073642
0.070432
0.070772
0.069315
0.069120
0.070378
0.071570
0.067679
0.067082
0.066870
0.072993
0.067046
0.066786
0.065260
0.065035
0.064577
0.064410
0.063325
