424.851654
369.785187
325.375488
286.110565
252.637283
223.514114
197.945206
175.474503
155.720901
138.263397
122.900833
109.326729
97.342979
86.723213
77.348633
69.041306
61.681049
55.176380
49.390919
44.276100
39.707661
35.660797
32.050095
28.853117
25.991167
23.444157
21.173012
19.146082
17.331820
15.713629
14.260235
12.961101
11.795382
10.748043
9.806908
8.962662
8.197911
7.511393
6.892450
6.331802
5.825667
5.366147
4.949422
4.572636
4.227795
3.915469
3.630619
3.371514
3.133102
2.916621
2.718163
2.535533
2.368572
2.216238
2.074916
1.944297
1.824645
1.714197
1.612474
1.517737
1.429828
1.348519
1.273308
1.203272
1.138217
1.077472
1.021028
0.968647
0.919407
0.873075
0.830529
0.789511
0.752084
0.716400
0.683543
0.652036
0.623374
0.594879
0.568990
0.544393
0.521396
0.499521
0.479183
0.459715
0.441340
0.424126
0.407815
0.392403
0.377749
0.363848
0.350774
0.338175
0.326682
0.315479
0.305021
0.294744
0.285407
0.276776
0.267814
0.259380
0.251337
0.243179
0.235459
0.228016
0.221517
0.215365
0.209543
0.203417
0.198961
0.192674
0.187857
0.183369
0.178932
0.174894
0.170751
0.166915
0.163626
0.160266
0.156358
0.153034
0.150298
0.147050
0.143992
0.141794
0.138843
0.137042
0.134519
0.131221
0.129253
0.127185
0.125931
0.123331
0.121238
0.119137
0.117871
0.116117
0.113914
0.112516
0.111146
0.109130
0.108652
0.106305
0.104290
0.103072
0.101953
0.100204
0.099724
0.097795
0.095895
0.095022
0.094169
0.092944
0.091663
0.090387
0.090112
0.088284
0.088057
0.086714
0.085695
0.084632
0.083609
0.082733
0.082737
0.081423
0.080483
0.079798
0.078732
0.078250
0.078478
0.076661
0.075735
0.075198
0.074330
0.073737
0.073107
0.072528
0.072000
0.072346
0.070819
0.070922
0.069699
0.069139
0.068240
0.067900
0.066609
0.066440
0.065954
0.065619
0.064661
0.064111
0.064021
0.062893
0.062695
0.062449
0.061378
0.061172
0.060687
0.060280
0.060013
0.059170
0.058801
0.058259
0.058508
0.057213
0.057359
0.057119
0.056926
0.055475
0.055713
0.054724
0.054174
0.054030
0.053681
0.053331
0.052746
0.052773
0.052028
0.051667
0.050948
0.050728
0.050282
0.051322
0.050575
0.049544
0.049933
0.049787
0.048724
0.048181
0.047868
0.047252
0.047227
0.046539
0.046497
0.046354
0.046657
0.046644
0.045774
0.045528
0.044712
0.044085
