0.557917
0.688230
0.796123
0.863849
0.930173
0.950257
0.964736
0.970341
0.969640
0.974778
0.973610
0.975946
0.976413
0.977581
0.980149
0.981317
0.981784
0.983886
0.984820
0.984820
0.985521
0.985521
0.985988
0.987156
0.987623
0.987623
0.987856
0.988090
0.990192
0.988557
0.989958
0.988790
0.989257
0.988557
0.989257
0.989491
0.992994
0.990659
0.990425
0.991826
0.993461
0.992527
0.994162
0.992293
0.994629
0.995096
0.994162
0.994629
0.995329
0.995096
0.995096
0.995796
0.995563
0.994162
0.994862
0.995563
0.996030
0.995329
0.995329
0.995096
0.996030
0.996030
0.995796
0.995096
0.996497
0.994862
0.995329
0.995096
0.994862
0.995329
0.994395
0.995796
0.994395
0.995329
0.994629
0.994629
0.993461
0.995329
0.995096
0.995096
0.994862
0.995096
0.995329
0.994629
0.994629
0.994162
0.994162
0.994162
0.995329
0.993928
0.994162
0.994629
0.994395
0.994162
0.994629
0.995329
0.994395
0.993928
0.994629
0.994395
0.993928
0.994629
0.993461
0.994862
0.994629
0.993928
0.995563
0.993928
0.992060
0.994862
0.995563
0.993695
0.995563
0.993695
0.995563
0.996030
0.995096
0.993227
0.995329
0.995796
0.995329
0.994395
0.995329
0.995796
0.995096
0.995796
0.996731
0.995329
0.994862
0.995563
0.994629
0.996497
0.995563
0.996263
0.994862
0.995329
0.996030
0.996030
0.996263
0.996263
0.995096
0.995329
0.996030
0.996497
0.996030
0.997431
0.995796
0.996964
0.997665
0.997198
0.997198
0.997431
0.997198
0.997198
0.996497
0.997198
0.997198
0.997198
0.997665
0.997665
0.997665
0.997898
0.997198
0.997198
0.997198
0.997431
0.997665
0.996964
0.996964
0.997665
0.998132
0.997431
0.997198
0.998132
0.997898
0.997898
0.997665
0.997198
0.997431
0.997198
0.997898
0.997665
0.998599
0.998132
0.997898
0.997898
0.996964
0.997898
0.997431
0.997431
0.997665
0.998132
0.997898
0.998365
0.998599
0.997665
0.998132
0.997431
0.997898
0.998599
0.997898
0.998132
0.997665
0.998132
0.998599
0.998365
0.998132
0.998599
0.998132
0.998365
0.998365
0.998132
0.997898
0.998365
0.998132
0.997898
0.998599
0.998365
0.998599
0.998832
0.998599
0.998832
0.998132
0.998365
0.997898
0.998365
0.998132
0.998832
0.998832
0.998832
0.998365
0.998599
0.998599
0.999066
0.997898
0.998132
0.997665
0.998365
0.999299
0.998832
