421.616241
367.393890
323.694305
285.924500
253.437210
224.931610
199.713730
177.478180
157.851120
140.458099
125.083977
111.477486
99.388069
88.685493
79.160484
70.720764
63.212124
56.548035
50.612965
45.345161
40.641689
36.462215
32.732483
29.420403
26.458902
23.813669
21.456354
19.353256
17.470135
15.790476
14.282112
12.934926
11.725798
10.643301
9.668812
8.796001
8.008147
7.301125
6.665741
6.091550
5.572922
5.106014
4.683113
4.301746
3.956642
3.642719
3.357459
3.099024
2.865628
2.651123
2.455398
2.276852
2.115485
1.966231
1.830114
1.706559
1.591786
1.487207
1.391660
1.302161
1.220780
1.146001
1.076531
1.012407
0.953210
0.898530
0.847885
0.801021
0.757661
0.717297
0.679900
0.645104
0.612826
0.582736
0.554417
0.528161
0.503646
0.481275
0.459570
0.439255
0.420302
0.402457
0.385912
0.370260
0.355713
0.341816
0.329043
0.316556
0.305399
0.294273
0.283933
0.274351
0.265161
0.256000
0.247637
0.239621
0.232016
0.224906
0.218052
0.211308
0.205073
0.199221
0.193855
0.188461
0.183192
0.178436
0.173859
0.169719
0.165565
0.161811
0.158132
0.154240
0.151249
0.147619
0.144566
0.141734
0.138689
0.136225
0.134413
0.131191
0.128936
0.126723
0.124818
0.122563
0.120411
0.118642
0.117009
0.115099
0.113425
0.111986
0.110436
0.109205
0.107492
0.106262
0.104852
0.103628
0.102223
0.101614
0.099842
0.099027
0.097830
0.096803
0.095687
0.094824
0.093737
0.092946
0.092273
0.090873
0.089977
0.089089
0.088458
0.087343
0.086764
0.086102
0.085255
0.084538
0.083520
0.082845
0.082207
0.081153
0.080682
0.080060
0.079266
0.078477
0.078057
0.077191
0.076769
0.076283
0.075845
0.074708
0.074144
0.073542
0.073149
0.072130
0.071638
0.071080
0.070498
0.070581
0.069681
0.068950
0.068702
0.067877
0.067710
0.066953
0.066235
0.065670
0.065285
0.065178
0.064420
0.064030
0.063264
0.062688
0.062659
0.061921
0.061700
0.061258
0.060749
0.060156
0.060117
0.059312
0.059251
0.058188
0.057839
0.057538
0.057168
0.057033
0.056385
0.055893
0.055553
0.054967
0.054498
0.054209
0.053847
0.053665
0.053331
0.052875
0.052363
0.052753
0.051956
0.051106
0.050853
0.050288
0.050399
0.050189
0.050065
0.049046
0.049117
0.048893
0.048243
0.048429
0.047685
0.047465
0.047075
0.046735
0.046351
0.045996
0.045500
0.045177
0.045104
0.044646
