420.944977
370.175964
329.412262
292.774597
260.453644
231.724121
206.299393
183.688034
163.570801
145.658813
129.814636
115.677078
103.136093
91.987556
82.068810
73.254913
65.418129
58.425148
52.205883
46.676514
41.755791
37.366364
33.449463
29.968706
26.856369
24.087841
21.620584
19.419672
17.445070
15.690226
14.126022
12.724509
11.477108
10.356101
9.356324
8.462853
7.663888
6.951912
6.309773
5.735880
5.222152
4.762339
4.350152
3.982624
3.650199
3.351692
3.084018
2.843879
2.625700
2.431611
2.254736
2.095546
1.950551
1.820179
1.702216
1.593663
1.495576
1.405781
1.323812
1.249616
1.180591
1.117411
1.059629
1.005197
0.955478
0.909327
0.866858
0.826241
0.788610
0.753284
0.720417
0.689266
0.659873
0.632055
0.606199
0.581652
0.558979
0.536300
0.515383
0.495687
0.476774
0.458230
0.441162
0.424945
0.408760
0.394224
0.379865
0.367387
0.353186
0.340996
0.329311
0.318394
0.307129
0.297005
0.287333
0.278071
0.268591
0.260052
0.251796
0.244093
0.236093
0.229064
0.221742
0.215642
0.208610
0.202519
0.197079
0.191044
0.185806
0.180424
0.175829
0.171175
0.167051
0.162943
0.158436
0.154351
0.151434
0.147381
0.144230
0.141004
0.138222
0.134647
0.132404
0.129087
0.127180
0.124824
0.121928
0.119595
0.117880
0.116065
0.113542
0.112454
0.110219
0.108151
0.106593
0.105618
0.103620
0.102619
0.100904
0.099227
0.099006
0.097253
0.097105
0.094661
0.093506
0.093977
0.091789
0.090631
0.089639
0.088938
0.087527
0.087234
0.085984
0.084573
0.083819
0.082980
0.082017
0.081428
0.080438
0.079561
0.078710
0.078493
0.077241
0.076410
0.075600
0.075627
0.074512
0.073963
0.073801
0.072680
0.072637
0.073188
0.070515
0.070455
0.069893
0.068929
0.068870
0.068731
0.066547
0.066332
0.065872
0.066523
0.064538
0.065779
0.063634
0.063468
0.062689
0.062116
0.061923
0.062092
0.061095
0.060423
0.059736
0.059072
0.058426
0.058408
0.058041
0.057098
0.057340
0.056394
0.055630
0.055386
0.054992
0.055172
0.054128
0.054621
0.053255
0.052561
0.053326
0.052008
0.051491
0.051593
0.050464
0.050703
0.049764
0.049818
0.049169
0.050021
0.048816
0.048494
0.047868
0.048544
0.047221
0.046968
0.046426
0.046862
0.046679
0.045093
0.046014
0.045365
0.044370
0.044594
0.044271
0.043444
0.043338
0.043038
0.042724
0.042590
0.042063
0.041948
