417.175201
362.893127
319.883698
282.438171
249.406570
220.204254
194.412735
171.632660
151.539261
133.799377
118.148880
104.337357
92.149841
81.410637
71.928917
63.579369
56.218590
49.729584
44.013828
38.976974
34.540192
30.635160
27.195028
24.167688
21.500542
19.152458
17.084892
15.263983
13.658950
12.243773
10.995898
9.895866
8.924322
8.066746
7.309704
6.639469
6.046409
5.521082
5.054533
4.640007
4.269975
3.940275
3.645395
3.381049
3.143533
2.929583
2.736474
2.561542
2.402645
2.257834
2.126022
2.004118
1.892533
1.789057
1.693553
1.605186
1.523235
1.446105
1.375171
1.306121
1.242872
1.183380
1.127566
1.074792
1.024441
0.977280
0.932260
0.889695
0.849043
0.811171
0.774814
0.739758
0.707068
0.674760
0.644805
0.616054
0.589303
0.563831
0.539102
0.516251
0.493393
0.471930
0.452891
0.432913
0.414601
0.397247
0.380930
0.365656
0.350487
0.336580
0.323720
0.311065
0.299149
0.287576
0.276552
0.267419
0.256654
0.247775
0.240846
0.230288
0.224309
0.215110
0.209005
0.201605
0.195106
0.190409
0.183831
0.178453
0.173430
0.169475
0.164967
0.160167
0.156775
0.152456
0.149300
0.144910
0.142078
0.138635
0.135732
0.132683
0.130229
0.127189
0.125117
0.122224
0.120850
0.117699
0.115718
0.113660
0.111529
0.109719
0.107603
0.106462
0.104568
0.103102
0.101763
0.099936
0.098918
0.097196
0.095643
0.094816
0.094946
0.093274
0.091164
0.090061
0.088688
0.087660
0.086371
0.085162
0.084556
0.083972
0.082333
0.081440
0.080647
0.081619
0.079408
0.078751
0.077546
0.077750
0.076012
0.075412
0.074972
0.073477
0.073143
0.072386
0.071885
0.071083
0.071287
0.069944
0.068939
0.069337
0.067698
0.067149
0.066860
0.066385
0.066539
0.065473
0.064393
0.063706
0.062913
0.063104
0.062156
0.062111
0.061147
0.062301
0.060344
0.059715
0.059174
0.058751
0.059093
0.058052
0.057053
0.056994
0.056499
0.056153
0.055668
0.055190
0.054932
0.054497
0.053751
0.053328
0.052827
0.053140
0.052296
0.051706
0.052148
0.050902
0.051008
0.050404
0.049876
0.049713
0.049129
0.049248
0.048320
0.048012
0.047857
0.048857
0.046934
0.047397
0.046490
0.047199
0.046235
0.045383
0.044812
0.044746
0.045580
0.044289
0.044424
0.043733
0.045472
0.043723
0.042735
0.042748
0.042672
0.042236
0.041319
0.041377
0.040973
0.040739
0.040264
0.040804
