0.614666
0.863382
0.935544
0.964269
0.969407
0.976413
0.978982
0.985521
0.985521
0.986455
0.986688
0.988090
0.988790
0.987856
0.988790
0.989257
0.988790
0.989024
0.989491
0.990659
0.990892
0.991126
0.992760
0.992060
0.993461
0.992994
0.991826
0.992527
0.994162
0.994162
0.994395
0.994629
0.995096
0.995563
0.994862
0.995796
0.996030
0.996030
0.996030
0.995096
0.996263
0.996731
0.995096
0.996030
0.996030
0.996030
0.997198
0.997431
0.996030
0.996030
0.996497
0.996030
0.996731
0.996263
0.996030
0.996030
0.995563
0.996030
0.995563
0.996030
0.996497
0.996030
0.995563
0.995329
0.995796
0.995563
0.995563
0.995796
0.996263
0.995796
0.995563
0.995096
0.994162
0.995796
0.995096
0.996263
0.994862
0.995096
0.995329
0.993928
0.994862
0.995796
0.994629
0.995329
0.995796
0.995329
0.995329
0.995796
0.996731
0.996497
0.995796
0.995329
0.994629
0.995096
0.995096
0.995096
0.995796
0.995329
0.995096
0.996030
0.994629
0.996497
0.995563
0.996030
0.996263
0.995796
0.995563
0.996263
0.995563
0.996030
0.996731
0.996731
0.996497
0.996731
0.996497
0.996731
0.996263
0.997198
0.996497
0.996497
0.996964
0.997431
0.996731
0.996964
0.996263
0.996497
0.996731
0.996497
0.996731
0.996964
0.997198
0.996497
0.996263
0.996497
0.996964
0.997665
0.996964
0.996731
0.997665
0.996497
0.996497
0.996964
0.996263
0.996497
0.996964
0.996731
0.996964
0.997431
0.997431
0.997431
0.997665
0.997198
0.997198
0.996731
0.996731
0.996964
0.996731
0.997431
0.997898
0.997665
0.996964
0.997431
0.996964
0.997665
0.998132
0.997431
0.997431
0.997898
0.997665
0.996731
0.998365
0.997898
0.997198
0.997431
0.996964
0.997198
0.997431
0.997898
0.997665
0.997665
0.997665
0.997665
0.997665
0.997198
0.998132
0.998132
0.998132
0.998832
0.997665
0.997198
0.998132
0.998132
0.997665
0.998832
0.997198
0.998365
0.998132
0.998832
0.999066
0.998365
0.998599
0.998599
0.998132
0.998832
0.998832
0.997898
0.998365
0.998132
0.999066
0.997898
0.999066
0.998599
0.998832
0.998599
0.998132
0.998132
0.998832
0.998599
0.998365
0.997665
0.998365
0.998832
0.999066
0.998832
0.999299
0.999066
0.998832
0.998599
0.997431
0.998365
0.999299
0.998365
0.998365
0.998599
0.999066
0.999299
0.998832
0.998599
0.999299
0.998132
