441.188721
391.557800
352.043579
317.380463
287.099457
260.065491
235.545563
213.537827
193.840881
176.099869
160.067093
145.555542
132.471191
120.740425
110.054916
100.482712
91.779915
83.928467
76.805840
70.322586
64.444832
59.101887
54.250652
49.862648
45.824245
42.157673
38.795681
35.741665
32.950222
30.395775
28.048372
25.887486
23.938332
22.117140
20.464018
18.952606
17.545422
16.267025
15.064985
13.977281
12.966550
12.047849
11.191495
10.412120
9.680168
9.004811
8.384192
7.814226
7.282720
6.793787
6.342932
5.921562
5.532207
5.171547
4.839101
4.529319
4.242549
3.977149
3.729746
3.499637
3.286700
3.087832
2.903979
2.732223
2.572346
2.424134
2.286566
2.155843
2.036143
1.923135
1.817548
1.719072
1.626334
1.539984
1.460336
1.383349
1.312954
1.245309
1.182253
1.123542
1.067727
1.015397
0.966203
0.919324
0.875336
0.834048
0.795353
0.757583
0.722533
0.688874
0.657046
0.626879
0.598749
0.571730
0.546322
0.522231
0.499336
0.477445
0.456807
0.437218
0.418316
0.400860
0.383980
0.368118
0.353396
0.338990
0.324976
0.312107
0.299360
0.287841
0.276704
0.266462
0.256313
0.247308
0.239222
0.229729
0.222008
0.214401
0.207476
0.200418
0.194495
0.190205
0.182442
0.176959
0.172144
0.167153
0.163102
0.158443
0.154192
0.150548
0.146839
0.143564
0.140108
0.136673
0.134582
0.130987
0.128281
0.125577
0.123112
0.120989
0.118545
0.116710
0.115741
0.112490
0.110785
0.108891
0.107166
0.105648
0.104274
0.102245
0.101032
0.099726
0.098398
0.096900
0.095378
0.094690
0.093105
0.091831
0.091474
0.089618
0.088847
0.087748
0.086900
0.085531
0.085892
0.083692
0.083645
0.081947
0.081039
0.080392
0.079555
0.079391
0.077965
0.077116
0.076428
0.075360
0.075881
0.074176
0.073310
0.072748
0.072446
0.071368
0.070816
0.070453
0.069407
0.068845
0.068384
0.067720
0.067080
0.066476
0.065886
0.065453
0.064582
0.064881
0.063519
0.062879
0.063285
0.062255
0.062600
0.060925
0.061059
0.059918
0.059452
0.059105
0.058270
0.058194
0.057620
0.057042
0.056848
0.056242
0.055933
0.055854
0.055067
0.055729
0.054800
0.054383
0.053275
0.052650
0.053839
0.052177
0.051761
0.051072
0.051142
0.050472
0.050387
0.049928
0.049904
0.049405
0.049117
0.048350
0.048054
0.048264
0.047390
0.047553
0.047388
0.046235
0.046273
0.045505
0.045085
0.044779
