426.600220
375.329651
332.996002
295.824310
262.745636
233.270081
207.021210
183.695770
162.944046
144.517029
128.160843
113.648064
100.753204
89.314781
79.177582
70.190636
62.228504
55.158104
48.899746
43.355408
38.448009
34.103706
30.258366
26.853949
23.843384
21.183334
18.828178
16.742832
14.900495
13.273230
11.833733
10.559062
9.437191
8.438330
7.558043
6.778029
6.088990
5.478809
4.937735
4.457956
4.035040
3.656158
3.322384
3.024725
2.758286
2.522375
2.311414
2.122405
1.954008
1.802963
1.667831
1.546439
1.436539
1.338174
1.248934
1.168198
1.094823
1.028761
0.967840
0.912563
0.861750
0.815403
0.772747
0.733072
0.696459
0.663161
0.631239
0.601927
0.574412
0.548899
0.525099
0.502893
0.482230
0.462640
0.444159
0.426818
0.410652
0.395004
0.380445
0.366661
0.353481
0.340716
0.329370
0.317655
0.306852
0.296548
0.286801
0.277237
0.268538
0.260335
0.252189
0.244480
0.237321
0.230380
0.223613
0.217212
0.211193
0.205310
0.201573
0.194560
0.189753
0.184902
0.180400
0.176112
0.172017
0.168309
0.164091
0.160757
0.156968
0.153678
0.150822
0.147710
0.144705
0.141897
0.138944
0.136516
0.134585
0.132210
0.129750
0.126800
0.124912
0.122910
0.120842
0.119312
0.116995
0.115464
0.114498
0.111978
0.110992
0.109430
0.107789
0.106592
0.104979
0.103913
0.102144
0.101247
0.099919
0.098653
0.097772
0.096309
0.095387
0.095288
0.093146
0.092152
0.091202
0.090529
0.089799
0.088184
0.087787
0.086758
0.085829
0.085212
0.083822
0.083595
0.082716
0.081579
0.081121
0.080133
0.079465
0.079807
0.077994
0.077372
0.076924
0.076897
0.075787
0.074716
0.074207
0.073647
0.072823
0.072041
0.071463
0.071231
0.069910
0.069540
0.069319
0.067952
0.067559
0.066917
0.066372
0.065858
0.064816
0.063621
0.063696
0.062892
0.061637
0.061657
0.061466
0.060547
0.060150
0.059624
0.059253
0.058262
0.058644
0.057795
0.057799
0.056534
0.056233
0.056187
0.056092
0.054818
0.054392
0.054210
0.053952
0.054080
0.052750
0.052998
0.051961
0.051578
0.051629
0.051377
0.050438
0.050445
0.050327
0.049364
0.049183
0.048946
0.048942
0.048210
0.047930
0.047281
0.047150
0.046662
0.046493
0.047114
0.046112
0.045346
0.045044
0.044812
0.044739
0.044333
0.043984
0.043603
0.043731
0.043467
0.042633
0.042626
0.042285
0.042445
0.041748
0.041547
