0.635918
0.852172
0.930873
0.955862
0.967305
0.974311
0.978982
0.982018
0.984820
0.985054
0.985521
0.985521
0.987389
0.988323
0.988090
0.989958
0.989257
0.989491
0.989024
0.989958
0.990425
0.991126
0.991826
0.991826
0.992760
0.992060
0.992293
0.992994
0.994162
0.992994
0.992994
0.994395
0.992760
0.994862
0.993695
0.995563
0.994862
0.995563
0.996030
0.997198
0.995796
0.997198
0.996731
0.996263
0.996964
0.996964
0.996731
0.996964
0.996731
0.996731
0.996731
0.996731
0.996731
0.996964
0.996964
0.996497
0.996263
0.996497
0.995796
0.996497
0.996731
0.996731
0.994862
0.996731
0.996030
0.996497
0.995096
0.996497
0.996263
0.996030
0.995796
0.995796
0.996030
0.996263
0.995563
0.996030
0.995329
0.995563
0.995563
0.995563
0.995563
0.995796
0.994629
0.996030
0.994862
0.995329
0.995796
0.995563
0.996030
0.995796
0.996030
0.996263
0.996030
0.995796
0.995796
0.995796
0.996030
0.996030
0.995563
0.996030
0.996030
0.996030
0.996030
0.996030
0.996030
0.995329
0.996030
0.995563
0.996030
0.996030
0.995796
0.996263
0.996030
0.996263
0.996263
0.996263
0.996964
0.995563
0.996497
0.996263
0.996263
0.996497
0.996030
0.996497
0.996263
0.996731
0.996263
0.996731
0.996263
0.996497
0.996731
0.996497
0.996964
0.997431
0.996964
0.996964
0.996964
0.997198
0.997198
0.996964
0.997198
0.997431
0.997665
0.997431
0.997198
0.997431
0.996964
0.997665
0.997431
0.997665
0.997665
0.997198
0.997431
0.997431
0.997198
0.997198
0.997665
0.997898
0.997665
0.996497
0.997431
0.997898
0.997431
0.997431
0.996964
0.997665
0.997898
0.997431
0.997431
0.997431
0.997665
0.997898
0.997898
0.997898
0.996964
0.997431
0.997665
0.997898
0.997898
0.996964
0.997665
0.997898
0.998132
0.997665
0.997665
0.997665
0.997898
0.997665
0.997665
0.997665
0.997431
0.997665
0.997198
0.997898
0.997431
0.997665
0.997665
0.997665
0.998132
0.997898
0.997665
0.997898
0.997665
0.998599
0.997898
0.997665
0.997665
0.998132
0.997431
0.997665
0.997898
0.998599
0.997665
0.998132
0.997665
0.997898
0.998365
0.997665
0.997898
0.998132
0.998132
0.997898
0.997898
0.997898
0.998365
0.998132
0.997898
0.998132
0.997898
0.997898
0.998832
0.997898
0.997898
0.997898
0.998132
0.998132
0.997898
0.998132
0.997898
0.998132
