0.531994
0.753386
0.839795
0.897711
0.934844
0.946520
0.952826
0.958664
0.964970
0.969874
0.971275
0.974311
0.976413
0.981317
0.984587
0.985521
0.984820
0.985988
0.988557
0.990659
0.989257
0.987856
0.990192
0.990192
0.990659
0.989257
0.987156
0.988090
0.988557
0.989491
0.991826
0.989491
0.991826
0.990659
0.990659
0.992760
0.990659
0.993227
0.993227
0.993928
0.993461
0.993461
0.992994
0.993461
0.993461
0.994629
0.994162
0.994395
0.994629
0.994629
0.994395
0.993928
0.994395
0.994629
0.994162
0.995563
0.994395
0.994395
0.995329
0.995563
0.994395
0.996497
0.995096
0.994629
0.994395
0.993928
0.995796
0.994862
0.994395
0.996497
0.995563
0.996964
0.994629
0.996030
0.995563
0.995096
0.995329
0.996030
0.993695
0.993928
0.994629
0.995796
0.995796
0.995796
0.995096
0.995096
0.995329
0.993928
0.996497
0.995329
0.996030
0.993695
0.995796
0.995563
0.995329
0.993928
0.994395
0.994395
0.994162
0.994395
0.994162
0.993695
0.995796
0.994162
0.995563
0.996030
0.994629
0.995563
0.993227
0.995796
0.994862
0.995096
0.996030
0.994395
0.995329
0.994862
0.993695
0.995563
0.993928
0.995563
0.994862
0.994862
0.995563
0.994162
0.994629
0.994395
0.996263
0.994395
0.996263
0.994395
0.996731
0.996030
0.996497
0.996263
0.995096
0.996263
0.996497
0.996497
0.996497
0.995563
0.994162
0.996263
0.996731
0.996263
0.996497
0.996964
0.996497
0.996964
0.996497
0.996030
0.996964
0.996731
0.995796
0.996030
0.996263
0.995796
0.996497
0.996263
0.996497
0.996497
0.996731
0.996731
0.996263
0.997198
0.996030
0.995796
0.996263
0.996263
0.996731
0.996964
0.996731
0.996731
0.996731
0.996731
0.997198
0.995796
0.997431
0.996497
0.997431
0.997898
0.997665
0.997198
0.996731
0.997431
0.996964
0.996964
0.997431
0.997198
0.996497
0.998132
0.996964
0.997198
0.997431
0.997198
0.997665
0.996964
0.996964
0.997665
0.997198
0.998132
0.998365
0.998132
0.997431
0.997665
0.998132
0.997898
0.997665
0.998365
0.996964
0.996964
0.997665
0.998132
0.997898
0.997665
0.997431
0.997665
0.996964
0.997665
0.997665
0.998132
0.997431
0.997898
0.998132
0.998832
0.997898
0.997665
0.998365
0.998365
0.997665
0.997898
0.998132
0.998365
0.998132
0.998132
0.997665
0.998365
0.997665
0.998365
0.998132
0.999299
