426.611115
367.819000
323.619507
286.260712
253.950989
225.612152
200.595184
178.523697
159.049683
141.821396
126.586105
113.088928
101.116211
90.490364
81.051216
72.677238
65.234322
58.597523
52.686874
47.409367
42.717785
38.529499
34.772251
31.420650
28.422979
25.744049
23.338354
21.175913
19.230465
17.494795
15.919763
14.513146
13.236522
12.096514
11.061507
10.120160
9.282500
8.506871
7.814418
7.185201
6.613802
6.093463
5.623814
5.191029
4.801164
4.443052
4.116088
3.818828
3.546033
3.294092
3.066571
2.855820
2.661328
2.483225
2.319351
2.167909
2.029110
1.900650
1.781684
1.672122
1.571969
1.478041
1.390580
1.310663
1.236931
1.167858
1.103484
1.043375
0.988032
0.937742
0.888831
0.844982
0.805332
0.762860
0.726551
0.692407
0.660994
0.631085
0.604148
0.577946
0.553686
0.531107
0.509246
0.489115
0.470265
0.452286
0.435634
0.419864
0.404825
0.390611
0.377609
0.364793
0.352728
0.341089
0.330281
0.320408
0.309539
0.300458
0.291621
0.283210
0.275688
0.267738
0.260246
0.253067
0.246725
0.240444
0.234108
0.228333
0.223797
0.217345
0.211967
0.207086
0.203060
0.197793
0.193672
0.189352
0.186136
0.181513
0.178428
0.174559
0.170784
0.167399
0.164630
0.161288
0.158030
0.155530
0.152410
0.149618
0.146919
0.144795
0.142660
0.139209
0.136943
0.134695
0.132725
0.130642
0.129444
0.126589
0.124700
0.122741
0.122719
0.119584
0.119067
0.116144
0.114690
0.113079
0.111414
0.110139
0.108902
0.107498
0.106170
0.104548
0.103326
0.101751
0.100609
0.099756
0.098627
0.097548
0.095771
0.095168
0.093864
0.092669
0.091713
0.090983
0.090162
0.089135
0.087965
0.086983
0.085869
0.084917
0.083957
0.082809
0.082185
0.081264
0.080424
0.080289
0.079149
0.078247
0.077269
0.077349
0.075956
0.074801
0.074279
0.073452
0.073029
0.072168
0.071483
0.070529
0.070648
0.070029
0.068806
0.068347
0.067284
0.066859
0.066281
0.065626
0.064869
0.064442
0.064018
0.063289
0.064011
0.062157
0.061767
0.061006
0.060880
0.060462
0.059945
0.059410
0.059362
0.059041
0.057753
0.057926
0.056882
0.056292
0.056119
0.055379
0.057543
0.054563
0.054555
0.053824
0.053940
0.053379
0.052686
0.052158
0.052438
0.052936
0.051269
0.051899
0.050779
0.050446
0.049727
0.049547
0.048950
0.048557
0.048276
0.048087
0.048044
0.047297
0.046982
0.047716
