435.286957
384.297180
342.715424
305.835938
272.749878
243.473175
217.522003
194.135330
173.538727
155.134674
138.758789
124.245461
111.298851
99.725723
89.405617
80.222092
71.965179
64.625977
58.030857
52.145744
46.888126
42.187866
37.964069
34.175983
30.788202
27.758263
25.052719
22.601175
20.426708
18.465227
16.709606
15.134974
13.722156
12.458821
11.320377
10.297246
9.376472
8.547608
7.796009
7.127356
6.523805
5.977324
5.488111
5.048008
4.654421
4.295493
3.973170
3.682804
3.420321
3.182208
2.967435
2.772566
2.596275
2.437970
2.293566
2.162225
2.044450
1.935544
1.838481
1.748725
1.668259
1.595383
1.528305
1.466754
1.411011
1.360064
1.313910
1.270666
1.232190
1.195683
1.162086
1.131673
1.102656
1.075521
1.048432
1.023745
1.000161
0.977577
0.957776
0.938203
0.921104
0.904248
0.889708
0.875874
0.863014
0.850660
0.838137
0.827971
0.817763
0.807583
0.798003
0.789539
0.781914
0.773644
0.765923
0.759175
0.752882
0.746086
0.739994
0.733831
0.728433
0.722867
0.717862
0.712734
0.709076
0.703800
0.699591
0.694977
0.691103
0.687128
0.683189
0.680963
0.677193
0.672553
0.669698
0.667008
0.664116
0.661198
0.657563
0.655374
0.652479
0.649701
0.647519
0.644560
0.642095
0.640763
0.639619
0.636787
0.633678
0.632985
0.631078
0.628985
0.627203
0.625553
0.623700
0.621819
0.620648
0.619012
0.617929
0.617072
0.615179
0.615096
0.612256
0.611008
0.609593
0.609563
0.607591
0.605525
0.604979
0.604369
0.603279
0.602416
0.600360
0.599509
0.597137
0.597602
0.595460
0.595877
0.593386
0.592509
0.592592
0.589560
0.588302
0.587074
0.587310
0.585569
0.585717
0.583711
0.581697
0.580769
0.580379
0.579128
0.579353
0.576955
0.576593
0.575684
0.573937
0.573892
0.571916
0.572558
0.570251
0.568291
0.568088
0.568226
0.566891
0.565403
0.564762
0.566719
0.567056
0.562679
0.560541
0.560658
0.558740
0.557325
0.559378
0.555947
0.555884
0.555076
0.554005
0.554106
0.551435
0.551523
0.553231
0.550227
0.549452
0.549646
0.548007
0.545585
0.546136
0.546396
0.544672
0.543066
0.544765
0.541204
0.543740
0.540752
0.543387
0.538951
0.537443
0.539056
0.537219
0.535320
0.533677
0.534940
0.533590
0.532458
0.531150
0.531706
0.531872
0.529163
0.529107
0.528199
0.529722
0.526602
0.525473
0.525414
0.524001
0.523449
0.528017
0.524307
