0.559369
0.671382
0.700603
0.699211
0.711967
0.729128
0.734694
0.747913
0.756262
0.762755
0.760900
0.761132
0.763451
0.767625
0.772032
0.774814
0.774583
0.773423
0.775742
0.774814
0.773887
0.773191
0.774351
0.773655
0.773655
0.774351
0.772495
0.772959
0.772263
0.772495
0.770872
0.766234
0.766466
0.767857
0.767625
0.767161
0.767857
0.766698
0.769017
0.766930
0.767161
0.767857
0.769481
0.770872
0.768089
0.771800
0.770872
0.767857
0.771336
0.771104
0.771336
0.772032
0.771336
0.769017
0.773887
0.772263
0.770872
0.775278
0.772959
0.774119
0.774119
0.775278
0.775046
0.775974
0.775510
0.775046
0.776206
0.775742
0.775046
0.775278
0.775742
0.775742
0.774351
0.774814
0.776206
0.776206
0.775742
0.775046
0.775046
0.775046
0.775742
0.776670
0.775974
0.776206
0.772727
0.777829
0.775974
0.775742
0.777829
0.776206
0.777829
0.776902
0.776438
0.776438
0.779221
0.778525
0.776438
0.777134
0.777597
0.775278
0.779453
0.778061
0.778525
0.776670
0.778525
0.777829
0.779917
0.775742
0.775974
0.778293
0.778525
0.778061
0.778293
0.775742
0.778525
0.779917
0.775974
0.778061
0.778757
0.778525
0.778525
0.779453
0.778525
0.776902
0.777597
0.778525
0.779917
0.776206
0.780612
0.780612
0.779453
0.780148
0.779453
0.780844
0.779685
0.781308
0.780380
0.783627
0.782236
0.778757
0.782699
0.781772
0.782699
0.781076
0.780612
0.780380
0.781540
0.780380
0.780844
0.781076
0.784555
0.784323
0.781772
0.782468
0.782004
0.783627
0.788961
0.784323
0.790121
0.784787
0.790121
0.786874
0.791976
0.789425
0.786178
0.790584
0.793367
0.791976
0.796614
0.788497
0.792904
0.795223
0.792440
0.793599
0.794527
0.794759
0.798933
0.794759
0.801020
0.796614
0.798701
0.796846
0.800093
0.800325
0.798701
0.795455
0.798933
0.800557
0.801716
0.805427
0.803108
0.801716
0.804035
0.800093
0.799397
0.802644
0.803803
0.803108
0.803340
0.805427
0.799629
0.805659
0.800789
0.805659
0.804035
0.803803
0.804731
0.804035
0.803340
0.805659
0.804499
0.803108
0.805659
0.804731
0.804731
0.808210
0.807746
0.805891
0.807050
0.810065
0.805195
0.803803
0.805195
0.802876
0.805195
0.807514
0.811456
0.812616
0.808905
0.810993
0.808905
0.806818
0.805891
0.809137
0.810529
0.806818
0.809833
0.811456
0.809833
0.806586
