413.763123
364.608490
320.103729
281.357971
247.589401
217.964569
192.087234
169.177734
149.049011
131.427887
115.977470
102.426468
90.510368
80.019463
70.786133
62.669792
55.510963
49.199974
43.639259
38.742672
34.409134
30.600845
27.228493
24.260830
21.636164
19.311047
17.264622
15.458444
13.845063
12.432158
11.176136
10.064801
9.083019
8.214469
7.433853
6.752990
6.144906
5.606381
5.128964
4.700416
4.322233
3.985071
3.683071
3.414834
3.174247
2.957490
2.772137
2.596227
2.441414
2.309486
2.178952
2.068705
1.967320
1.874284
1.792513
1.716490
1.647965
1.584286
1.523398
1.471991
1.425480
1.378862
1.336841
1.298016
1.260964
1.228162
1.198812
1.170692
1.141260
1.116240
1.094389
1.072884
1.052167
1.030905
1.012768
0.995437
0.979639
0.965337
0.952094
0.937043
0.924551
0.911684
0.901052
0.890516
0.879787
0.870002
0.861441
0.852694
0.844840
0.837281
0.829915
0.823342
0.815411
0.809566
0.803298
0.797322
0.792443
0.786794
0.782392
0.776824
0.772422
0.768653
0.764093
0.759946
0.756711
0.752719
0.749651
0.746745
0.743568
0.740334
0.736948
0.734257
0.730915
0.728795
0.726406
0.724466
0.721296
0.719862
0.717250
0.715174
0.713484
0.710984
0.709248
0.708182
0.706165
0.704772
0.703346
0.701331
0.699237
0.697188
0.695631
0.694199
0.693115
0.692087
0.690099
0.687244
0.685881
0.684598
0.682231
0.681573
0.678675
0.677591
0.675882
0.674079
0.672037
0.670113
0.666423
0.663357
0.661709
0.658805
0.656239
0.654644
0.652860
0.650239
0.649057
0.647750
0.645136
0.643510
0.642766
0.640614
0.638642
0.638333
0.634999
0.634129
0.633732
0.631262
0.631814
0.627890
0.627363
0.626622
0.625855
0.622368
0.623336
0.620810
0.619921
0.617001
0.617059
0.615369
0.615336
0.612946
0.611447
0.610543
0.610245
0.609632
0.608400
0.606650
0.606660
0.604718
0.603544
0.601882
0.601654
0.601218
0.597829
0.597181
0.596727
0.597549
0.596519
0.594158
0.594013
0.590953
0.590533
0.589579
0.589508
0.588007
0.587631
0.585108
0.585616
0.585612
0.584259
0.581599
0.583115
0.579504
0.579563
0.578185
0.577886
0.577173
0.576689
0.573133
0.573907
0.574098
0.572941
0.573302
0.573255
0.569938
0.569212
0.570125
0.566865
0.568924
0.568166
0.565797
0.564917
0.564323
0.564514
0.562367
0.563059
0.562693
0.561703
0.558609
0.559587
0.558298
