0.648423
0.666048
0.735158
0.746753
0.741883
0.728200
0.724258
0.722403
0.741419
0.749304
0.759508
0.762987
0.763219
0.767393
0.768785
0.770872
0.770872
0.772495
0.772263
0.770176
0.766698
0.767857
0.770640
0.770872
0.767161
0.768089
0.765770
0.766698
0.765770
0.765538
0.767393
0.768321
0.769712
0.770408
0.773655
0.773655
0.773655
0.773887
0.773423
0.774119
0.774814
0.774583
0.774583
0.773191
0.775046
0.775510
0.773191
0.776670
0.776206
0.773191
0.776670
0.774814
0.774583
0.775974
0.774583
0.775510
0.774351
0.775046
0.777366
0.775742
0.774351
0.774814
0.775046
0.775510
0.775510
0.776206
0.775510
0.774351
0.776206
0.777366
0.774814
0.774583
0.775046
0.775046
0.776438
0.777597
0.775510
0.776438
0.775046
0.775046
0.776206
0.774119
0.774351
0.773655
0.773655
0.771568
0.772959
0.773423
0.771800
0.771568
0.772263
0.774119
0.772263
0.772032
0.772495
0.770872
0.773423
0.772263
0.772032
0.768089
0.770176
0.770640
0.770408
0.770408
0.772727
0.772263
0.770872
0.772032
0.772263
0.770408
0.770640
0.770408
0.767857
0.772495
0.770176
0.773423
0.768321
0.771568
0.771104
0.772495
0.774583
0.771568
0.770872
0.771568
0.773655
0.775278
0.774119
0.772495
0.772959
0.772727
0.775742
0.772727
0.774814
0.773655
0.773655
0.773655
0.771800
0.774583
0.772727
0.775974
0.773423
0.776206
0.777829
0.773887
0.776438
0.775510
0.777597
0.777597
0.778989
0.781076
0.781076
0.782004
0.780612
0.781540
0.783859
0.782004
0.781772
0.782468
0.782468
0.783627
0.782931
0.793367
0.786642
0.786410
0.793599
0.791280
0.791280
0.792440
0.790584
0.790584
0.793135
0.793831
0.794527
0.795686
0.797078
0.799861
0.794063
0.796846
0.795455
0.800557
0.796150
0.796846
0.792440
0.796382
0.798933
0.799861
0.803340
0.801252
0.797774
0.804035
0.796614
0.796614
0.804267
0.804035
0.803340
0.798701
0.801020
0.807514
0.801716
0.800557
0.806122
0.804731
0.810065
0.807746
0.803571
0.805891
0.809833
0.805195
0.804963
0.808673
0.803803
0.807282
0.809137
0.811688
0.803571
0.807746
0.806354
0.812848
0.810297
0.804499
0.807746
0.810297
0.811456
0.809833
0.810297
0.810529
0.812848
0.809369
0.810529
0.810529
0.810993
0.812384
0.810529
0.812848
0.812616
0.810993
0.811920
0.812616
0.812848
0.814703
