0.469156
0.637291
0.679035
0.699443
0.705241
0.716837
0.729592
0.730751
0.730983
0.738173
0.737245
0.740724
0.743506
0.750464
0.756957
0.765074
0.772032
0.776670
0.775742
0.778989
0.778293
0.778525
0.778525
0.776206
0.777366
0.773423
0.773887
0.771104
0.772032
0.772727
0.778989
0.782699
0.781076
0.784787
0.785019
0.783627
0.786178
0.786874
0.787802
0.786410
0.787802
0.785019
0.787106
0.784787
0.785946
0.787802
0.787338
0.794295
0.789657
0.791280
0.788961
0.787570
0.792208
0.791280
0.791512
0.787570
0.789889
0.788729
0.787106
0.789889
0.787802
0.789193
0.787106
0.785946
0.785714
0.785250
0.786874
0.785019
0.786874
0.786178
0.784787
0.783395
0.785482
0.783859
0.782004
0.781308
0.781772
0.783163
0.783627
0.783163
0.781772
0.782468
0.783395
0.783395
0.782236
0.785714
0.783627
0.781308
0.784555
0.783395
0.782931
0.784787
0.782468
0.779685
0.782236
0.784323
0.784091
0.782236
0.784091
0.783395
0.781540
0.782931
0.784787
0.784323
0.782699
0.785714
0.787106
0.788729
0.785250
0.782931
0.784091
0.785019
0.785714
0.785250
0.786642
0.785482
0.786178
0.787106
0.786874
0.782699
0.787338
0.787570
0.786642
0.785250
0.786410
0.787802
0.788265
0.787338
0.788961
0.787338
0.789657
0.789425
0.793135
0.791512
0.787802
0.789193
0.789193
0.790353
0.792904
0.790121
0.791048
0.791744
0.788497
0.791048
0.793831
0.799861
0.789889
0.789657
0.796382
0.801252
0.798469
0.797774
0.801020
0.793135
0.799165
0.798933
0.799397
0.800557
0.802412
0.803340
0.805195
0.805195
0.802876
0.807514
0.802412
0.803108
0.806586
0.810761
0.803803
0.802644
0.811224
0.810297
0.803803
0.809833
0.807514
0.804499
0.808905
0.810529
0.804267
0.810065
0.808905
0.808442
0.812152
0.809601
0.809137
0.814007
0.813544
0.815631
0.811456
0.811224
0.808905
0.809833
0.812616
0.812616
0.816327
0.810065
0.815631
0.813080
0.814007
0.817486
0.816327
0.812152
0.812152
0.817950
0.818182
0.817022
0.819573
0.814239
0.818414
0.816327
0.817950
0.817254
0.817718
0.820501
0.817486
0.819109
0.819805
0.813544
0.818878
0.817718
0.820501
0.819805
0.821429
0.820269
0.817254
0.820037
0.822356
0.823052
0.824675
0.821892
0.820269
0.820965
0.818646
0.820269
0.825603
0.822356
0.819805
0.823052
0.818646
0.823052
