462.381744
408.831635
372.142151
339.211639
308.818237
281.011627
255.997421
233.109314
212.047592
193.200989
176.157745
160.811569
146.758453
134.293106
122.932793
112.461563
103.054459
94.433098
86.562515
79.525887
73.085793
67.157814
61.768753
56.875000
52.403408
48.292038
44.546803
41.123592
37.985107
35.094994
32.450077
30.022501
27.796827
25.725294
23.835316
22.099581
20.493103
19.010368
17.651320
16.397596
15.240738
14.173213
13.188795
12.279167
11.437534
10.657803
9.934634
9.270564
8.649691
8.083104
7.556447
7.065040
6.615726
6.195129
5.805095
5.443021
5.108506
4.797803
4.511427
4.241787
3.995110
3.763679
3.551427
3.356585
3.171563
3.002021
2.846136
2.698668
2.561453
2.437859
2.319354
2.210891
2.108067
2.015848
1.927981
1.847474
1.772151
1.702195
1.636856
1.576700
1.521061
1.469158
1.420351
1.375500
1.332747
1.294670
1.257897
1.223799
1.192051
1.162279
1.134530
1.108938
1.084859
1.061476
1.040875
1.020482
1.001332
0.983360
0.966503
0.950265
0.934983
0.921358
0.907677
0.894887
0.882800
0.871715
0.860230
0.849926
0.840628
0.830736
0.822485
0.813613
0.805707
0.798077
0.790384
0.783557
0.777282
0.769648
0.764256
0.758341
0.752211
0.747753
0.741845
0.736649
0.732286
0.728509
0.723740
0.718692
0.715425
0.711999
0.708377
0.704698
0.701335
0.697803
0.694944
0.691322
0.688440
0.685924
0.683334
0.682739
0.679325
0.676253
0.673960
0.672178
0.669653
0.667233
0.664969
0.664128
0.661447
0.659733
0.657652
0.655991
0.654414
0.652445
0.651585
0.649087
0.647997
0.646326
0.645039
0.644399
0.641829
0.640056
0.639597
0.638746
0.635861
0.634960
0.633328
0.632267
0.632499
0.629725
0.628446
0.627024
0.625904
0.624299
0.624454
0.623007
0.620836
0.619901
0.620921
0.617770
0.616616
0.615308
0.612315
0.611804
0.612335
0.609941
0.609296
0.607642
0.605946
0.604249
0.603763
0.601828
0.601767
0.600359
0.602923
0.597582
0.596328
0.596818
0.595962
0.594291
0.593538
0.591402
0.590288
0.588821
0.588209
0.587030
0.585935
0.584269
0.583048
0.581534
0.584099
0.581360
0.577878
0.577801
0.575817
0.575861
0.574101
0.573172
0.573417
0.571828
0.570908
0.568564
0.567193
0.565673
0.565455
0.565532
0.563245
0.561929
0.562932
0.561665
0.563687
0.558452
0.557349
0.558829
0.555912
0.555873
0.552597
0.553064
0.551161
0.553001
