0.532461
0.741242
0.831154
0.894675
0.932041
0.948155
0.961000
0.966604
0.970341
0.974311
0.976413
0.975479
0.978281
0.977814
0.980383
0.979916
0.982018
0.980850
0.982952
0.982485
0.985988
0.987856
0.990892
0.988790
0.990892
0.992060
0.992994
0.992293
0.992994
0.992527
0.993928
0.993695
0.993461
0.992994
0.991593
0.994395
0.995096
0.995563
0.995096
0.995796
0.996964
0.996030
0.996731
0.996964
0.996731
0.996497
0.996964
0.996731
0.995563
0.995563
0.996497
0.996731
0.995096
0.996497
0.996731
0.994862
0.996030
0.995796
0.994862
0.996497
0.996030
0.995329
0.995096
0.996263
0.995796
0.996263
0.996263
0.996731
0.995563
0.995796
0.995563
0.995796
0.996030
0.996030
0.996263
0.995329
0.995096
0.994862
0.995096
0.995329
0.995329
0.995563
0.996263
0.995329
0.996030
0.995796
0.995796
0.995796
0.995796
0.996030
0.996263
0.995563
0.995796
0.996030
0.996964
0.996263
0.996497
0.996030
0.995796
0.996731
0.996731
0.996497
0.996030
0.996497
0.996731
0.996263
0.996731
0.996030
0.996497
0.996731
0.996263
0.996964
0.996263
0.996731
0.996497
0.996030
0.996497
0.996497
0.996263
0.996497
0.996497
0.996731
0.996731
0.996497
0.996731
0.996497
0.996731
0.996964
0.996731
0.996731
0.996731
0.996731
0.996731
0.996731
0.996964
0.996964
0.997198
0.996731
0.996964
0.996731
0.996964
0.996964
0.997198
0.997198
0.996964
0.997198
0.996964
0.996964
0.997198
0.997198
0.997198
0.997665
0.997198
0.997898
0.996731
0.996731
0.997431
0.997198
0.997665
0.996964
0.997431
0.997431
0.997431
0.996964
0.996964
0.997431
0.996731
0.996964
0.997198
0.997665
0.997198
0.997198
0.996964
0.997898
0.997431
0.997898
0.997665
0.996964
0.997198
0.997665
0.997665
0.997665
0.997665
0.996964
0.997431
0.997431
0.997431
0.997665
0.997665
0.997431
0.997665
0.997665
0.997431
0.997665
0.997431
0.997431
0.997431
0.997198
0.997431
0.997665
0.997431
0.997665
0.997431
0.997431
0.997665
0.997665
0.997665
0.997665
0.997665
0.997431
0.997665
0.997665
0.997898
0.997665
0.997665
0.997431
0.997665
0.997665
0.997665
0.997665
0.997665
0.997665
0.997665
0.997665
0.997665
0.997665
0.997665
0.997898
0.997665
0.997665
0.997665
0.997665
0.997665
0.997665
0.997665
0.997665
0.997665
0.997665
0.997665
0.997665
