0.659972
0.878328
0.905885
0.925969
0.939514
0.961000
0.966137
0.971042
0.974078
0.983419
0.980850
0.985754
0.986922
0.986221
0.987623
0.988790
0.987156
0.989024
0.990892
0.991126
0.988557
0.989958
0.992060
0.991126
0.993928
0.993461
0.992293
0.991593
0.994162
0.994395
0.993695
0.994162
0.993695
0.994395
0.994395
0.994162
0.994629
0.993928
0.995096
0.994629
0.995563
0.995096
0.994862
0.994629
0.994862
0.995096
0.995329
0.993928
0.995329
0.994395
0.994629
0.994862
0.995563
0.994629
0.994629
0.995796
0.995563
0.996030
0.995796
0.994862
0.995096
0.995796
0.996030
0.996497
0.995563
0.996497
0.995796
0.996030
0.995329
0.995329
0.995563
0.995329
0.996263
0.996263
0.995563
0.995796
0.995563
0.995563
0.995796
0.995796
0.996731
0.996731
0.996030
0.996263
0.996497
0.996497
0.996497
0.995563
0.996731
0.996731
0.996263
0.996030
0.996964
0.996964
0.996964
0.996497
0.996964
0.996964
0.996731
0.996964
0.996964
0.996964
0.996964
0.996263
0.996731
0.996964
0.996497
0.996497
0.996964
0.996964
0.997198
0.996964
0.997198
0.996497
0.996964
0.997198
0.996497
0.996731
0.997431
0.996731
0.997198
0.997198
0.996263
0.997665
0.996263
0.996964
0.996964
0.996964
0.997431
0.996263
0.997198
0.996731
0.996964
0.997198
0.997431
0.996497
0.997198
0.996964
0.997198
0.997431
0.997431
0.996731
0.996964
0.997898
0.997431
0.996964
0.997431
0.996964
0.997431
0.997665
0.997198
0.997431
0.996964
0.997431
0.997898
0.997431
0.997431
0.997898
0.997898
0.997898
0.997898
0.997898
0.997665
0.997431
0.997898
0.997665
0.997898
0.997665
0.997898
0.997665
0.997198
0.996964
0.998132
0.997898
0.998365
0.997898
0.997898
0.997665
0.998132
0.997898
0.997898
0.997431
0.998132
0.997665
0.997898
0.998132
0.997665
0.998599
0.997898
0.997898
0.997665
0.997898
0.998599
0.998365
0.998132
0.998832
0.997898
0.998132
0.998132
0.997898
0.998832
0.998832
0.998132
0.998832
0.998832
0.998599
0.998599
0.998832
0.998132
0.998132
0.998832
0.998832
0.998832
0.998365
0.998832
0.998365
0.998832
0.997898
0.998832
0.998132
0.998365
0.997431
0.998832
0.998365
0.998832
0.998832
0.998132
0.998832
0.999066
0.999066
0.998599
0.999066
0.999299
0.998832
0.999066
0.998365
0.999066
0.998132
0.999066
0.999066
