0.501868
0.776273
0.868052
0.913125
0.945820
0.964736
0.972910
0.976646
0.981551
0.981317
0.984353
0.985287
0.985054
0.984353
0.985287
0.983185
0.985988
0.985287
0.986688
0.985287
0.986221
0.986221
0.986221
0.986922
0.989024
0.988790
0.989024
0.987389
0.988790
0.989491
0.989257
0.989958
0.991359
0.989958
0.991593
0.991359
0.993227
0.992994
0.993227
0.995329
0.996030
0.993695
0.994629
0.995563
0.995563
0.995796
0.995796
0.996263
0.994629
0.995329
0.996731
0.996731
0.996030
0.996964
0.996030
0.996964
0.996964
0.996964
0.996731
0.996964
0.995796
0.996731
0.997665
0.997431
0.996964
0.997431
0.997198
0.997898
0.997431
0.997198
0.997198
0.996731
0.997198
0.997198
0.996497
0.996497
0.996964
0.996731
0.997198
0.997198
0.997198
0.996964
0.997198
0.997431
0.996731
0.996731
0.996964
0.997198
0.997198
0.995796
0.996030
0.997198
0.996731
0.996497
0.996030
0.997198
0.995796
0.996964
0.997198
0.995563
0.997198
0.996964
0.996964
0.996964
0.996964
0.996964
0.996964
0.996731
0.997431
0.997665
0.997198
0.996731
0.996964
0.996497
0.997198
0.996964
0.996497
0.996731
0.996964
0.996731
0.996731
0.996964
0.996497
0.996263
0.996964
0.996731
0.996964
0.997431
0.997431
0.997431
0.997431
0.997198
0.997198
0.997198
0.996964
0.996731
0.997665
0.996964
0.997198
0.996731
0.997431
0.997431
0.997431
0.996964
0.996964
0.997665
0.997431
0.997431
0.997665
0.996964
0.995563
0.996731
0.997431
0.996263
0.996964
0.996731
0.997431
0.996497
0.996964
0.996964
0.997431
0.997431
0.997198
0.997431
0.996263
0.997431
0.997431
0.997198
0.997198
0.997665
0.996497
0.996731
0.997431
0.996964
0.996497
0.997431
0.997898
0.997665
0.997665
0.996731
0.997898
0.997898
0.997898
0.998132
0.997198
0.996964
0.997665
0.997898
0.997665
0.998132
0.997898
0.997898
0.997198
0.997898
0.997665
0.997898
0.997898
0.997665
0.998365
0.997198
0.997898
0.998365
0.998365
0.998365
0.997431
0.997898
0.997898
0.997431
0.998365
0.997665
0.998132
0.998365
0.999066
0.998365
0.998599
0.997665
0.998365
0.997898
0.997898
0.999066
0.998832
0.997898
0.998599
0.997431
0.998832
0.998599
0.998599
0.998599
0.998832
0.998365
0.999066
0.998832
0.998599
0.999066
0.999066
0.998599
0.999299
0.998832
0.998599
0.998832
