435.813538
376.981415
334.274872
297.851410
265.778595
237.400269
212.266495
190.007782
170.219330
152.640030
137.021622
123.113617
110.748917
99.727180
89.904976
81.152145
73.323204
66.332039
60.074371
54.487518
49.477898
44.992691
40.977558
37.362259
34.118946
31.197226
28.580645
26.222271
24.078438
22.148882
20.399134
18.824203
17.398016
16.107302
14.923041
13.852964
12.876740
11.988791
11.176484
10.430353
9.748640
9.125586
8.547002
8.016303
7.528077
7.076921
6.659326
6.272050
5.915617
5.581117
5.270064
4.981438
4.712513
4.460583
4.225747
4.005075
3.799388
3.604897
3.423654
3.252166
3.091980
2.940266
2.797300
2.662634
2.535774
2.415307
2.302318
2.194861
2.093288
1.996599
1.905572
1.819984
1.737291
1.659282
1.585655
1.515497
1.448143
1.384465
1.324350
1.266291
1.211300
1.159075
1.108906
1.061576
1.016805
0.973663
0.932404
0.893087
0.855441
0.820580
0.786396
0.753016
0.721851
0.692175
0.664333
0.636763
0.611244
0.586019
0.562538
0.540636
0.518117
0.498225
0.478262
0.458997
0.440954
0.423860
0.407383
0.391678
0.376315
0.361798
0.348115
0.335078
0.322456
0.310754
0.299004
0.288360
0.278060
0.268001
0.258431
0.249539
0.240637
0.232560
0.224722
0.217470
0.209987
0.203654
0.196976
0.190461
0.184645
0.179826
0.174237
0.168761
0.164083
0.159292
0.155178
0.151187
0.146845
0.143688
0.139789
0.136595
0.133486
0.130237
0.127598
0.124370
0.122109
0.119817
0.116907
0.114558
0.112411
0.110338
0.109394
0.107086
0.104513
0.103759
0.101137
0.100564
0.098394
0.096897
0.095830
0.094004
0.092504
0.091573
0.090170
0.089033
0.088642
0.086657
0.085520
0.084752
0.083465
0.082449
0.082534
0.080530
0.079413
0.080079
0.078462
0.077050
0.076186
0.075351
0.074671
0.073966
0.072809
0.073085
0.071503
0.071562
0.070155
0.070191
0.068693
0.067987
0.067823
0.067233
0.066279
0.065734
0.065443
0.064586
0.064616
0.063359
0.062467
0.062228
0.062082
0.061586
0.060761
0.060302
0.060586
0.059156
0.059180
0.058003
0.057550
0.058454
0.056700
0.056176
0.055853
0.055532
0.054724
0.054246
0.053908
0.053670
0.053136
0.052483
0.052083
0.051912
0.051443
0.050941
0.050707
0.050588
0.050511
0.050102
0.049367
0.049883
0.048065
0.047968
0.047749
0.047634
0.046792
0.046627
0.046123
0.045942
0.045506
0.045343
0.045211
0.044362
