0.631948
0.751752
0.828818
0.888837
0.915694
0.931574
0.949089
0.959365
0.961233
0.961700
0.966604
0.970341
0.974078
0.974078
0.981084
0.978982
0.982718
0.982718
0.983419
0.985754
0.987623
0.988790
0.989958
0.985287
0.986922
0.988090
0.990425
0.989257
0.987856
0.987156
0.988090
0.992293
0.987856
0.991126
0.990659
0.989257
0.989491
0.988557
0.993227
0.993461
0.994162
0.991826
0.994629
0.990425
0.991826
0.995096
0.995096
0.992994
0.995329
0.995563
0.992994
0.995096
0.995563
0.996030
0.995563
0.995563
0.995796
0.995563
0.996030
0.995796
0.996030
0.996030
0.996030
0.996030
0.997198
0.995563
0.995329
0.996497
0.995329
0.996263
0.996497
0.996030
0.996964
0.996731
0.995329
0.996964
0.995563
0.996497
0.996964
0.996731
0.996964
0.997198
0.996964
0.997431
0.997431
0.997198
0.995563
0.997431
0.997431
0.996964
0.997198
0.997431
0.997198
0.997665
0.997665
0.997198
0.997198
0.996497
0.997198
0.996731
0.997665
0.997431
0.996964
0.997198
0.997431
0.996030
0.997431
0.995563
0.996497
0.996030
0.997431
0.996497
0.996497
0.997198
0.994862
0.997198
0.996964
0.997431
0.995563
0.997431
0.996030
0.993695
0.996497
0.996263
0.996964
0.996497
0.995563
0.997198
0.996964
0.996030
0.996731
0.996030
0.996497
0.996030
0.994862
0.996731
0.995796
0.996263
0.996030
0.995563
0.996731
0.996731
0.995563
0.996497
0.996030
0.996964
0.996263
0.996497
0.995563
0.996964
0.997198
0.995796
0.996731
0.997198
0.997431
0.996497
0.997198
0.997198
0.996497
0.997431
0.997665
0.997431
0.997431
0.997198
0.997431
0.996964
0.996731
0.997198
0.997665
0.997431
0.998132
0.997665
0.998132
0.997898
0.997431
0.997665
0.997898
0.997665
0.997431
0.997431
0.997431
0.997431
0.998132
0.997431
0.998132
0.998132
0.998132
0.998132
0.997665
0.997898
0.997898
0.997665
0.998365
0.997198
0.997431
0.998132
0.997665
0.998132
0.997198
0.998132
0.997898
0.998599
0.998365
0.998599
0.998365
0.998832
0.998599
0.998832
0.998832
0.997898
0.997898
0.998599
0.998599
0.997898
0.997665
0.997665
0.998365
0.998599
0.998599
0.998365
0.998599
0.998599
0.998832
0.998365
0.999066
0.998599
0.998832
0.998365
0.998832
0.998832
0.998365
0.999066
0.998599
0.998599
0.997665
0.998599
0.998132
0.998599
0.998832
0.999066
