422.314545
368.807983
326.007416
289.110596
256.787140
228.221054
202.949432
180.593765
160.734756
143.171585
127.591263
113.765831
101.500099
90.595039
80.915749
72.312164
64.652824
57.843044
51.781429
46.381641
41.574032
37.290249
33.467041
30.056414
27.017550
24.301380
21.873358
19.707605
17.768309
16.034170
14.482213
13.089965
11.845417
10.724602
9.723620
8.825141
8.014287
7.285590
6.635468
6.045018
5.515227
5.039882
4.610308
4.222932
3.872239
3.556750
3.270113
3.013219
2.779373
2.567972
2.375578
2.202900
2.044994
1.901273
1.770921
1.652055
1.543907
1.445538
1.354306
1.271903
1.196398
1.126333
1.062559
1.004347
0.950150
0.900166
0.854082
0.811336
0.771931
0.734868
0.700943
0.668093
0.638540
0.610435
0.585602
0.559926
0.536895
0.515689
0.495041
0.475907
0.458110
0.440789
0.424579
0.409243
0.394889
0.380966
0.367808
0.355818
0.343529
0.332356
0.321490
0.311302
0.301364
0.291890
0.283343
0.274485
0.266413
0.258684
0.251285
0.244161
0.237520
0.231334
0.224850
0.219413
0.213794
0.208000
0.202998
0.197846
0.193313
0.188782
0.184442
0.180365
0.176524
0.172865
0.169083
0.165688
0.162947
0.159193
0.156328
0.153290
0.150090
0.147810
0.145736
0.142090
0.139845
0.137403
0.135549
0.133008
0.130869
0.129201
0.126936
0.125214
0.123695
0.121637
0.119864
0.118217
0.116842
0.115069
0.113601
0.112682
0.110422
0.109825
0.107733
0.106723
0.105532
0.103820
0.102393
0.101153
0.100076
0.099508
0.097750
0.097159
0.096164
0.094649
0.093855
0.092630
0.091720
0.090785
0.090412
0.088930
0.088018
0.087035
0.086200
0.086085
0.084614
0.083766
0.083376
0.082151
0.081839
0.080966
0.080471
0.079449
0.078552
0.077814
0.077181
0.076817
0.075848
0.075944
0.074380
0.073743
0.073154
0.072628
0.071813
0.071296
0.070890
0.070137
0.069509
0.069108
0.068305
0.068987
0.067726
0.066951
0.066123
0.065515
0.065882
0.064420
0.064117
0.063555
0.063245
0.062582
0.062025
0.061719
0.060876
0.060704
0.060099
0.059443
0.059590
0.058686
0.058496
0.058072
0.057738
0.057014
0.056523
0.055881
0.056859
0.055395
0.055147
0.054784
0.054275
0.053682
0.053426
0.052941
0.052952
0.052261
0.051649
0.051472
0.052092
0.051113
0.050211
0.050043
0.049415
0.049094
0.048773
0.048867
0.048438
0.048680
0.047505
0.047484
0.047345
0.046472
