0.580803
0.816908
0.885100
0.935544
0.958197
0.968706
0.973143
0.975245
0.977347
0.977814
0.978515
0.981551
0.980617
0.984120
0.983185
0.983185
0.986688
0.985988
0.985988
0.986455
0.988090
0.988090
0.988323
0.988323
0.989024
0.989491
0.989724
0.990425
0.989958
0.989958
0.990659
0.991126
0.991126
0.991126
0.992293
0.991359
0.992060
0.991126
0.992293
0.993227
0.993461
0.992994
0.993461
0.993695
0.993461
0.993227
0.993928
0.993461
0.993461
0.993461
0.993928
0.993461
0.993461
0.993695
0.993928
0.992994
0.993461
0.992527
0.993695
0.992994
0.992527
0.993928
0.993695
0.992994
0.993695
0.993695
0.993227
0.993461
0.993461
0.993695
0.992760
0.993461
0.993695
0.993695
0.992527
0.993695
0.993695
0.993461
0.993227
0.993695
0.993695
0.993928
0.993695
0.993695
0.993695
0.994629
0.993928
0.993461
0.994395
0.994162
0.993928
0.994162
0.994162
0.994862
0.994629
0.994629
0.994395
0.995329
0.994862
0.995096
0.994862
0.994629
0.995096
0.994162
0.995329
0.995329
0.995329
0.995096
0.995329
0.995563
0.995563
0.995796
0.995796
0.996263
0.995563
0.996263
0.994862
0.996263
0.996030
0.996263
0.996263
0.995096
0.994862
0.996030
0.996731
0.996263
0.996263
0.996964
0.996964
0.996030
0.997198
0.996263
0.997431
0.997198
0.997198
0.996731
0.996497
0.997198
0.997198
0.997198
0.997198
0.996497
0.997198
0.997198
0.997431
0.997665
0.997198
0.997198
0.997665
0.996497
0.997665
0.997665
0.997431
0.997665
0.997198
0.997198
0.997198
0.997665
0.997665
0.997198
0.997431
0.997665
0.997198
0.996497
0.997665
0.997665
0.997198
0.997665
0.996731
0.997665
0.996731
0.997198
0.997198
0.997665
0.997431
0.997665
0.997665
0.997431
0.997665
0.997665
0.997665
0.997665
0.997665
0.997665
0.997665
0.997431
0.997431
0.997898
0.997898
0.997431
0.998132
0.998132
0.997898
0.997665
0.997431
0.997665
0.997665
0.998132
0.997898
0.997898
0.997665
0.997431
0.997665
0.997665
0.997665
0.997665
0.997431
0.997431
0.997431
0.997431
0.997665
0.997898
0.997431
0.997431
0.997431
0.997898
0.997898
0.997898
0.997431
0.997431
0.998132
0.997898
0.998599
0.997898
0.997665
0.998365
0.998832
0.997665
0.997665
0.998832
0.998132
0.997898
0.998599
0.998599
0.998365
0.997898
0.997898
0.997898
0.997898
0.998365
