0.648295
0.822746
0.878328
0.915927
0.929706
0.950023
0.959131
0.973610
0.976179
0.981317
0.984120
0.985521
0.983652
0.989958
0.990192
0.989958
0.992060
0.990425
0.992293
0.990659
0.992060
0.992994
0.991359
0.994395
0.994162
0.993461
0.994629
0.991593
0.995096
0.993461
0.995329
0.995796
0.995796
0.994395
0.994862
0.996030
0.996263
0.996030
0.994862
0.996731
0.995796
0.994629
0.995096
0.993461
0.995329
0.996030
0.995329
0.994629
0.995096
0.996263
0.994862
0.995096
0.996497
0.996964
0.996964
0.996964
0.996964
0.996497
0.996964
0.994862
0.996964
0.996731
0.995096
0.996263
0.996964
0.996731
0.996497
0.996731
0.996731
0.996731
0.996964
0.996964
0.995329
0.996497
0.995329
0.997198
0.997198
0.996263
0.997198
0.996497
0.995563
0.996731
0.995563
0.996964
0.997431
0.996263
0.995796
0.997431
0.995563
0.996731
0.996030
0.997431
0.995796
0.995563
0.996964
0.995796
0.996497
0.995563
0.995096
0.996964
0.995563
0.994629
0.996731
0.995329
0.996497
0.995796
0.995329
0.995329
0.996263
0.995329
0.995329
0.995329
0.996964
0.995096
0.996497
0.995096
0.995096
0.996263
0.995563
0.994629
0.995796
0.995096
0.996731
0.995329
0.995329
0.996030
0.996263
0.995329
0.996731
0.996731
0.994395
0.995796
0.995329
0.996030
0.997198
0.996731
0.997198
0.996964
0.997198
0.995796
0.995563
0.997198
0.996030
0.996030
0.995096
0.997431
0.995563
0.996497
0.997431
0.995563
0.996030
0.997198
0.996030
0.997898
0.996263
0.997431
0.997665
0.997665
0.997665
0.996263
0.998132
0.998365
0.996030
0.996964
0.997898
0.998132
0.997898
0.998365
0.998132
0.998365
0.998365
0.998365
0.998365
0.998599
0.998365
0.998365
0.997198
0.998365
0.997431
0.998365
0.998365
0.998365
0.998365
0.997898
0.998132
0.998832
0.998365
0.997665
0.998365
0.998599
0.998132
0.998365
0.998599
0.998599
0.998365
0.998599
0.998599
0.998599
0.998599
0.998832
0.998132
0.999066
0.998599
0.998832
0.998599
0.999066
0.998832
0.999066
0.999066
0.999066
0.998832
0.998832
0.998599
0.999066
0.998599
0.998832
0.998132
0.998832
0.999066
0.998832
0.999066
0.999066
0.999066
0.999299
0.998832
0.999066
0.999299
0.999066
0.998832
0.998365
0.999299
0.999066
0.998832
0.999066
0.999299
0.998832
0.999299
0.998832
0.998132
0.999066
