431.277771
383.473694
343.071259
307.448578
275.832428
247.513184
222.275909
199.682816
179.639542
161.679169
145.623291
131.244339
118.374397
106.785164
96.414253
87.095726
78.711769
71.186745
64.403633
58.310677
52.815517
47.849712
43.392311
39.344727
35.704418
32.422569
29.452511
26.778776
24.340961
22.151197
20.161327
18.362801
16.733952
15.263773
13.926249
12.714921
11.617229
10.623040
9.722090
8.901220
8.160145
7.486324
6.873882
6.319870
5.810783
5.351871
4.934583
4.555299
4.209380
3.893059
3.607713
3.346641
3.106526
2.889282
2.689890
2.507354
2.339868
2.187671
2.047339
1.919996
1.800475
1.692386
1.593685
1.500927
1.415495
1.337358
1.264496
1.197130
1.134765
1.076406
1.022412
0.971838
0.925683
0.880761
0.840224
0.800505
0.764369
0.729807
0.697249
0.666323
0.637874
0.609919
0.584189
0.559786
0.536072
0.513880
0.493362
0.473297
0.454507
0.436552
0.419522
0.403512
0.387756
0.372982
0.359217
0.345784
0.333028
0.321036
0.309500
0.298567
0.287981
0.278543
0.268904
0.259642
0.251261
0.242563
0.234969
0.227699
0.220666
0.214099
0.207726
0.201539
0.196788
0.190472
0.185433
0.180553
0.176113
0.171154
0.167017
0.163713
0.158907
0.155933
0.153308
0.148708
0.145757
0.142796
0.140327
0.137047
0.134573
0.132146
0.130754
0.127744
0.125734
0.123260
0.121611
0.119708
0.117923
0.115899
0.114167
0.112636
0.110879
0.110043
0.107988
0.106365
0.105509
0.103695
0.103649
0.102324
0.099883
0.099205
0.097639
0.097564
0.095620
0.094044
0.093640
0.092394
0.090906
0.090108
0.089212
0.088449
0.087234
0.086483
0.086331
0.084992
0.084582
0.082958
0.082756
0.081466
0.080519
0.079697
0.079048
0.078457
0.077593
0.077147
0.076355
0.075583
0.075582
0.074434
0.074163
0.073223
0.072223
0.071850
0.072350
0.071091
0.070526
0.069893
0.068664
0.068676
0.067703
0.066975
0.066614
0.067762
0.066313
0.064987
0.064801
0.063822
0.063842
0.062942
0.062477
0.062930
0.061497
0.061096
0.060575
0.060383
0.059474
0.059438
0.058492
0.058588
0.058176
0.057495
0.057604
0.056483
0.056147
0.055941
0.055094
0.054707
0.055571
0.053881
0.053790
0.053395
0.052621
0.052715
0.053145
0.051689
0.051239
0.051441
0.050952
0.050695
0.049753
0.050699
0.049459
0.048864
0.048437
0.048122
0.047742
0.047292
0.047560
0.046898
0.047430
0.046587
