0.234667 0.151367
0.228000 0.159180
0.218667 0.161133
0.496000 0.763672
0.460000 0.764648
0.466667 0.765625
0.504000 0.765625
0.540000 0.766602
0.480000 0.767578
0.445333 0.768555
0.498667 0.768555
0.446667 0.769531
0.438667 0.771484
0.542667 0.771484
0.545333 0.774414
0.466667 0.776367
0.462667 0.777344
0.541333 0.778320
0.481333 0.779297
0.449333 0.781250
0.520000 0.781250
0.458667 0.782227
0.502667 0.783203
0.544000 0.783203
0.490667 0.785156
0.554667 0.785156
0.466667 0.786133
0.550667 0.787109
0.521333 0.788086
0.545333 0.790039
0.556000 0.791992
0.490667 0.792969
0.540000 0.793945
0.556000 0.793945
0.496000 0.796875
0.502667 0.798828
0.546667 0.798828
0.552000 0.799805
0.546667 0.804688
0.534667 0.807617
0.529333 0.808594
0.537333 0.811523
0.974667 0.849609
0.989333 0.850586
0.988000 0.853516
0.920000 0.856445
0.940000 0.856445
0.910667 0.857422
0.982667 0.857422
0.920000 0.858398
0.933333 0.858398
0.928000 0.859375
0.677333 0.888672
0.680000 0.888672
0.672000 0.889648
0.690667 0.890625
0.878667 0.891602
0.673333 0.892578
0.670667 0.894531
0.704000 0.894531
0.710667 0.895508
0.898667 0.895508
0.664000 0.899414
0.725333 0.899414
0.890667 0.900391
0.713333 0.901367
0.704000 0.903320
0.694667 0.904297
0.704000 0.904297
0.744000 0.905273
0.898667 0.905273
0.729333 0.906250
0.741333 0.906250
0.750667 0.907227
0.706667 0.908203
0.912000 0.909180
0.676000 0.911133
0.697333 0.911133
0.737333 0.916016
0.749333 0.916992
0.698667 0.918945
0.729333 0.920898
0.750667 0.920898
0.785333 0.920898
0.789333 0.922852
0.798667 0.925781
0.729333 0.927734
0.797333 0.930664
0.808000 0.930664
0.773333 0.931641
0.778667 0.932617
0.808000 0.934570
0.794667 0.935547
0.765333 0.937500
0.801333 0.937500
0.814667 0.937500
0.820000 0.938477
0.740000 0.939453
0.716000 0.940430
0.722667 0.940430
0.816000 0.942383
0.850667 0.943359
0.781333 0.944336
0.814667 0.944336
0.752000 0.945312
0.718667 0.948242
0.726667 0.948242
0.689333 0.949219
0.854667 0.949219
0.777333 0.950195
0.873333 0.951172
0.734667 0.952148
0.738667 0.952148
0.849333 0.952148
0.838667 0.954102
0.745333 0.956055
0.858667 0.956055
0.700000 0.957031
0.745333 0.957031
0.796000 0.958008
0.702667 0.959961
0.865333 0.961914
0.865333 0.962891
0.828000 0.964844
0.856000 0.965820
0.833333 0.966797
0.720000 0.967773
0.826667 0.968750
0.650667 0.969727
0.724000 0.969727
0.736000 0.969727
0.722667 0.970703
0.733333 0.970703
0.830667 0.971680
0.661333 0.972656
0.672000 0.974609
0.680000 0.974609
0.729333 0.974609
0.664000 0.975586
0.684000 0.975586
0.846667 0.975586
0.688000 0.976562
0.712000 0.981445
0.716000 0.983398
0.478667 0.205078
0.530667 0.207031
0.472000 0.208008
0.456000 0.209961
0.532000 0.210938
0.552000 0.211914
0.478667 0.213867
0.544000 0.213867
0.524000 0.214844
0.565333 0.214844
0.540000 0.215820
0.528000 0.217773
0.545333 0.217773
0.634667 0.230469
0.272000 0.316406
0.244000 0.317383
0.234667 0.319336
0.276000 0.322266
0.236000 0.325195
0.240000 0.326172
0.225333 0.333008
0.280000 0.333008
0.270667 0.335938
0.466667 0.541016
0.445333 0.543945
0.481333 0.548828
0.468000 0.549805
0.441333 0.554688
0.438667 0.596680
0.449333 0.597656
0.416000 0.598633
0.425333 0.599609
0.444000 0.599609
0.442667 0.601562
0.420000 0.602539
0.436000 0.602539
0.461333 0.602539
0.422667 0.605469
0.349333 0.639648
0.381333 0.645508
0.373333 0.646484
0.364000 0.647461
0.378667 0.647461
0.382667 0.652344
0.361333 0.656250
0.346667 0.657227
0.365333 0.658203
0.384000 0.662109
0.369333 0.663086
0.765333 0.485352
0.721333 0.492188
0.724000 0.495117
0.776000 0.496094
0.724000 0.500977
0.754667 0.500977
0.726667 0.501953
0.740000 0.507812
0.772000 0.508789
0.768000 0.510742
0.722667 0.512695
0.722667 0.513672
0.760000 0.516602
0.734667 0.519531
0.744000 0.519531
0.756000 0.519531
0.761333 0.522461
0.745333 0.525391
0.754667 0.526367
0.744000 0.527344
0.736000 0.528320
0.768000 0.528320
0.760000 0.535156
0.736000 0.536133
0.772000 0.536133
0.772000 0.541016
0.754667 0.542969
0.772000 0.543945
0.769333 0.547852
0.744000 0.550781
0.762667 0.551758
0.748000 0.556641
0.758667 0.556641
0.744000 0.563477
0.728000 0.565430
0.768000 0.565430
0.749333 0.568359
0.720000 0.570312
0.970667 0.679688
0.966667 0.682617
0.966667 0.687500
0.968000 0.702148
0.970667 0.703125
0.986667 0.706055
0.958667 0.711914
0.977333 0.712891
0.980000 0.712891
0.962667 0.717773
0.969333 0.717773
0.968000 0.718750
0.984000 0.721680
0.966667 0.724609
0.801333 0.329102
0.784000 0.331055
0.773333 0.333008
0.798667 0.333984
0.794667 0.334961
0.782667 0.336914
0.810667 0.338867
0.757333 0.340820
0.812000 0.340820
0.809333 0.344727
0.750667 0.345703
0.756000 0.353516
0.776000 0.355469
0.797333 0.355469
0.798667 0.355469
0.778667 0.356445
0.821333 0.356445
0.812000 0.359375
0.789333 0.362305
0.750667 0.363281
0.785333 0.365234
0.786667 0.365234
0.825333 0.366211
0.818667 0.368164
0.753333 0.372070
0.824000 0.374023
0.794667 0.375977
0.752000 0.377930
0.756000 0.379883
0.777333 0.379883
0.758667 0.380859
0.770667 0.381836
0.762667 0.382812
0.810667 0.383789
0.744000 0.385742
0.785333 0.385742
0.833333 0.385742
0.760000 0.386719
0.814667 0.386719
0.776000 0.387695
0.788000 0.388672
0.790667 0.390625
0.818667 0.391602
0.820000 0.391602
0.741333 0.392578
0.752000 0.393555
0.752000 0.395508
0.802667 0.395508
0.741333 0.396484
0.833333 0.396484
0.838667 0.399414
0.758667 0.400391
0.794667 0.401367
0.777333 0.402344
0.832000 0.402344
0.756000 0.403320
0.742667 0.404297
0.750667 0.404297
0.753333 0.404297
0.820000 0.405273
0.738667 0.406250
0.745333 0.406250
0.745333 0.407227
0.818667 0.407227
0.841333 0.407227
0.740000 0.408203
0.790667 0.408203
0.578667 0.602539
0.557333 0.605469
0.564000 0.605469
0.580000 0.608398
0.600000 0.609375
0.613333 0.610352
0.601333 0.614258
0.612000 0.614258
0.569333 0.615234
0.541333 0.618164
0.614667 0.618164
0.554667 0.619141
0.600000 0.619141
0.578667 0.620117
0.560000 0.623047
0.538667 0.626953
0.570667 0.626953
0.544000 0.628906
0.557333 0.628906
0.612000 0.630859
0.542667 0.631836
0.564000 0.639648
0.590667 0.640625
0.574667 0.641602
0.593333 0.641602
0.601333 0.642578
0.552000 0.644531
0.565333 0.644531
0.612000 0.646484
0.580000 0.648438
0.618667 0.648438
0.560000 0.649414
0.557333 0.653320
0.585333 0.653320
0.576000 0.654297
0.536000 0.655273
0.594667 0.661133
0.548000 0.662109
0.602667 0.665039
0.553333 0.666992
0.558667 0.666992
0.554667 0.667969
0.542667 0.668945
0.597333 0.669922
0.600000 0.670898
0.572000 0.671875
0.581333 0.671875
0.596000 0.671875
0.616000 0.671875
0.554667 0.672852
0.545333 0.673828
0.585333 0.674805
0.717333 0.674805
0.738667 0.674805
0.760000 0.674805
0.602667 0.675781
0.597333 0.677734
0.602667 0.677734
0.624000 0.678711
0.658667 0.678711
0.662667 0.682617
0.714667 0.682617
0.654667 0.686523
0.672000 0.686523
0.656000 0.689453
0.677333 0.689453
0.754667 0.689453
0.654667 0.690430
0.704000 0.695312
0.705333 0.695312
0.706667 0.695312
0.665333 0.699219
0.756000 0.699219
0.748000 0.700195
0.658667 0.704102
0.684000 0.704102
0.713333 0.706055
0.730667 0.708008
0.754667 0.712891
0.416000 0.177734
0.401333 0.189453
0.422667 0.195312
0.416000 0.200195
0.397333 0.204102
0.425333 0.205078
0.424000 0.208008
0.396000 0.208984
0.420000 0.211914
0.404000 0.212891
0.424000 0.217773
0.418667 0.222656
0.416000 0.226562
0.412000 0.227539
0.422667 0.232422
0.397333 0.233398
0.393333 0.234375
0.402667 0.237305
0.405333 0.237305
0.418667 0.237305
0.412000 0.240234
0.425333 0.242188
0.404000 0.248047
0.405333 0.250977
0.414667 0.253906
0.396000 0.254883
0.401333 0.255859
0.424000 0.257812
0.422667 0.258789
0.392000 0.260742
0.398667 0.264648
0.412000 0.268555
0.425333 0.284180
0.408000 0.289062
0.424000 0.291992
0.488000 0.231445
0.461333 0.238281
0.517333 0.238281
0.476000 0.239258
0.905333 0.239258
0.525333 0.240234
0.562667 0.242188
0.545333 0.243164
0.516000 0.245117
0.516000 0.246094
0.904000 0.246094
0.938667 0.246094
0.920000 0.250000
0.848000 0.261719
0.841333 0.272461
0.854667 0.276367
0.844000 0.277344
0.850667 0.280273
0.841333 0.286133
0.368000 0.322266
0.361333 0.324219
0.354667 0.327148
0.346667 0.334961
0.357333 0.335938
0.346667 0.336914
0.348000 0.337891
0.353333 0.337891
0.368000 0.338867
0.442667 0.395508
0.448000 0.403320
0.310667 0.635742
0.320000 0.636719
0.328000 0.643555
0.330667 0.646484
0.302667 0.647461
0.321333 0.647461
0.328000 0.650391
0.329333 0.660156
0.322667 0.662109
0.316000 0.664062
0.301333 0.179688
0.334667 0.179688
0.329333 0.181641
0.282667 0.185547
0.340000 0.185547
0.358667 0.185547
0.292000 0.187500
0.350667 0.188477
0.294667 0.189453
0.333333 0.191406
0.324000 0.192383
0.332000 0.198242
0.326667 0.200195
0.300000 0.202148
0.348000 0.204102
0.328000 0.205078
0.337333 0.205078
0.358667 0.206055
0.360000 0.206055
0.293333 0.208008
0.313333 0.208984
0.312000 0.213867
0.354667 0.214844
0.281333 0.215820
0.328000 0.215820
0.361333 0.215820
0.316000 0.217773
0.306667 0.218750
0.316000 0.222656
0.293333 0.223633
0.325333 0.224609
0.286667 0.228516
0.354667 0.230469
0.318667 0.231445
0.352000 0.234375
0.358667 0.234375
0.321333 0.235352
0.341333 0.239258
0.342667 0.239258
0.365333 0.239258
0.322667 0.240234
0.353333 0.244141
0.284000 0.246094
0.288000 0.246094
0.313333 0.248047
0.360000 0.250977
0.300000 0.253906
0.336000 0.254883
0.284000 0.255859
0.289333 0.257812
0.349333 0.257812
0.317333 0.259766
0.304000 0.263672
0.365333 0.265625
0.313333 0.266602
0.285333 0.267578
0.321333 0.268555
0.321333 0.269531
0.309333 0.270508
0.342667 0.270508
0.348000 0.272461
0.354667 0.273438
0.298667 0.274414
0.364000 0.274414
0.296000 0.276367
0.318667 0.277344
0.353333 0.277344
0.293333 0.278320
0.288000 0.281250
0.321333 0.282227
0.293333 0.283203
0.338667 0.285156
0.346667 0.286133
0.344000 0.290039
0.362667 0.290039
0.320000 0.291992
0.353333 0.291992
0.317333 0.293945
0.286667 0.294922
0.298667 0.294922
0.349333 0.296875
0.352000 0.296875
0.364000 0.296875
0.766667 0.745117
0.752000 0.746094
0.732000 0.747070
0.768000 0.747070
0.782667 0.747070
0.736000 0.748047
0.746667 0.748047
0.782667 0.750977
0.882667 0.751953
0.894667 0.751953
0.724000 0.756836
0.753333 0.760742
0.770667 0.761719
0.910667 0.761719
0.778667 0.762695
0.874667 0.762695
0.888000 0.763672
0.760000 0.764648
0.736000 0.765625
0.758667 0.765625
0.729333 0.766602
0.720000 0.767578
0.728000 0.767578
0.765333 0.767578
0.761333 0.771484
0.877333 0.771484
0.734667 0.773438
0.720000 0.775391
0.922667 0.775391
0.913333 0.777344
0.920000 0.778320
0.720000 0.779297
0.881333 0.779297
0.769333 0.780273
0.874667 0.781250
0.774667 0.782227
0.772000 0.784180
0.920000 0.784180
0.913333 0.786133
0.905333 0.787109
0.732000 0.790039
0.778667 0.790039
0.740000 0.272461
0.796000 0.272461
0.741333 0.273438
0.737333 0.278320
0.774667 0.280273
0.741333 0.281250
0.734667 0.284180
0.758667 0.286133
0.782667 0.287109
0.749333 0.289062
0.761333 0.290039
0.736000 0.291016
0.745333 0.291016
0.776000 0.291992
0.780000 0.292969
0.792000 0.293945
0.780000 0.295898
0.748000 0.296875
0.769333 0.297852
0.737333 0.298828
0.790667 0.300781
0.764000 0.301758
0.776000 0.303711
0.746667 0.304688
0.800000 0.304688
0.594667 0.342773
0.601333 0.342773
0.610667 0.342773
0.598667 0.345703
0.610667 0.355469
0.606667 0.365234
0.610667 0.365234
0.601333 0.366211
0.610667 0.379883
0.613333 0.385742
0.609333 0.386719
0.609333 0.387695
0.594667 0.402344
0.605333 0.407227
0.605333 0.413086
0.590667 0.414062
0.598667 0.416016
0.600000 0.421875
0.608000 0.421875
0.609333 0.422852
0.608000 0.426758
0.601333 0.429688
0.350667 0.728516
0.376000 0.739258
0.360000 0.752930
0.356000 0.757812
0.364000 0.757812
0.378667 0.759766
0.369333 0.763672
0.342667 0.521484
0.350667 0.522461
0.340000 0.523438
0.338667 0.526367
0.313333 0.528320
0.344000 0.531250
0.258667 0.533203
0.324000 0.537109
0.257333 0.539062
0.316000 0.540039
0.266667 0.543945
0.260000 0.553711
0.262667 0.558594
0.349333 0.562500
0.256000 0.573242
0.349333 0.573242
0.349333 0.597656
0.352000 0.598633
0.352000 0.600586
0.366667 0.602539
0.328000 0.603516
0.341333 0.603516
0.368000 0.606445
0.358667 0.608398
0.332000 0.610352
0.356000 0.613281
0.329333 0.616211
0.338667 0.616211
0.340000 0.619141
0.354667 0.623047
0.468000 0.972656
0.450667 0.973633
0.434667 0.976562
0.432000 0.977539
0.486667 0.980469
0.497333 0.982422
0.460000 0.983398
0.468000 0.983398
0.454667 0.987305
0.456000 0.987305
0.460000 0.987305
0.465333 0.987305
0.493333 0.990234
