425.068329
369.534485
322.436523
281.261292
245.534058
214.396286
187.204712
163.498581
142.743134
124.603012
108.781952
94.972183
82.891510
72.344582
63.142345
55.119202
48.104057
41.990871
36.658291
32.010307
27.961405
24.434799
21.362822
18.685158
16.356146
14.325592
12.560477
11.025367
9.690619
8.529842
7.520271
6.643806
5.881761
5.219555
4.644553
4.145236
3.710974
3.334141
3.006367
2.722867
2.475992
2.261772
2.076200
1.914064
1.772780
1.649188
1.541682
1.447701
1.366238
1.294698
1.231117
1.174515
1.125934
1.082969
1.045434
1.012302
0.982994
0.956999
0.934071
0.913498
0.895133
0.878499
0.863797
0.850567
0.838365
0.827584
0.817652
0.808540
0.800532
0.792719
0.785755
0.779053
0.772968
0.767244
0.762095
0.757008
0.752237
0.747978
0.743886
0.739630
0.735837
0.732067
0.728682
0.724903
0.721597
0.718391
0.715634
0.712632
0.709604
0.707079
0.704195
0.701820
0.699230
0.697152
0.694521
0.692546
0.690126
0.687899
0.685886
0.684160
0.681515
0.679545
0.677359
0.675789
0.674198
0.672874
0.669879
0.668331
0.667120
0.664619
0.663483
0.661002
0.658648
0.658072
0.656187
0.654674
0.652798
0.650750
0.650265
0.648106
0.646155
0.645077
0.643057
0.642242
0.641321
0.642209
0.637801
0.635554
0.634341
0.632816
0.631686
0.630507
0.629365
0.627121
0.626119
0.624306
0.623110
0.622482
0.621439
0.619455
0.619008
0.616775
0.615391
0.618419
0.612835
0.611499
0.610675
0.608535
0.607899
0.607329
0.604923
0.604517
0.602392
0.601826
0.600717
0.599625
0.598123
0.596760
0.594969
0.594291
0.592286
0.591561
0.590069
0.592041
0.587856
0.586591
0.585458
0.584482
0.583489
0.582325
0.582070
0.579764
0.579027
0.577437
0.577370
0.575143
0.574610
0.574341
0.572646
0.571800
0.571827
0.568854
0.567799
0.567858
0.564555
0.564103
0.562446
0.561153
0.560557
0.560397
0.558926
0.556404
0.556552
0.554831
0.553983
0.552834
0.551692
0.551884
0.549205
0.548861
0.546609
0.546608
0.549521
0.544335
0.543890
0.541306
0.540775
0.539444
0.540442
0.538620
0.537867
0.535555
0.536741
0.533843
0.533907
0.531708
0.530612
0.529198
0.528953
0.528393
0.529202
0.526832
0.525743
0.526448
0.524472
0.522654
0.521815
0.520126
0.520170
0.518079
0.516702
0.516432
0.526600
0.515994
0.517444
0.512950
0.515300
0.510961
0.511145
0.509584
