0.469388
0.553108
0.716141
0.737477
0.736085
0.736549
0.736085
0.729360
0.709647
0.721475
0.738868
0.744202
0.748609
0.756030
0.762291
0.759740
0.760900
0.760204
0.762059
0.769944
0.771336
0.771568
0.772263
0.775046
0.774351
0.771568
0.771568
0.770176
0.770640
0.773191
0.774583
0.770640
0.771568
0.774583
0.773655
0.774351
0.773191
0.772495
0.773423
0.774814
0.777134
0.775278
0.776438
0.778061
0.777366
0.780844
0.780844
0.779917
0.781308
0.779685
0.779685
0.780380
0.778757
0.779685
0.778989
0.777597
0.778525
0.776670
0.778061
0.775974
0.776438
0.775974
0.775510
0.776206
0.774351
0.774583
0.775742
0.775278
0.775278
0.775510
0.774119
0.773191
0.774119
0.774583
0.774814
0.775510
0.774351
0.773423
0.774351
0.774351
0.773655
0.773191
0.772959
0.774351
0.774814
0.772959
0.772263
0.774583
0.774814
0.773655
0.774583
0.773423
0.775510
0.777829
0.776438
0.775510
0.773655
0.777134
0.773191
0.775278
0.774814
0.774583
0.775046
0.774583
0.775742
0.774814
0.775974
0.775742
0.775046
0.773423
0.775278
0.778525
0.772727
0.775510
0.772959
0.776670
0.777134
0.775278
0.775510
0.775974
0.774814
0.778061
0.775742
0.777597
0.776902
0.777134
0.778061
0.779453
0.777829
0.778525
0.779453
0.778293
0.776206
0.778757
0.777597
0.777366
0.776438
0.782931
0.778757
0.780844
0.781076
0.782236
0.781308
0.785019
0.782699
0.788265
0.789193
0.790353
0.791744
0.790816
0.791744
0.791280
0.788729
0.788497
0.794295
0.794991
0.795918
0.793135
0.795918
0.795455
0.798933
0.794759
0.798006
0.794063
0.799629
0.797542
0.796382
0.795686
0.800093
0.801716
0.797542
0.799861
0.804499
0.801716
0.801252
0.799397
0.800789
0.801020
0.804035
0.802180
0.804499
0.803803
0.803571
0.799861
0.803571
0.803803
0.805427
0.806122
0.806354
0.807050
0.806122
0.811688
0.807978
0.809369
0.806586
0.810529
0.811456
0.811224
0.810993
0.813080
0.811688
0.813776
0.810993
0.815399
0.814007
0.814239
0.810297
0.813544
0.814703
0.815863
0.813312
0.812848
0.815399
0.817486
0.813312
0.816095
0.816327
0.814703
0.819805
0.819573
0.821197
0.818182
0.818878
0.817950
0.820269
0.820501
0.821892
0.824211
0.824443
0.820965
0.820965
0.820037
0.822356
0.820965
0.820037
0.823284
0.822820
0.823284
0.827226
0.819573
