0.552180
0.694109
0.726577
0.735390
0.756957
0.761827
0.766234
0.769481
0.767625
0.766002
0.768785
0.769249
0.772959
0.775046
0.776438
0.776206
0.781772
0.780844
0.780380
0.780148
0.778293
0.778757
0.779221
0.781540
0.782468
0.782699
0.784091
0.785714
0.786642
0.785019
0.786410
0.787570
0.787106
0.785482
0.785714
0.785714
0.784323
0.785482
0.788497
0.787106
0.787802
0.790353
0.789425
0.791048
0.789657
0.791512
0.790816
0.791744
0.792440
0.793599
0.794295
0.795455
0.796150
0.794759
0.794527
0.795686
0.795223
0.795455
0.793367
0.795455
0.794991
0.793367
0.794991
0.794991
0.795223
0.794063
0.795686
0.796614
0.794759
0.795455
0.794527
0.794295
0.798469
0.797542
0.798469
0.795686
0.796846
0.794295
0.795455
0.796150
0.794063
0.794759
0.796614
0.795223
0.796382
0.795455
0.793367
0.789889
0.796846
0.794759
0.795223
0.793135
0.795455
0.793831
0.794063
0.792904
0.793599
0.792672
0.792440
0.788961
0.788961
0.787106
0.791280
0.786642
0.788033
0.790121
0.789889
0.787106
0.787338
0.785714
0.789657
0.785250
0.789425
0.788497
0.791048
0.791048
0.788033
0.792208
0.797310
0.797542
0.797078
0.795455
0.799397
0.799397
0.799861
0.798701
0.797078
0.802644
0.801716
0.800093
0.805195
0.803340
0.805659
0.801948
0.807282
0.806354
0.804035
0.808442
0.809137
0.805659
0.804731
0.807746
0.807514
0.807746
0.808210
0.806586
0.810761
0.808673
0.809369
0.809369
0.808210
0.806122
0.809369
0.811456
0.811920
0.811456
0.810993
0.809369
0.813776
0.811920
0.808442
0.813312
0.813312
0.812384
0.814703
0.814703
0.813080
0.810761
0.814239
0.813312
0.812848
0.815863
0.816558
0.814007
0.816327
0.816327
0.811456
0.815399
0.817718
0.814471
0.815631
0.815399
0.820733
0.814703
0.817022
0.817718
0.817022
0.814935
0.814007
0.819109
0.819805
0.819573
0.817022
0.822124
0.819109
0.824443
0.820269
0.820037
0.823516
0.818646
0.822820
0.821429
0.816558
0.820733
0.821429
0.820269
0.823516
0.825139
0.825139
0.820037
0.831633
0.823980
0.818646
0.824907
0.819805
0.823284
0.818414
0.832328
0.824907
0.829314
0.823284
0.826531
0.828386
0.830241
0.826299
0.826299
0.830705
0.827458
0.828850
0.826531
0.831169
0.825139
0.822588
0.826299
0.832328
0.828618
0.828386
0.831633
0.823052
0.826299
