418.430847
364.087921
318.076965
278.489960
244.106766
214.203583
188.327393
165.707794
145.900894
128.570145
113.391220
100.088631
88.404724
78.133858
69.098808
61.168613
54.182590
48.036659
42.628548
37.863991
33.664478
29.963137
26.697399
23.811659
21.265184
19.015305
17.025805
15.267170
13.711219
12.330199
11.111737
10.036167
9.071424
8.215318
7.457196
6.784289
6.183759
5.649494
5.171418
4.748324
4.368709
4.028702
3.722704
3.449712
3.207171
2.982769
2.784346
2.608940
2.444919
2.298643
2.167391
2.047233
1.939259
1.841437
1.748870
1.668855
1.594753
1.524433
1.462476
1.405534
1.353700
1.304025
1.260676
1.220283
1.182438
1.148773
1.116613
1.086487
1.061065
1.034425
1.011787
0.989853
0.969727
0.951347
0.935304
0.917872
0.903454
0.888074
0.876322
0.863726
0.852411
0.842478
0.832875
0.824499
0.814902
0.807607
0.799694
0.793406
0.786158
0.779393
0.775368
0.768734
0.763903
0.758716
0.754453
0.749879
0.746493
0.741940
0.737637
0.733903
0.732072
0.727906
0.724308
0.722567
0.719794
0.716641
0.714310
0.711546
0.709286
0.707528
0.704995
0.703017
0.700632
0.698861
0.696445
0.694708
0.694077
0.691049
0.689362
0.687721
0.686032
0.684379
0.682680
0.680649
0.680617
0.678387
0.676615
0.675706
0.674115
0.673379
0.671029
0.670718
0.667933
0.665551
0.665326
0.663378
0.662953
0.660815
0.659696
0.657487
0.656687
0.655966
0.654507
0.653123
0.652347
0.650535
0.649685
0.648736
0.648456
0.646807
0.645157
0.643390
0.642536
0.641146
0.639665
0.638406
0.637655
0.636044
0.634824
0.634095
0.632561
0.631850
0.631690
0.630418
0.628842
0.627978
0.626386
0.625425
0.623950
0.622638
0.621990
0.620313
0.619239
0.619319
0.617203
0.619410
0.616924
0.613543
0.613953
0.612064
0.612145
0.611760
0.609383
0.608487
0.607649
0.606479
0.606920
0.604237
0.604853
0.602351
0.601414
0.600188
0.601309
0.599015
0.599891
0.598266
0.596515
0.595766
0.595559
0.595100
0.594122
0.591760
0.591242
0.591018
0.591523
0.588714
0.588067
0.588829
0.588095
0.586956
0.585218
0.585065
0.586507
0.585781
0.584577
0.581936
0.582078
0.581511
0.582835
0.578652
0.579713
0.578195
0.581873
0.580109
0.578174
0.575610
0.573807
0.572052
0.571879
0.571551
0.572475
0.569640
0.572258
0.570464
0.567276
0.570617
0.568469
0.566350
0.566251
0.573168
