0.527134
0.625464
0.679035
0.706865
0.715677
0.726577
0.736781
0.751623
0.757885
0.766466
0.767625
0.772727
0.783627
0.787802
0.787338
0.788729
0.789889
0.792440
0.799165
0.800557
0.798701
0.800789
0.798701
0.795455
0.795918
0.795223
0.796382
0.795223
0.796846
0.796846
0.796614
0.794759
0.793599
0.792672
0.791744
0.792208
0.790584
0.789889
0.790353
0.790353
0.790816
0.792440
0.790816
0.790353
0.791280
0.792672
0.791744
0.791744
0.792208
0.790816
0.790816
0.792440
0.792672
0.791744
0.792440
0.788497
0.792440
0.794063
0.790353
0.791280
0.790816
0.791744
0.792208
0.790353
0.792208
0.789657
0.788033
0.788265
0.788961
0.787802
0.788961
0.786410
0.785714
0.787338
0.788265
0.786410
0.784555
0.785482
0.784787
0.786642
0.784787
0.783395
0.783859
0.784555
0.784091
0.785019
0.783859
0.785714
0.785019
0.783859
0.782236
0.784323
0.783163
0.785250
0.783627
0.783395
0.784091
0.782468
0.782699
0.781540
0.782931
0.782699
0.782236
0.782699
0.783395
0.779917
0.778293
0.784091
0.784091
0.783163
0.779453
0.782236
0.782699
0.780844
0.779221
0.780844
0.783395
0.783859
0.783859
0.783163
0.782236
0.780380
0.783627
0.784091
0.784323
0.784787
0.787338
0.793135
0.793367
0.788729
0.788729
0.785019
0.787338
0.788497
0.792208
0.793367
0.793831
0.795223
0.800557
0.791280
0.792672
0.794759
0.794991
0.792440
0.796382
0.797310
0.797542
0.796150
0.795918
0.795918
0.798469
0.796846
0.799397
0.799165
0.799397
0.798933
0.800093
0.801716
0.801484
0.800789
0.799629
0.803108
0.798469
0.801484
0.802180
0.802876
0.803803
0.801716
0.803108
0.803108
0.803803
0.802644
0.801716
0.804267
0.802180
0.802412
0.802876
0.801484
0.805427
0.804963
0.804035
0.802876
0.804499
0.804731
0.807050
0.803803
0.804731
0.805891
0.806586
0.805427
0.806586
0.805659
0.804499
0.805427
0.808673
0.806354
0.807282
0.805195
0.807514
0.805195
0.807514
0.807282
0.807282
0.805427
0.807050
0.807978
0.807282
0.812616
0.810761
0.806122
0.807746
0.808673
0.807282
0.810065
0.809601
0.807978
0.805891
0.806818
0.805427
0.810065
0.807978
0.812616
0.810065
0.811456
0.809369
0.809369
0.806586
0.811456
0.808442
0.810761
0.805659
0.807978
0.814471
0.812152
0.807050
0.809369
0.813312
0.813312
0.815167
0.809137
