441.674164
382.672455
337.951233
299.006622
265.434723
235.713455
209.550644
186.658951
166.263718
148.252914
132.297791
118.191528
105.702995
94.566200
84.678703
75.913452
68.094490
61.104420
54.882046
49.315197
44.364994
39.935879
35.974899
32.444820
29.271519
26.441128
23.900145
21.619572
19.576365
17.744200
16.093678
14.612790
13.282879
12.084641
11.009692
10.039096
9.168329
8.380557
7.671427
7.032504
6.456125
5.933925
5.463200
5.036173
4.647315
4.297910
3.983367
3.697445
3.437227
3.202811
2.989681
2.795876
2.621745
2.462086
2.317188
2.185170
2.065502
1.955080
1.855614
1.765030
1.681802
1.607086
1.536971
1.475024
1.416658
1.363568
1.315000
1.270262
1.229784
1.191454
1.156255
1.123833
1.093958
1.065624
1.040188
1.017254
0.994552
0.974515
0.956237
0.937514
0.921096
0.906135
0.891551
0.877569
0.864592
0.852960
0.840936
0.830942
0.819791
0.810472
0.800734
0.792332
0.785260
0.776644
0.769129
0.761391
0.755199
0.748481
0.743521
0.737788
0.731836
0.725868
0.721134
0.716120
0.710947
0.707130
0.702528
0.698804
0.694496
0.690048
0.686974
0.683365
0.679650
0.677692
0.673621
0.670349
0.667020
0.665160
0.662644
0.659190
0.657580
0.655094
0.655644
0.650444
0.649227
0.646713
0.645861
0.642309
0.641126
0.641100
0.637951
0.635103
0.634269
0.632229
0.631887
0.629853
0.628073
0.628631
0.625350
0.624261
0.623696
0.621389
0.621267
0.619292
0.618161
0.615995
0.617010
0.614425
0.612829
0.611170
0.610530
0.609352
0.608144
0.608066
0.606439
0.605211
0.604225
0.604541
0.602010
0.600590
0.599122
0.598571
0.597251
0.596714
0.595357
0.593886
0.592163
0.590707
0.591909
0.590867
0.589061
0.587485
0.588137
0.584930
0.584070
0.584340
0.582584
0.581447
0.584752
0.580535
0.579875
0.577651
0.577460
0.577313
0.575575
0.574425
0.574521
0.571927
0.572095
0.573885
0.575361
0.569061
0.568288
0.567563
0.565862
0.567922
0.564013
0.567984
0.562920
0.561639
0.564070
0.562842
0.560600
0.559926
0.557304
0.556692
0.556831
0.556798
0.555516
0.554908
0.553893
0.553511
0.551855
0.562561
0.550290
0.550516
0.548187
0.549125
0.546156
0.547360
0.545280
0.544474
0.544608
0.543297
0.543538
0.542995
0.541465
0.539808
0.539592
0.539374
0.537805
0.537734
0.538632
0.539330
0.540705
0.535460
0.535763
0.533484
0.535017
0.533054
