0.469388
0.582792
0.646336
0.692254
0.726577
0.733534
0.735390
0.740028
0.743506
0.754638
0.754406
0.751623
0.754174
0.761364
0.758349
0.765770
0.761827
0.766466
0.766930
0.768553
0.766930
0.768785
0.770176
0.773423
0.775510
0.774119
0.776670
0.775742
0.778293
0.776902
0.777366
0.777829
0.780612
0.783395
0.784091
0.784323
0.781308
0.783859
0.782236
0.784555
0.784787
0.785019
0.783859
0.783627
0.782699
0.785250
0.787802
0.785714
0.791512
0.788961
0.789425
0.792208
0.792208
0.792672
0.790816
0.791512
0.791512
0.790816
0.792208
0.791512
0.791280
0.789657
0.789193
0.792440
0.788961
0.789657
0.791280
0.790121
0.790353
0.792672
0.791048
0.792904
0.788961
0.784787
0.789425
0.788497
0.789889
0.788729
0.790121
0.790816
0.787570
0.784091
0.783163
0.785482
0.784091
0.788961
0.783859
0.780844
0.781308
0.782931
0.785019
0.780844
0.784323
0.787106
0.782236
0.785482
0.785482
0.782004
0.784555
0.785019
0.785482
0.785714
0.783627
0.782699
0.783163
0.786410
0.784555
0.783163
0.784323
0.784323
0.784323
0.786178
0.784555
0.785482
0.783859
0.784555
0.785250
0.786178
0.788497
0.790121
0.788961
0.785019
0.785714
0.784787
0.786874
0.790353
0.786642
0.794527
0.792440
0.791744
0.787338
0.791976
0.790353
0.792672
0.795223
0.791280
0.792440
0.797078
0.788265
0.791512
0.800557
0.800093
0.791512
0.795686
0.800325
0.791280
0.796846
0.799861
0.799861
0.789657
0.800325
0.804267
0.799397
0.801716
0.800557
0.801020
0.801948
0.804731
0.804035
0.804267
0.804499
0.804035
0.804035
0.799165
0.805891
0.806122
0.804963
0.807978
0.801020
0.802876
0.804731
0.808442
0.803803
0.806354
0.809137
0.803803
0.808442
0.806586
0.801948
0.806354
0.807282
0.809369
0.807282
0.807282
0.807282
0.809833
0.807746
0.804963
0.808442
0.810529
0.809137
0.811224
0.812616
0.809833
0.809601
0.817022
0.813776
0.814471
0.810529
0.813776
0.813312
0.812616
0.814471
0.812152
0.811688
0.814471
0.817718
0.809833
0.813544
0.813080
0.814471
0.812152
0.813080
0.818414
0.819805
0.817254
0.816558
0.816790
0.813312
0.816095
0.818414
0.814007
0.815167
0.817718
0.817486
0.819573
0.821197
0.814471
0.817718
0.816790
0.823516
0.817022
0.819805
0.821660
0.819805
0.821429
0.817950
0.815399
0.819805
0.814935
