183	164
184	164
185	164
183	165
184	165
185	165
183	166
184	166
185	166
397	797
398	797
399	797
400	797
401	797
397	798
398	798
399	798
400	798
401	798
397	799
398	799
399	799
400	799
401	799
344	800
345	800
397	800
398	800
399	800
400	800
401	800
344	801
345	801
397	801
398	801
399	801
400	801
401	801
344	802
345	802
344	803
345	803
391	811
392	811
391	812
392	812
661	913
662	913
663	913
664	913
661	914
662	914
663	914
664	914
661	915
662	915
663	915
664	915
595	952
596	952
597	952
595	953
596	953
597	953
564	955
565	955
566	955
564	956
565	956
566	956
584	956
585	956
586	956
587	956
588	956
584	957
585	957
586	957
587	957
588	957
584	958
585	958
586	958
587	958
588	958
605	961
606	961
607	961
608	961
605	962
606	962
607	962
608	962
605	963
606	963
607	963
608	963
605	964
606	964
607	964
608	964
551	967
552	967
553	967
554	967
551	968
552	968
553	968
554	968
551	969
552	969
553	969
554	969
551	970
552	970
553	970
554	970
551	971
552	971
553	971
554	971
595	981
596	981
597	981
595	982
596	982
597	982
595	983
596	983
597	983
532	990
533	990
534	990
535	990
536	990
532	991
533	991
534	991
535	991
536	991
511	995
512	995
513	995
514	995
515	995
511	996
512	996
513	996
514	996
515	996
511	997
512	997
513	997
514	997
515	997
511	998
512	998
513	998
514	998
515	998
417	213
418	213
419	213
417	214
418	214
419	214
418	222
419	222
420	222
421	222
418	223
419	223
420	223
421	223
418	224
419	224
420	224
421	224
331	616
332	616
333	616
334	616
335	616
331	617
332	617
333	617
334	617
335	617
331	618
332	618
333	618
334	618
335	618
331	619
332	619
333	619
334	619
335	619
341	619
342	619
341	620
342	620
269	671
270	671
271	671
272	671
269	672
270	672
271	672
272	672
553	549
554	549
555	549
556	549
557	549
553	550
554	550
555	550
556	550
557	550
553	551
554	551
555	551
556	551
557	551
547	556
548	556
549	556
547	557
548	557
549	557
547	558
548	558
549	558
547	559
548	559
549	559
546	561
547	561
548	561
546	562
547	562
548	562
546	563
547	563
548	563
546	564
547	564
548	564
546	565
547	565
548	565
739	704
740	704
739	705
740	705
739	706
740	706
739	707
740	707
739	708
740	708
570	356
571	356
572	356
573	356
574	356
570	357
571	357
572	357
573	357
574	357
570	358
571	358
572	358
573	358
574	358
570	359
571	359
572	359
573	359
574	359
563	365
564	365
565	365
566	365
567	365
563	366
564	366
565	366
566	366
567	366
588	383
589	383
590	383
588	384
589	384
590	384
588	385
589	385
590	385
588	386
589	386
590	386
594	400
595	400
594	401
595	401
594	402
595	402
594	403
595	403
594	404
595	404
433	637
434	637
435	637
436	637
437	637
433	638
434	638
435	638
436	638
437	638
433	639
434	639
435	639
436	639
437	639
433	640
434	640
435	640
436	640
437	640
433	641
434	641
435	641
436	641
437	641
428	685
429	685
430	685
428	686
429	686
430	686
428	687
429	687
430	687
486	696
487	696
488	696
489	696
490	696
486	697
487	697
488	697
489	697
490	697
486	698
487	698
488	698
489	698
490	698
486	699
487	699
488	699
489	699
490	699
486	700
487	700
488	700
489	700
490	700
556	701
557	701
558	701
556	702
557	702
558	702
556	703
557	703
558	703
556	704
557	704
558	704
556	705
557	705
558	705
539	721
540	721
539	722
540	722
539	723
540	723
518	727
519	727
520	727
521	727
518	728
519	728
520	728
521	728
518	729
519	729
520	729
521	729
518	730
519	730
520	730
521	730
294	215
295	215
296	215
297	215
298	215
294	216
295	216
296	216
297	216
298	216
294	217
295	217
296	217
297	217
298	217
310	222
311	222
312	222
310	223
311	223
312	223
310	224
311	224
312	224
310	225
311	225
312	225
310	226
311	226
312	226
315	291
316	291
315	292
316	292
341	243
342	243
341	244
342	244
341	245
342	245
366	245
367	245
368	245
683	245
684	245
685	245
341	246
342	246
366	246
367	246
368	246
683	246
684	246
685	246
341	247
342	247
683	247
684	247
685	247
683	248
684	248
685	248
683	249
684	249
685	249
645	274
646	274
645	275
646	275
262	330
263	330
262	331
263	331
262	332
263	332
262	333
263	333
232	200
233	200
232	201
233	201
232	202
233	202
235	229
236	229
235	230
236	230
247	230
248	230
249	230
250	230
247	231
248	231
249	231
250	231
255	233
256	233
255	234
256	234
255	235
256	235
255	236
256	236
215	237
216	237
217	237
218	237
219	237
215	238
216	238
217	238
218	238
219	238
224	254
225	254
226	254
224	255
225	255
226	255
266	260
267	260
266	261
267	261
266	262
267	262
266	263
267	263
266	264
267	264
230	278
231	278
232	278
233	278
230	279
231	279
232	279
233	279
230	280
231	280
232	280
233	280
577	763
578	763
579	763
580	763
577	764
578	764
579	764
580	764
577	765
578	765
579	765
580	765
577	766
578	766
579	766
580	766
577	767
578	767
579	767
580	767
661	779
662	779
661	780
662	780
677	786
678	786
679	786
680	786
677	787
678	787
679	787
680	787
560	789
561	789
562	789
560	790
561	790
562	790
560	791
561	791
562	791
571	791
572	791
573	791
574	791
560	792
561	792
562	792
571	792
572	792
573	792
574	792
560	793
561	793
562	793
571	793
572	793
573	793
574	793
571	794
572	794
573	794
574	794
571	795
572	795
573	795
574	795
581	292
582	292
581	293
582	293
581	294
582	294
575	300
576	300
575	301
576	301
575	302
576	302
575	303
576	303
575	304
576	304
451	351
452	351
453	351
454	351
451	352
452	352
453	352
454	352
451	353
452	353
453	353
454	353
452	387
453	387
454	387
452	388
453	388
454	388
452	389
453	389
454	389
452	390
453	390
454	390
452	391
453	391
454	391
447	427
448	427
449	427
450	427
447	428
448	428
449	428
450	428
447	429
448	429
449	429
450	429
249	534
250	534
251	534
252	534
249	535
250	535
251	535
252	535
194	586
195	586
196	586
197	586
194	587
195	587
196	587
197	587
194	588
195	588
196	588
197	588
194	589
195	589
196	589
197	589
252	630
253	630
254	630
255	630
252	631
253	631
254	631
255	631
252	632
253	632
254	632
255	632
368	995
369	995
368	996
369	996
357	1000
358	1000
357	1001
358	1001
357	1002
358	1002
373	1005
374	1005
373	1006
374	1006
373	1007
374	1007
373	1008
374	1008
373	1009
374	1009
