0.533044
0.718129
0.776454
0.839473
0.873601
0.892741
0.911520
0.916757
0.923257
0.926869
0.935717
0.941134
0.949621
0.951246
0.958288
0.959733
0.962802
0.965692
0.968400
0.973095
0.976526
0.977429
0.980860
0.982123
0.982665
0.984652
0.985915
0.987541
0.988263
0.988805
0.989888
0.990791
0.991152
0.991333
0.992416
0.992235
0.991694
0.992958
0.992416
0.992235
0.992416
0.992055
0.992235
0.992958
0.993138
0.992958
0.993138
0.993319
0.993319
0.993138
0.993499
0.994402
0.993499
0.994041
0.994944
0.994763
0.994583
0.994583
0.993680
0.994041
0.994041
0.994222
0.994583
0.993138
0.994041
0.993138
0.993138
0.994402
0.993861
0.993319
0.994222
0.992597
0.992777
0.993499
0.993499
0.992958
0.993138
0.992597
0.993319
0.991694
0.991874
0.992958
0.992416
0.992777
0.992777
0.992055
0.992597
0.992777
0.992416
0.992597
0.993138
0.992055
0.992777
0.992777
0.992416
0.992235
0.992777
0.993319
0.993680
0.993138
0.992958
0.993319
0.994041
0.994222
0.994402
0.994763
0.995125
0.994763
0.994763
0.995305
0.995305
0.995486
0.995486
0.995486
0.994944
0.995486
0.995305
0.994944
0.995666
0.995666
0.995305
0.996389
0.995847
0.995847
0.996389
0.996208
0.996569
0.996750
0.995847
0.996208
0.996930
0.996208
0.996389
0.996569
0.997653
0.997111
0.996750
0.996569
0.997472
0.997472
0.997111
0.997111
0.997472
0.997291
0.997653
0.997472
0.997472
0.997472
0.997653
0.997653
0.997653
0.997653
0.997653
0.997653
0.997472
0.998014
0.997653
0.997472
0.998014
0.998375
0.998014
0.997653
0.997833
0.997833
0.997653
0.997833
0.998375
0.998194
0.998555
0.998555
0.998917
0.998555
0.999458
0.998375
0.999097
0.998736
0.998375
0.998736
0.999639
0.998555
0.998917
0.998917
0.999097
0.998736
0.998375
0.998375
0.999097
0.999097
0.999458
0.998917
0.999639
0.999639
0.999639
0.999458
0.999097
0.999278
0.999639
0.998736
0.999819
0.999639
0.999458
0.999458
0.999819
0.999819
0.999458
0.999278
1.000000
0.999278
0.999278
1.000000
1.000000
0.999819
0.999458
1.000000
1.000000
0.999819
0.999458
1.000000
0.999639
1.000000
0.999819
0.999458
0.999458
0.998014
0.999819
0.999819
1.000000
1.000000
1.000000
1.000000
1.000000
1.000000
1.000000
1.000000
1.000000
1.000000
1.000000
1.000000
1.000000
1.000000
