836.156860
733.184631
646.950378
572.648560
507.623505
450.511261
400.241577
355.957977
316.852570
282.285004
251.686539
224.596008
200.568695
179.253296
160.324524
143.509888
128.561966
115.260979
103.416122
92.865524
83.457367
75.065430
67.574341
60.881836
54.899216
49.548832
44.760094
40.470585
36.626850
33.178452
30.083853
27.304518
24.806208
22.559681
20.536917
18.714931
17.072065
15.589554
14.250991
13.041293
11.946754
10.956215
10.058653
9.244692
8.505584
7.833936
7.223014
6.666893
6.159640
5.695606
5.271996
4.885045
4.530824
4.206329
3.909729
3.637459
3.387673
3.158270
2.947652
2.753435
2.574998
2.410196
2.258193
2.117943
1.988147
1.868323
1.756887
1.653800
1.558220
1.469230
1.386718
1.310264
1.238616
1.172282
1.109914
1.051757
0.998285
0.947136
0.899986
0.855926
0.813743
0.774109
0.737311
0.703153
0.670359
0.639572
0.610560
0.583741
0.557812
0.533598
0.510898
0.489425
0.468607
0.449264
0.431111
0.414046
0.397408
0.381867
0.367360
0.353253
0.340023
0.326918
0.314323
0.302336
0.291652
0.281122
0.271261
0.261845
0.252633
0.244502
0.236477
0.228442
0.221109
0.214135
0.207875
0.200836
0.195034
0.189946
0.183578
0.178316
0.173730
0.168787
0.163850
0.159457
0.155477
0.151855
0.147943
0.143609
0.140239
0.136875
0.133783
0.130518
0.127764
0.124813
0.122000
0.119662
0.117352
0.114767
0.112323
0.110082
0.108264
0.105852
0.104159
0.102032
0.100375
0.098377
0.096722
0.095520
0.093486
0.092437
0.090681
0.089277
0.087770
0.086137
0.084787
0.083758
0.082325
0.080846
0.079663
0.078669
0.077651
0.076438
0.075411
0.074358
0.073366
0.072537
0.072111
0.070603
0.069694
0.068806
0.068034
0.067446
0.066601
0.065672
0.064995
0.064099
0.063292
0.062955
0.062012
0.061690
0.060854
0.059752
0.059133
0.058761
0.058425
0.057482
0.057056
0.056758
0.055439
0.055043
0.054206
0.053554
0.053064
0.052472
0.052301
0.051436
0.051199
0.050649
0.049749
0.049233
0.048523
0.048423
0.047560
0.047093
0.046885
0.046220
0.045734
0.045729
0.044964
0.044476
0.043615
0.043280
0.043093
0.042496
0.042288
0.041522
0.041579
0.040665
0.040387
0.040104
0.039631
0.039431
0.040065
0.120493
0.060925
0.050372
0.046374
0.043972
0.042482
0.041551
0.040859
0.040365
0.039869
0.039454
0.038989
0.038714
0.038403
0.038190
0.037930
0.037738
