851.763184
749.841309
664.629822
589.615295
523.120300
464.040375
411.534882
364.931549
323.621033
286.972321
254.444901
225.599365
200.002853
177.301361
157.169006
139.316101
123.489296
109.461990
97.029900
86.013176
76.252670
67.606476
59.951015
53.169613
47.168190
41.856487
37.153240
32.991508
29.309481
26.051046
23.169386
20.618879
18.363623
16.367493
14.602219
13.039501
11.657176
10.433341
9.350814
8.390933
7.541046
6.788131
6.119880
5.527608
5.001866
4.534690
4.119260
3.749567
3.419903
3.125935
2.863169
2.628101
2.417586
2.228762
2.058875
1.905955
1.767811
1.642784
1.529540
1.426759
1.333395
1.247987
1.170184
1.098956
1.033667
0.973568
0.918092
0.866918
0.819518
0.775516
0.734596
0.696539
0.660869
0.627536
0.596430
0.567301
0.539976
0.514343
0.490211
0.467563
0.446186
0.426053
0.407124
0.389218
0.372277
0.356219
0.341112
0.326493
0.312721
0.299807
0.287568
0.276068
0.265227
0.255007
0.245410
0.236179
0.227677
0.219401
0.211690
0.204353
0.197471
0.191018
0.184901
0.179227
0.173820
0.168577
0.163760
0.159262
0.154927
0.151107
0.146961
0.143282
0.139929
0.136641
0.133550
0.130389
0.127631
0.124869
0.122646
0.120032
0.117797
0.115601
0.113388
0.111476
0.109531
0.107574
0.105805
0.104343
0.102574
0.100925
0.099352
0.097900
0.096533
0.095012
0.093972
0.092658
0.091414
0.090463
0.089005
0.087569
0.086360
0.085398
0.084027
0.083059
0.081814
0.080908
0.080058
0.078995
0.078044
0.077822
0.076269
0.075422
0.074430
0.073990
0.072747
0.071894
0.071291
0.070988
0.069608
0.068747
0.068047
0.067123
0.066530
0.065547
0.065025
0.064891
0.063786
0.063101
0.062103
0.061673
0.060905
0.060431
0.059518
0.059144
0.058175
0.058711
0.057316
0.056661
0.056136
0.055389
0.054928
0.054325
0.054038
0.053522
0.052881
0.052523
0.051833
0.051125
0.050874
0.050437
0.050200
0.049995
0.048868
0.048859
0.048520
0.047468
0.047208
0.046802
0.046139
0.045825
0.045641
0.044899
0.044578
0.044838
0.043850
0.043251
0.042858
0.043210
0.041780
0.041644
0.041419
0.041600
0.040487
0.040354
0.039788
0.039566
0.039066
0.039014
0.038430
0.038716
0.037758
0.037525
0.037232
0.036983
0.036669
0.036540
0.036425
0.035666
0.035896
0.035363
0.034653
0.034581
0.034521
0.034195
0.033807
0.033450
0.033081
0.032756
0.032909
0.032660
