0.557602
0.663055
0.767425
0.815999
0.858613
0.879018
0.889491
0.908812
0.924522
0.936620
0.945829
0.951788
0.958469
0.962802
0.968039
0.972553
0.974540
0.975081
0.977248
0.978512
0.978332
0.979054
0.979776
0.981040
0.982665
0.982485
0.982665
0.984471
0.984110
0.985013
0.985193
0.987902
0.987179
0.988624
0.989166
0.988082
0.988443
0.989166
0.989888
0.991333
0.988263
0.991333
0.990249
0.989346
0.990791
0.988985
0.990430
0.988985
0.988805
0.989707
0.989707
0.988985
0.990069
0.989888
0.989707
0.990249
0.989707
0.990791
0.990610
0.990610
0.989888
0.990610
0.990069
0.990249
0.991152
0.990249
0.990610
0.989527
0.990069
0.989166
0.990610
0.989527
0.990430
0.990249
0.991333
0.991152
0.991513
0.991874
0.991513
0.991333
0.992235
0.991874
0.992235
0.992597
0.992235
0.992958
0.992597
0.992055
0.992416
0.993861
0.994041
0.994222
0.994222
0.993861
0.994222
0.994402
0.994402
0.994763
0.995666
0.994583
0.994763
0.994944
0.995305
0.995125
0.995125
0.996208
0.995666
0.996389
0.996389
0.996389
0.996569
0.996750
0.996389
0.996750
0.996208
0.996569
0.996750
0.996750
0.996750
0.996930
0.997291
0.997111
0.997291
0.997472
0.997472
0.997111
0.997291
0.997472
0.997291
0.997472
0.997653
0.997111
0.997653
0.997472
0.997472
0.998194
0.998194
0.997472
0.998014
0.998375
0.998194
0.997653
0.998194
0.998555
0.998194
0.998375
0.998917
0.998014
0.998555
0.998917
0.998375
0.998375
0.998375
0.998375
0.998555
0.998194
0.998555
0.997833
0.998375
0.998375
0.998736
0.998555
0.998736
0.998917
0.998555
0.998917
0.999097
0.998917
0.999097
0.998375
0.998917
0.998736
0.999097
0.998555
0.999097
0.998555
0.998917
0.999097
0.999278
0.999097
0.999097
0.999097
0.998917
0.998917
0.998555
0.998917
0.999097
0.999097
0.999097
0.999097
0.999278
0.998917
0.999097
0.999097
0.999278
0.999097
0.999097
0.999097
0.999097
0.999458
0.999458
0.999097
0.999097
0.999278
0.999458
0.999458
0.999097
0.998917
0.999278
0.999458
0.999097
0.999278
0.999458
0.999458
0.999097
0.999458
0.999458
0.999278
0.999458
0.999097
0.999458
0.999278
0.999278
0.999278
0.999097
0.999097
0.999097
0.999097
0.999097
0.999278
0.999097
0.999278
0.999278
0.999278
0.999458
0.999458
0.999639
0.999639
0.999458
0.999278
