0.397978
0.428675
0.561936
0.647165
0.749368
0.821596
0.855363
0.865655
0.882449
0.902672
0.909173
0.918563
0.922174
0.928133
0.936981
0.938245
0.941315
0.949982
0.953232
0.955218
0.957205
0.960997
0.967136
0.973637
0.975442
0.977790
0.979415
0.982485
0.982485
0.983026
0.985374
0.987179
0.987721
0.988263
0.988805
0.989888
0.991513
0.990249
0.990971
0.991694
0.992235
0.992416
0.992777
0.992777
0.992235
0.992597
0.992055
0.991152
0.989346
0.992777
0.992958
0.992958
0.993138
0.993861
0.993499
0.992235
0.993138
0.991694
0.991874
0.993861
0.994583
0.994041
0.995125
0.994402
0.991874
0.993680
0.993680
0.992055
0.993499
0.993138
0.992597
0.992235
0.992416
0.991694
0.992958
0.992958
0.992777
0.992416
0.991874
0.990430
0.990971
0.991694
0.992055
0.992055
0.990971
0.989527
0.991874
0.991874
0.992597
0.991513
0.992055
0.991513
0.991694
0.991333
0.992416
0.990069
0.990971
0.990971
0.992597
0.992777
0.992055
0.992777
0.991513
0.991152
0.991513
0.991152
0.992777
0.992416
0.991513
0.992235
0.992055
0.992055
0.992597
0.992958
0.993138
0.987360
0.992235
0.993499
0.992958
0.993680
0.994041
0.992958
0.993680
0.993680
0.992958
0.994222
0.994041
0.995666
0.994763
0.995486
0.995305
0.995486
0.996569
0.995305
0.995847
0.994222
0.995305
0.995847
0.996750
0.996389
0.996569
0.996750
0.996027
0.996930
0.997111
0.996750
0.996750
0.998014
0.996930
0.997291
0.996930
0.998194
0.996750
0.997472
0.998555
0.997472
0.998014
0.997833
0.997833
0.997833
0.997833
0.997653
0.998014
0.998555
0.998375
0.997833
0.998736
0.998555
0.998194
0.998736
0.998375
0.998555
0.999097
0.999278
0.998917
0.998736
0.998917
0.999097
0.998917
0.999097
0.999097
0.999097
0.999278
0.999278
0.999458
0.999278
0.999097
0.998736
0.999639
0.999278
0.999278
0.999458
0.999458
0.999639
0.999097
0.999639
0.999458
0.999278
0.999639
0.999278
0.999097
0.999458
0.999458
0.999639
0.999639
0.999097
0.999639
0.999639
0.999639
0.999639
0.999639
0.999458
0.999639
0.999458
0.999458
0.999639
0.999639
0.999639
0.999458
0.999458
0.999639
0.999819
0.999819
0.999639
0.999639
0.999819
0.998555
0.999639
0.999639
0.999639
0.999819
0.999819
0.999819
0.999639
0.999639
0.999639
0.999458
0.999639
0.999639
0.999819
