950.619568
849.209534
764.732544
698.306946
641.208435
592.431396
548.369507
508.289612
471.364746
437.447845
406.449585
377.970093
351.815887
327.736237
305.531372
285.044525
266.114624
248.603027
232.388321
217.353394
203.397888
190.428238
178.368958
167.132370
156.662262
146.894409
137.773605
129.249039
121.276016
113.815163
106.825844
100.276451
94.133812
88.371559
82.964859
77.887444
73.118187
68.637779
64.425934
60.466625
56.745937
53.247108
49.955990
46.863132
43.952881
41.218044
38.647148
36.226707
33.952854
31.815416
29.807322
27.919744
26.148495
24.483644
22.922199
21.454882
20.079798
18.789791
17.580687
16.441628
15.378060
14.381825
13.448432
12.575369
11.759330
10.994837
10.279694
9.613725
8.988228
8.405625
7.875312
7.362689
6.887379
6.445125
6.032897
5.648654
5.290212
4.956341
4.645635
4.357502
4.086582
3.835120
3.601531
3.384052
3.181411
2.994308
2.819108
2.654589
2.503075
2.362317
2.229721
2.107401
1.998255
1.887647
1.787825
1.695385
1.608586
1.528160
1.450858
1.380105
1.313915
1.252242
1.194856
1.139658
1.090808
1.041212
0.995922
0.953146
0.912914
0.875652
0.838927
0.804639
0.772033
0.741131
0.711823
0.695294
0.660718
0.634131
0.609199
0.585950
0.563872
0.542460
0.522403
0.502680
0.484642
0.466006
0.448932
0.433948
0.416339
0.401183
0.386420
0.372408
0.359047
0.345706
0.333836
0.322635
0.309968
0.298613
0.287877
0.277507
0.267734
0.257987
0.249473
0.240323
0.232071
0.223943
0.216359
0.209390
0.202124
0.195108
0.188865
0.182904
0.176917
0.171065
0.166154
0.160822
0.155707
0.151278
0.146635
0.142648
0.138565
0.134369
0.130958
0.127122
0.123263
0.126175
0.118958
0.115801
0.112579
0.109805
0.107534
0.104906
0.102819
0.100754
0.098323
0.096448
0.094415
0.093316
0.090950
0.089140
0.087612
0.086254
0.084600
0.083174
0.081570
0.080840
0.079957
0.077908
0.076765
0.075638
0.074787
0.073619
0.072616
0.071938
0.071260
0.069489
0.068780
0.068005
0.066909
0.066645
0.066192
0.064726
0.063666
0.063070
0.062448
0.062174
0.060824
0.060384
0.059375
0.059036
0.058274
0.057942
0.057081
0.056455
0.056024
0.055937
0.054667
0.054422
0.053553
0.053099
0.052402
0.052245
0.051427
0.051878
0.050938
0.050143
0.052971
0.048874
0.048590
0.048400
0.047676
0.047056
0.047387
0.046008
0.045658
0.045258
0.045436
0.044659
0.044083
0.043599
