886.735229
775.207031
692.431824
622.931580
562.263428
508.065277
459.670593
416.272034
377.311859
342.314453
310.736694
282.360718
256.747894
233.627670
212.738037
193.859039
176.771317
161.304184
147.287140
134.568756
123.034462
112.548874
103.010918
94.332893
86.426987
79.219147
72.648994
66.650375
61.168980
56.162472
51.581520
47.392696
43.557228
40.045731
36.827755
33.880924
31.176125
28.695391
26.421286
24.333223
22.417955
20.659321
19.044832
17.561304
16.199083
14.947834
13.798708
12.742280
11.771733
10.879705
10.059020
9.305885
8.611411
7.974739
7.389440
6.850881
6.354849
5.898812
5.479931
5.094075
4.739831
4.412873
4.113475
3.836486
3.581606
3.347430
3.130235
2.936624
2.747699
2.577680
2.420587
2.275564
2.140839
2.018225
1.901992
1.796026
1.696212
1.603815
1.517884
1.439425
1.364767
1.295556
1.231604
1.171707
1.115276
1.062556
1.013257
0.966329
0.922763
0.880998
0.842743
0.805584
0.771431
0.738002
0.707043
0.677384
0.649487
0.623697
0.598290
0.574223
0.551778
0.530505
0.510104
0.489649
0.470306
0.452297
0.435613
0.419994
0.403440
0.388238
0.374644
0.361079
0.347650
0.334848
0.323436
0.311869
0.301126
0.289978
0.280384
0.270705
0.261532
0.252085
0.244057
0.236222
0.228005
0.219981
0.213631
0.205844
0.199554
0.192921
0.187241
0.181427
0.175780
0.170749
0.166128
0.161411
0.156164
0.151706
0.147353
0.143591
0.139516
0.136111
0.132880
0.128914
0.125485
0.122288
0.119713
0.116436
0.113834
0.110753
0.108574
0.106415
0.103742
0.101600
0.099718
0.097015
0.095538
0.094345
0.091389
0.089547
0.087832
0.086217
0.084645
0.083392
0.081818
0.080411
0.079229
0.077774
0.076358
0.075352
0.074752
0.073577
0.072030
0.070952
0.070104
0.069088
0.068119
0.067769
0.066258
0.065779
0.065616
0.063914
0.063359
0.062387
0.061803
0.061088
0.060607
0.059488
0.059170
0.058828
0.057588
0.057009
0.056921
0.055635
0.055326
0.054687
0.053845
0.053365
0.052796
0.052367
0.051595
0.051008
0.050764
0.049962
0.049541
0.049106
0.049060
0.048148
0.047481
0.047312
0.046481
0.046232
0.045692
0.045690
0.044805
0.044183
0.044333
0.043630
0.043696
0.042884
0.042437
0.042082
0.042228
0.041296
0.041260
0.040537
0.039986
0.039738
0.039232
0.315155
0.082770
0.058553
0.050213
0.045926
0.043609
0.042106
0.041041
0.040319
0.039814
0.039467
