0.457927
0.606537
0.695377
0.767786
0.820152
0.849404
0.876309
0.897616
0.912784
0.918924
0.928855
0.932828
0.941495
0.948537
0.953413
0.959372
0.962983
0.965511
0.969122
0.969845
0.972012
0.972553
0.973637
0.974720
0.976887
0.977790
0.979415
0.979776
0.981401
0.980860
0.985735
0.986096
0.984471
0.987179
0.988082
0.988443
0.990430
0.990610
0.990430
0.990430
0.992416
0.991694
0.992597
0.991874
0.992597
0.991874
0.992597
0.991694
0.993319
0.994402
0.994041
0.992416
0.994944
0.994763
0.993861
0.994583
0.995305
0.995847
0.994763
0.995666
0.994763
0.994944
0.993499
0.993861
0.994944
0.993680
0.994041
0.991513
0.994583
0.994402
0.993861
0.992777
0.994583
0.992055
0.993499
0.993861
0.994583
0.994583
0.994402
0.993499
0.993319
0.994763
0.994222
0.995305
0.994583
0.994402
0.994944
0.994763
0.995125
0.994763
0.995125
0.995305
0.994222
0.994944
0.995125
0.995666
0.995305
0.994944
0.995486
0.995666
0.994763
0.994763
0.995305
0.995666
0.995847
0.996027
0.995666
0.995847
0.996569
0.996569
0.996389
0.996027
0.996208
0.996569
0.996569
0.996569
0.995847
0.996930
0.996930
0.996750
0.996027
0.996750
0.996389
0.996208
0.996389
0.997291
0.996569
0.997291
0.997653
0.997111
0.997291
0.997472
0.997653
0.997291
0.997653
0.997833
0.997472
0.997653
0.997653
0.997833
0.997653
0.997833
0.997653
0.997833
0.998014
0.998014
0.998375
0.998555
0.998736
0.998375
0.998194
0.999097
0.998375
0.998194
0.999097
0.998917
0.998917
0.998375
0.998917
0.999097
0.999278
0.998917
0.998555
0.999278
0.999458
0.999278
0.999458
0.999278
0.999458
0.999639
0.999278
0.999458
0.999458
0.999639
0.999458
0.999458
0.999458
0.999278
0.999458
0.999819
0.999278
0.999458
0.999639
0.999639
0.999278
0.999639
0.999458
0.999639
0.999458
0.999819
0.999819
0.999819
0.999458
0.999639
0.999819
0.999458
0.999639
0.999819
0.999639
0.999458
0.999639
0.999819
0.999819
0.999819
0.999819
0.999458
0.999639
0.999639
0.999819
0.999458
0.999819
0.999639
0.999819
0.999458
0.999819
0.999639
0.999639
0.999819
0.999458
0.999639
0.999639
1.000000
0.999639
0.999458
0.999639
0.999639
1.000000
1.000000
0.999819
0.940953
0.999458
0.999639
0.999819
0.999819
0.999819
1.000000
1.000000
0.999819
0.999819
0.999819
