0.433911
0.533947
0.674251
0.763633
0.802095
0.820874
0.858974
0.873781
0.884796
0.898158
0.909715
0.916757
0.922535
0.926688
0.927411
0.936800
0.940412
0.949260
0.950524
0.953052
0.955399
0.961358
0.961358
0.963886
0.968581
0.971289
0.971470
0.974359
0.975804
0.977068
0.977068
0.979776
0.981762
0.983568
0.985374
0.985374
0.985915
0.986277
0.987902
0.988624
0.988263
0.988805
0.990069
0.989888
0.988985
0.988805
0.990610
0.991152
0.991694
0.990971
0.992597
0.993138
0.992416
0.992597
0.992055
0.993138
0.992597
0.992777
0.992597
0.993319
0.993319
0.992777
0.992958
0.992777
0.992416
0.992235
0.992055
0.991513
0.992777
0.992055
0.991513
0.990971
0.992597
0.991513
0.992597
0.992597
0.992235
0.992416
0.992235
0.990791
0.992235
0.992055
0.992416
0.991874
0.991513
0.991513
0.991513
0.992958
0.992055
0.992055
0.992055
0.992777
0.991513
0.991874
0.992416
0.991152
0.992416
0.991152
0.991874
0.991152
0.992777
0.991874
0.992235
0.992416
0.992416
0.992235
0.992958
0.993499
0.994222
0.993499
0.993680
0.993861
0.992958
0.992958
0.993680
0.993499
0.994222
0.994222
0.993680
0.994763
0.994763
0.994583
0.994944
0.994402
0.994944
0.994583
0.995125
0.995305
0.994763
0.994583
0.995666
0.995666
0.995486
0.995305
0.994402
0.995666
0.995666
0.995666
0.996027
0.996027
0.996389
0.996027
0.996569
0.996569
0.996930
0.996569
0.996750
0.996750
0.997833
0.996930
0.996930
0.997111
0.997653
0.996750
0.996930
0.997472
0.997472
0.996930
0.997291
0.998194
0.998375
0.998014
0.998375
0.998736
0.998375
0.998375
0.997833
0.998555
0.998194
0.998917
0.998375
0.998555
0.998194
0.998917
0.998736
0.998014
0.998555
0.998375
0.998736
0.998917
0.999097
0.998736
0.999097
0.999097
0.999097
0.999278
0.999097
0.998555
0.998917
0.999278
0.998917
0.999278
0.998917
0.999278
0.999458
0.999458
0.999097
0.999458
0.999278
0.999458
0.998917
0.999458
0.999458
0.999278
0.999458
0.999458
0.999458
0.999458
0.999458
0.999458
0.999458
0.999458
0.999458
0.999458
0.999639
0.999458
0.998917
0.999458
0.999458
0.999639
0.999639
0.999458
0.999639
0.999458
0.999458
0.999639
0.999278
0.999639
0.999458
0.999458
0.999458
0.999639
0.999278
0.999639
0.999458
0.999639
0.999458
0.999639
0.999458
0.999458
