939.565430
839.253235
767.849243
707.620300
653.460999
603.904053
557.921204
515.895264
477.192627
441.405792
408.372192
377.893707
349.779938
323.803802
299.829285
277.609070
257.106232
238.127289
220.571518
204.339569
189.311386
175.388046
162.485321
150.544434
139.473679
129.214432
119.699600
110.876274
102.692047
95.100197
88.058006
81.520195
75.454834
69.827957
64.607727
59.766499
55.276779
51.113117
47.250359
43.672012
40.358067
37.287010
34.442265
31.809879
29.374350
27.121119
25.037985
23.112303
21.332104
19.688782
18.170891
16.770569
15.479697
14.289207
13.192356
12.182119
11.251698
10.394804
9.606659
8.881393
8.214794
7.601384
7.038205
6.520151
6.043845
5.606687
5.204896
4.835277
4.495359
4.183463
3.896806
3.632896
3.390414
3.167009
2.961599
2.772490
2.598972
2.438434
2.290634
2.154308
2.027877
1.911519
1.803892
1.704004
1.611512
1.525501
1.445697
1.371687
1.301829
1.237662
1.177009
1.120795
1.068015
1.018763
0.972544
0.929175
0.887768
0.848992
0.812691
0.778076
0.745339
0.714538
0.685206
0.657562
0.630996
0.605481
0.581183
0.558385
0.536514
0.515277
0.495484
0.476612
0.458761
0.441681
0.425389
0.409801
0.394699
0.380325
0.366556
0.353488
0.340777
0.328725
0.316970
0.305815
0.295092
0.284838
0.275054
0.265623
0.256588
0.247833
0.239412
0.231424
0.223603
0.216398
0.209837
0.202609
0.196114
0.190034
0.183925
0.178282
0.172799
0.167540
0.162320
0.157779
0.153191
0.148769
0.144438
0.140599
0.136849
0.133264
0.129920
0.126351
0.123293
0.120383
0.117503
0.114732
0.112076
0.109473
0.106947
0.104736
0.102183
0.100013
0.097913
0.096026
0.094002
0.092261
0.090510
0.088884
0.087221
0.085882
0.084295
0.082955
0.081641
0.080319
0.078902
0.077888
0.076731
0.075569
0.074553
0.073761
0.072246
0.071374
0.070351
0.069552
0.068414
0.067464
0.066382
0.065627
0.064807
0.063845
0.063560
0.062546
0.061736
0.060999
0.060353
0.059555
0.059076
0.058308
0.057649
0.057015
0.056606
0.055758
0.055274
0.054668
0.054127
0.053602
0.052919
0.052420
0.052234
0.051267
0.050865
0.050332
0.049857
0.049201
0.048842
0.048291
0.048235
0.047531
0.046858
0.046447
0.045989
0.045472
0.044883
0.044747
0.044302
0.043769
0.043689
0.043115
0.042782
0.042183
0.042011
0.041451
0.041426
0.040855
0.040602
0.039938
0.039557
0.039205
0.039130
0.038677
