895.237183
785.903198
711.696350
644.148499
584.909546
533.190247
486.198456
444.263245
406.442841
372.317139
341.466736
313.538422
288.158905
265.077271
244.081635
224.929657
207.464874
191.503220
176.881592
163.483856
151.188492
139.904877
129.518707
119.963608
111.159752
103.041901
95.549591
88.629883
82.235741
76.321030
70.849350
65.781654
61.087780
56.738201
52.705433
48.965553
45.496841
42.278622
39.293266
36.521046
33.949203
31.561417
29.345646
27.288376
25.378828
23.605841
21.960466
20.432602
19.014164
17.696865
16.475286
15.341222
14.288390
13.311906
12.405900
11.564664
10.784176
10.058127
9.385601
8.761538
8.181790
7.644700
7.144339
6.679698
6.247588
5.847294
5.475504
5.130049
4.810376
4.507502
4.234480
3.971604
3.730132
3.507107
3.297669
3.102556
2.921387
2.752255
2.603184
2.449765
2.311392
2.182590
2.062727
1.950920
1.846674
1.746631
1.654662
1.568162
1.487628
1.413884
1.340985
1.274062
1.210109
1.152522
1.095153
1.044984
0.998414
0.955532
0.903949
0.861428
0.830224
0.787564
0.750080
0.716952
0.686326
0.657597
0.630245
0.601518
0.576148
0.553386
0.626651
0.521586
0.494134
0.472474
0.453063
0.434836
0.418052
0.422257
0.391842
0.375547
0.361481
0.347982
0.335344
0.322841
0.315377
0.301418
0.290183
0.280479
0.282709
0.262661
0.253480
0.244344
0.236503
0.229122
0.221775
0.215339
0.208597
0.204215
0.196741
0.191487
0.185203
0.180285
0.177924
0.171091
0.166120
0.162727
0.158160
0.155020
0.150772
0.147276
0.144256
0.140743
0.138209
0.135363
0.131907
0.131090
0.126628
0.124288
0.122126
0.119758
0.117189
0.115494
0.114100
0.111496
0.109816
0.107990
0.106254
0.106506
0.102951
0.101894
0.100413
0.098640
0.097608
0.099578
0.094767
0.094373
0.092628
0.092198
0.090223
0.097122
0.090286
0.087318
0.086542
0.085433
0.086215
0.084542
0.082615
0.081975
0.081146
0.081109
0.079178
0.078710
0.077620
0.076710
0.076023
0.075555
0.074969
0.073655
0.072664
0.077070
0.071468
0.070668
0.069283
0.068971
0.125464
0.081981
0.075213
0.072117
0.070330
0.069892
0.068494
0.067714
0.067041
0.066488
0.065807
0.065336
0.065619
0.064561
0.064191
0.063647
0.062939
0.062502
0.124457
0.071535
0.066542
0.064287
0.063143
0.062369
0.061926
0.062217
0.060865
0.060602
0.060081
0.059800
0.059738
0.059020
0.058667
0.058396
0.057952
0.057549
