0.466775
0.624052
0.702600
0.743048
0.780607
0.805525
0.852835
0.880643
0.893283
0.905923
0.913146
0.910618
0.918382
0.926327
0.931744
0.941134
0.942940
0.946551
0.952329
0.959733
0.960094
0.960094
0.968400
0.971470
0.977068
0.979054
0.978873
0.981582
0.983749
0.984652
0.983388
0.985013
0.984832
0.984652
0.986999
0.985735
0.986277
0.986277
0.988082
0.988263
0.989346
0.990069
0.990249
0.990069
0.990069
0.990971
0.991152
0.990069
0.990610
0.991513
0.991874
0.992777
0.991152
0.992416
0.992055
0.992055
0.990610
0.992777
0.991333
0.991874
0.992055
0.992055
0.992055
0.992958
0.992235
0.992235
0.990430
0.991333
0.991874
0.992055
0.991333
0.991874
0.991333
0.991874
0.990249
0.990971
0.991333
0.991333
0.991333
0.990430
0.991333
0.990791
0.990249
0.990610
0.990971
0.991333
0.990610
0.990069
0.990791
0.991694
0.989888
0.988624
0.990971
0.989707
0.990610
0.990610
0.989888
0.986818
0.990610
0.990971
0.988985
0.990610
0.990791
0.991333
0.990069
0.992777
0.992958
0.992235
0.991874
0.992235
0.935536
0.991333
0.991694
0.992597
0.991874
0.992416
0.991694
0.989166
0.992055
0.992597
0.991513
0.992416
0.992777
0.992777
0.993499
0.992777
0.992777
0.993138
0.990971
0.992777
0.994222
0.993861
0.993499
0.994041
0.994041
0.994041
0.994041
0.993680
0.994763
0.993319
0.994944
0.994944
0.993680
0.995305
0.995305
0.995125
0.994583
0.994402
0.995125
0.996569
0.995125
0.996027
0.995305
0.994944
0.996027
0.995666
0.995486
0.996208
0.996389
0.996930
0.996569
0.996027
0.996930
0.997291
0.997653
0.997111
0.997291
0.995125
0.996569
0.996750
0.997653
0.997653
0.996930
0.995486
0.997653
0.996750
0.997111
0.997833
0.996930
0.995125
0.996389
0.997833
0.998736
0.998014
0.997833
0.998014
0.998194
0.997472
0.998736
0.998555
0.998194
0.998736
0.998736
0.998375
0.998194
0.998917
0.999097
0.998917
0.999278
0.998917
0.998014
0.997472
0.999097
0.999458
0.994583
0.999278
0.999097
0.999278
0.999278
0.999458
0.999278
0.999458
0.999458
0.999458
0.999458
0.999278
0.998917
0.999278
0.998555
0.998917
0.998917
0.999458
0.977609
0.999278
0.999097
0.998917
0.998917
0.998917
0.999278
0.999639
0.999458
0.999458
0.998917
0.999458
0.999639
0.999097
0.999097
0.999819
0.999819
0.998917
