852.340698
733.441467
643.817322
567.110962
500.277313
442.075409
391.216675
346.627563
307.445679
273.003540
242.672455
215.943756
192.366623
171.543716
153.135666
136.855286
122.436722
109.660545
98.326248
88.262344
79.322876
71.367691
64.287041
57.974506
52.344978
47.317684
42.824356
38.803535
35.201424
31.970638
29.071325
26.465439
24.122122
22.011288
20.107641
18.389616
16.836491
15.431602
14.159410
13.005301
11.957151
11.004972
10.138409
9.349163
8.629724
7.972884
7.373116
6.823924
6.321359
5.860698
5.437381
5.049483
4.693130
4.365478
4.063860
3.785999
3.529522
3.293307
3.075082
2.873421
2.687675
2.514700
2.355175
2.208064
2.070364
1.942624
1.824166
1.714528
1.612833
1.517135
1.429113
1.346251
1.269599
1.197403
1.130454
1.070140
1.009627
0.956430
0.903082
0.855909
0.810742
0.770856
0.729006
0.691901
0.658019
0.625876
0.594085
0.565167
0.539698
0.513534
0.490059
0.466902
0.444882
0.425163
0.406623
0.391120
0.371915
0.355834
0.341425
0.327116
0.313708
0.302210
0.289458
0.282539
0.269463
0.257740
0.248416
0.239272
0.230801
0.222799
0.216680
0.208517
0.203631
0.194305
0.189102
0.182201
0.176211
0.171329
0.166487
0.161138
0.156743
0.152070
0.147677
0.144025
0.140506
0.136783
0.133461
0.129919
0.126997
0.124058
0.121644
0.118328
0.118194
0.113689
0.111169
0.109418
0.107163
0.104692
0.102677
0.102724
0.099152
0.097262
0.095444
0.094179
0.092776
0.091658
0.089410
0.088154
0.087064
0.085958
0.084548
0.083550
0.081828
0.081513
0.080125
0.078807
0.077811
0.076947
0.075489
0.075300
0.074499
0.072758
0.071810
0.071615
0.070163
0.069238
0.068580
0.067514
0.067150
0.066255
0.065360
0.065094
0.063673
0.063452
0.063246
0.061724
0.061097
0.061206
0.059829
0.059663
0.058531
0.057811
0.057119
0.056719
0.056703
0.055417
0.054918
0.054162
0.053772
0.053316
0.053326
0.052768
0.052113
0.051193
0.050640
0.050008
0.049790
0.048920
0.048595
0.048201
0.047679
0.047048
0.047193
0.046231
0.046297
0.046077
0.044970
0.044790
0.044820
0.043424
0.043568
0.042834
0.043861
0.042747
0.042391
0.041316
0.040795
0.040715
0.040540
0.039858
0.039560
0.039319
0.038843
0.039312
0.038430
0.038110
0.038166
0.037386
0.036739
0.036574
0.036425
0.037340
0.035387
0.035324
0.034771
0.034830
0.034749
0.034633
0.034837
0.033414
