0.464247
0.657819
0.732033
0.796136
0.845973
0.878657
0.898519
0.911701
0.920910
0.933008
0.939689
0.946551
0.950343
0.954857
0.959191
0.961538
0.966775
0.967317
0.970206
0.973095
0.975262
0.977429
0.978873
0.982665
0.983929
0.985013
0.986638
0.988624
0.990610
0.992597
0.992416
0.993319
0.993319
0.993861
0.994041
0.994222
0.995125
0.994402
0.994583
0.994402
0.994763
0.994763
0.995305
0.995125
0.995486
0.995486
0.995847
0.995666
0.995305
0.995125
0.995666
0.996027
0.995847
0.995486
0.995125
0.994944
0.994763
0.995125
0.994763
0.994944
0.994041
0.995305
0.994402
0.993861
0.992597
0.993499
0.993680
0.993680
0.992958
0.993861
0.992055
0.993861
0.993680
0.993680
0.993680
0.992416
0.994583
0.992958
0.993680
0.994222
0.994041
0.993499
0.994041
0.994222
0.994222
0.993680
0.994402
0.994763
0.994222
0.994041
0.994944
0.995305
0.993861
0.994583
0.994944
0.993138
0.994944
0.994763
0.994583
0.995125
0.995486
0.995125
0.995847
0.994041
0.995305
0.995666
0.995666
0.995305
0.995125
0.996027
0.994763
0.996930
0.996027
0.996027
0.996389
0.996208
0.996750
0.996930
0.996389
0.996389
0.996569
0.997291
0.996750
0.997111
0.996930
0.997291
0.997833
0.996750
0.996750
0.998194
0.996750
0.997472
0.996389
0.997653
0.998014
0.997291
0.997472
0.997833
0.997833
0.998194
0.998014
0.998555
0.997472
0.999097
0.997833
0.997833
0.998555
0.997653
0.998375
0.998014
0.998555
0.998555
0.999097
0.998375
0.998917
0.998736
0.998917
0.999458
0.999278
0.998917
0.999278
0.999639
0.998917
0.998917
0.999458
0.999278
0.998736
0.999458
0.999278
0.999278
0.999458
0.999097
0.999639
0.998917
0.999097
0.999458
0.999278
0.999097
0.999458
0.999819
1.000000
0.999639
0.999458
1.000000
0.999097
0.999639
0.999639
0.999639
0.999639
0.999819
0.999097
0.999639
0.999819
0.999639
0.999639
0.999639
0.999819
0.999819
0.999819
0.999639
1.000000
1.000000
0.999819
1.000000
0.999639
0.999458
0.999819
1.000000
0.999458
1.000000
0.999819
1.000000
0.998917
0.999639
0.999639
0.999819
1.000000
0.999639
1.000000
1.000000
0.999639
0.999819
0.999819
0.999639
0.999819
0.999819
0.999278
1.000000
0.999819
1.000000
1.000000
0.999639
1.000000
0.999819
1.000000
1.000000
1.000000
0.999639
0.999097
1.000000
