0.478873
0.653304
0.745395
0.799205
0.837486
0.855905
0.872337
0.884615
0.898880
0.912784
0.921452
0.928133
0.934272
0.939509
0.944384
0.949260
0.954135
0.958830
0.964969
0.968942
0.971831
0.973998
0.973817
0.977429
0.978332
0.977790
0.980318
0.981040
0.982304
0.983207
0.983749
0.985013
0.987902
0.986277
0.986096
0.986457
0.988263
0.988624
0.988263
0.987902
0.987721
0.988082
0.988263
0.987541
0.987360
0.986096
0.986096
0.987360
0.987360
0.987541
0.987541
0.986999
0.987360
0.988263
0.986818
0.987179
0.987721
0.988624
0.986818
0.987541
0.987360
0.987721
0.988263
0.988985
0.987721
0.988805
0.988263
0.988624
0.987541
0.986096
0.987360
0.987360
0.987179
0.987721
0.987541
0.986999
0.987721
0.989346
0.987360
0.987902
0.988082
0.988263
0.988082
0.989166
0.987541
0.987721
0.988985
0.988263
0.989166
0.988443
0.989166
0.989166
0.989346
0.990610
0.991152
0.990069
0.990610
0.989707
0.990971
0.990610
0.990610
0.991333
0.989888
0.992777
0.990971
0.991333
0.990610
0.992777
0.992777
0.992055
0.993499
0.993680
0.993319
0.993680
0.993861
0.994583
0.993319
0.994222
0.994402
0.994222
0.994583
0.994583
0.995486
0.994944
0.995305
0.995125
0.995666
0.994583
0.994763
0.995666
0.995305
0.995847
0.995305
0.996208
0.995486
0.996208
0.996208
0.996027
0.996027
0.996569
0.997111
0.996750
0.997111
0.996750
0.997111
0.997291
0.997291
0.997111
0.997291
0.996750
0.997111
0.997472
0.997291
0.998194
0.997472
0.997833
0.998555
0.998014
0.997833
0.998014
0.998375
0.998917
0.998736
0.998014
0.998555
0.998375
0.998736
0.998555
0.999097
0.998736
0.999097
0.999097
0.999278
0.998917
0.999278
0.998917
0.999278
0.999278
0.999458
0.999097
0.999458
0.999458
0.998917
0.998917
0.999097
0.999278
0.999097
0.999458
0.998917
0.999458
0.999458
0.999458
0.999458
0.999458
0.999097
0.999278
0.999097
0.999458
0.999639
0.999458
0.999458
0.999639
0.999278
0.999819
0.999458
0.999639
0.999639
0.999458
0.999819
0.999458
0.999639
0.999639
0.999639
0.999639
0.999639
0.999639
0.999819
0.999639
0.999639
0.999639
0.999639
0.999278
0.999458
0.999819
0.999639
1.000000
0.999639
0.999819
0.999819
0.999819
0.999639
0.999639
0.999639
0.999819
0.999819
0.999639
0.999639
0.999639
0.999639
0.999458
