842.476440
734.244568
648.003540
574.039185
509.171295
452.408417
402.644470
358.876678
320.317657
286.321594
256.279388
229.728165
206.213928
185.353653
166.850494
150.400742
135.761414
122.718941
111.081390
100.681862
91.381073
83.045570
75.574196
68.858841
62.818760
57.379574
52.469818
48.037544
44.027500
40.394493
37.101074
34.108097
31.387386
28.910515
26.652853
24.591469
22.708584
20.986765
19.410379
17.965481
16.639761
15.421708
14.302176
13.273329
12.325830
11.453485
10.648456
9.905636
9.220418
8.586878
8.001697
7.460965
6.959900
6.496415
6.067206
5.669342
5.301165
4.958569
4.641702
4.347122
4.073641
3.819690
3.583304
3.363763
3.160343
2.969848
2.793144
2.628376
2.475666
2.332681
2.199333
2.074948
1.959415
1.850502
1.749147
1.654304
1.564898
1.482434
1.404835
1.332416
1.264225
1.200485
1.140487
1.084450
1.031938
0.982456
0.935386
0.891492
0.850356
0.811689
0.774183
0.739572
0.706631
0.675161
0.646125
0.618102
0.591788
0.566802
0.542977
0.520548
0.499313
0.479025
0.460326
0.441571
0.424547
0.408558
0.392166
0.376724
0.363355
0.349526
0.336567
0.324616
0.312848
0.301893
0.291032
0.280551
0.271286
0.262094
0.253636
0.245475
0.236584
0.228923
0.221918
0.214927
0.207997
0.201612
0.195762
0.189461
0.183789
0.179053
0.173574
0.168637
0.163912
0.159132
0.155155
0.151425
0.146888
0.143771
0.139901
0.136700
0.133238
0.129996
0.127273
0.124090
0.121592
0.118798
0.116717
0.114280
0.111955
0.109389
0.107820
0.105146
0.103676
0.101151
0.100098
0.098025
0.096436
0.094715
0.092683
0.091873
0.091169
0.088777
0.087103
0.086865
0.084881
0.083645
0.082381
0.081759
0.079838
0.078961
0.077963
0.077497
0.075887
0.075009
0.074600
0.073927
0.072468
0.071523
0.070770
0.070122
0.069352
0.068337
0.068345
0.067222
0.066106
0.065567
0.065106
0.063856
0.063742
0.062641
0.062075
0.061413
0.060510
0.060299
0.059733
0.059856
0.058588
0.057981
0.056932
0.056763
0.056278
0.055322
0.055167
0.054252
0.053719
0.052707
0.052014
0.051846
0.051114
0.050571
0.050070
0.049308
0.048852
0.048394
0.047952
0.047609
0.046870
0.046541
0.046108
0.045458
0.046220
0.045321
0.044191
0.043665
0.043710
0.043098
0.042981
0.042146
0.041978
0.041677
0.040998
0.040863
0.040878
0.039934
0.039497
0.039203
0.038719
0.039164
0.039141
0.038108
