0.453052
0.565908
0.707114
0.794691
0.819429
0.834597
0.853377
0.866197
0.881726
0.896894
0.904298
0.919465
0.932467
0.945829
0.952329
0.953955
0.957747
0.960997
0.962802
0.965150
0.965692
0.969484
0.971831
0.975442
0.976887
0.978873
0.980860
0.982846
0.984290
0.987721
0.988985
0.990791
0.991874
0.992958
0.994402
0.994583
0.994944
0.995125
0.994041
0.995666
0.995486
0.996569
0.995847
0.996569
0.995486
0.996569
0.995666
0.996569
0.996569
0.996208
0.996208
0.996930
0.996208
0.996930
0.997111
0.996569
0.996569
0.996930
0.996208
0.995666
0.996930
0.996930
0.996930
0.996750
0.996750
0.996208
0.996750
0.996930
0.996569
0.995666
0.995486
0.995305
0.995125
0.995847
0.995305
0.995305
0.994763
0.995305
0.995305
0.996208
0.996027
0.995125
0.996389
0.995847
0.994041
0.995666
0.995486
0.994944
0.995486
0.990791
0.995305
0.993319
0.994583
0.994763
0.994763
0.994583
0.995486
0.995125
0.995666
0.995847
0.994944
0.994944
0.995305
0.995305
0.994222
0.995847
0.995666
0.995666
0.995125
0.995666
0.995666
0.995125
0.995666
0.994944
0.995486
0.995666
0.996208
0.995847
0.995847
0.996027
0.995847
0.995486
0.996027
0.995305
0.995847
0.996208
0.995305
0.995486
0.996389
0.995666
0.996027
0.995666
0.996027
0.995666
0.996569
0.996208
0.996389
0.996930
0.997111
0.996389
0.996389
0.997111
0.996208
0.996027
0.996569
0.996389
0.997111
0.997291
0.996930
0.997653
0.997833
0.996389
0.996930
0.997472
0.998014
0.997653
0.997291
0.996930
0.998014
0.998014
0.998375
0.998375
0.998375
0.998375
0.997111
0.998194
0.998555
0.997833
0.997472
0.998194
0.996750
0.998194
0.998375
0.998375
0.998375
0.998917
0.998014
0.998555
0.998555
0.998375
0.998917
0.998555
0.998555
0.998375
0.999097
0.998736
0.999097
0.998917
0.998555
0.999097
0.998917
0.998736
0.998736
0.998917
0.998555
0.998917
0.998736
0.998736
0.999278
0.998917
0.998917
0.999639
0.998736
0.999097
0.999278
0.998736
0.997653
0.999458
0.999278
0.998917
0.999097
0.999097
0.998736
0.999458
0.999639
0.999458
0.999639
0.999097
0.998555
0.999278
0.999458
0.999278
0.998917
0.999278
0.999097
0.999458
0.999458
0.998917
0.999639
0.999639
0.999097
0.999639
0.999639
0.995305
0.999097
0.999639
0.999639
0.999639
0.999458
0.999639
