915.185059
809.168335
720.574646
648.328735
587.063049
532.580566
483.428650
439.286102
399.370972
363.406586
330.909546
301.485962
274.861053
250.772552
228.931213
209.130295
191.143890
174.829346
159.996979
146.505661
134.236115
123.052139
112.865425
103.578064
95.099091
87.360718
80.289986
73.827446
67.913269
62.497559
57.536148
52.988220
48.816612
44.987885
41.471390
38.240940
35.271515
32.540356
30.027544
27.713833
25.584961
23.623169
21.816383
20.151287
18.617260
17.202707
15.898636
14.696292
13.588024
12.564280
11.620716
10.750710
9.948101
9.208167
8.525332
7.894957
7.313218
6.776543
6.281271
5.824619
5.403389
5.015467
4.657734
4.327734
4.023413
3.743089
3.484844
3.245598
3.024808
2.822065
2.634415
2.460836
2.301191
2.153815
2.017578
1.892354
1.776666
1.668775
1.569489
1.476920
1.391329
1.311840
1.238025
1.169945
1.108050
1.047043
0.992185
0.941229
0.893449
0.853138
0.806403
0.777134
0.734607
0.699009
0.666754
0.636271
0.607932
0.581646
0.556107
0.532011
0.509344
0.488012
0.467564
0.448952
0.431319
0.413428
0.396961
0.381503
0.367225
0.352629
0.339403
0.326729
0.314732
0.303154
0.292255
0.282648
0.271863
0.262320
0.255042
0.244742
0.236630
0.229029
0.221533
0.214701
0.207620
0.201477
0.195371
0.189348
0.184055
0.178400
0.173562
0.168642
0.164480
0.160339
0.155571
0.151470
0.147792
0.144119
0.140904
0.137391
0.134420
0.131607
0.129876
0.125337
0.122497
0.120224
0.117623
0.115729
0.113159
0.110849
0.108842
0.107880
0.105443
0.104219
0.101915
0.099774
0.098153
0.096983
0.096156
0.094568
0.092482
0.091808
0.089850
0.088667
0.087310
0.086151
0.085004
0.083857
0.082714
0.081807
0.082278
0.081062
0.078588
0.077879
0.076830
0.075683
0.074934
0.074191
0.073033
0.072494
0.071508
0.071079
0.070523
0.069221
0.068546
0.067430
0.067156
0.066073
0.066722
0.064289
0.063948
0.063105
0.062374
0.061756
0.062546
0.060582
0.059828
0.059406
0.059046
0.058136
0.057879
0.056781
0.056921
0.056177
0.055566
0.054895
0.056982
0.054001
0.053035
0.052596
0.051875
0.051460
0.051803
0.050577
0.050117
0.050101
0.049234
0.049823
0.050372
0.048469
0.047560
0.046978
0.047167
0.046705
0.046330
0.045334
0.045867
0.045389
0.044358
0.044615
0.043531
0.042989
0.043238
0.152074
0.084136
0.067102
0.058965
0.054180
0.051213
0.049061
