865.620056
753.784241
665.765259
589.901855
523.956360
466.058594
414.855011
369.626984
329.589752
294.152649
262.676147
234.824738
210.135345
188.217880
168.767746
151.484573
136.127182
122.462990
110.291527
99.450768
89.783508
81.160370
73.453941
66.569756
60.408463
54.890728
49.945946
45.505112
41.516556
37.928680
34.697617
31.783049
29.150900
26.772697
24.618769
22.666916
20.894917
19.285067
17.819580
16.484444
15.265942
14.152094
13.133360
12.199614
11.342380
10.555604
9.831422
9.164824
8.550368
7.983002
7.459074
6.975084
6.525603
6.110097
5.724391
5.366139
5.033585
4.723688
4.435625
4.168059
3.917815
3.685162
3.467655
3.264614
3.074805
2.897149
2.730978
2.576025
2.432271
2.294755
2.168022
2.047718
1.936298
1.831404
1.731690
1.639734
1.552215
1.471351
1.395521
1.323033
1.254584
1.190112
1.130395
1.073856
1.020948
0.970368
0.924747
0.877437
0.835623
0.795462
0.757982
0.726796
0.687730
0.655829
0.625574
0.597110
0.569710
0.544539
0.520431
0.496846
0.475472
0.455753
0.434782
0.415681
0.398324
0.381487
0.365242
0.350160
0.335327
0.320898
0.308739
0.295301
0.285621
0.272068
0.262099
0.251323
0.242408
0.233151
0.224295
0.216463
0.208607
0.202312
0.194197
0.188002
0.181639
0.175283
0.169710
0.164222
0.159680
0.155551
0.150624
0.145489
0.141446
0.137278
0.133723
0.130481
0.127434
0.123840
0.120788
0.118373
0.116217
0.112279
0.110060
0.107437
0.105004
0.104360
0.102694
0.099839
0.097063
0.095200
0.093276
0.092319
0.090506
0.088688
0.088510
0.088052
0.084501
0.083178
0.082852
0.080943
0.080184
0.078607
0.078057
0.076175
0.075348
0.074310
0.073406
0.072336
0.071556
0.071120
0.069658
0.069157
0.068425
0.067086
0.066285
0.065492
0.065242
0.064304
0.063214
0.062500
0.061772
0.061060
0.061526
0.059753
0.059202
0.058242
0.057809
0.058359
0.056987
0.055765
0.055824
0.054633
0.054092
0.053595
0.053369
0.052552
0.052103
0.051273
0.050713
0.050513
0.049208
0.049237
0.048805
0.048809
0.047580
0.047547
0.047032
0.046272
0.045577
0.045563
0.045155
0.044893
0.044136
0.044400
0.043071
0.042772
0.042427
0.041997
0.042106
0.048395
0.041392
0.040527
0.040466
0.040138
0.039625
0.039169
0.038797
0.038835
0.038380
0.038116
0.037574
0.037451
0.036784
0.036692
0.036503
0.036077
0.035444
0.035253
0.034672
0.034898
