0.444384
0.585771
0.682376
0.763453
0.815999
0.848501
0.857891
0.866919
0.876490
0.883171
0.898700
0.910076
0.918563
0.932105
0.934272
0.942217
0.949801
0.952149
0.957024
0.959372
0.962622
0.965872
0.970206
0.972553
0.974720
0.977068
0.979054
0.980498
0.980498
0.981401
0.983026
0.984471
0.987360
0.985735
0.989166
0.988805
0.989346
0.988985
0.989527
0.990249
0.991694
0.990971
0.991152
0.991513
0.991513
0.991513
0.990971
0.991513
0.991333
0.992235
0.990791
0.990610
0.990971
0.991152
0.991513
0.989888
0.990610
0.990791
0.990430
0.990249
0.989707
0.989888
0.988805
0.988985
0.990791
0.992235
0.990430
0.990610
0.989527
0.990069
0.988263
0.988985
0.988624
0.990069
0.990791
0.990069
0.990791
0.988805
0.988443
0.987179
0.991694
0.991152
0.991152
0.991152
0.990249
0.990430
0.989346
0.990971
0.992597
0.990791
0.991694
0.983568
0.990610
0.989888
0.991513
0.989527
0.991513
0.989888
0.990791
0.990791
0.990971
0.990430
0.990971
0.992055
0.991874
0.992416
0.992597
0.991874
0.993499
0.994583
0.994402
0.994222
0.991513
0.994583
0.995125
0.995305
0.994402
0.995125
0.995847
0.995847
0.994763
0.994041
0.996750
0.994763
0.994583
0.995305
0.997472
0.996389
0.996389
0.994763
0.996389
0.997291
0.996750
0.996930
0.996930
0.997111
0.997291
0.996750
0.996750
0.997291
0.997291
0.997472
0.997111
0.997653
0.997833
0.996750
0.997653
0.997653
0.997653
0.997653
0.998194
0.997833
0.998375
0.997833
0.998555
0.996930
0.999278
0.998555
0.997472
0.998736
0.998375
0.998736
0.998736
0.998375
0.998736
0.999458
0.998736
0.998917
0.999097
0.999097
0.999097
0.999278
0.998555
0.999458
0.999639
0.999097
0.999458
0.998917
0.998917
0.999278
0.999097
0.999458
0.999097
0.999097
0.998736
0.999639
0.999819
0.999458
0.999097
0.999639
0.999639
0.999458
0.999097
0.999639
0.999458
0.998917
0.999278
0.999458
0.999639
0.999639
0.999639
0.999639
0.999639
0.999819
0.999458
0.999458
0.999639
0.999458
0.999639
0.999458
0.999639
0.999819
0.999639
0.999458
0.999639
0.999458
0.999458
0.999639
0.999819
0.997653
0.999819
0.999639
0.999819
0.999819
0.999639
0.999639
0.999639
0.999639
0.999639
0.999639
0.999639
0.999819
0.999639
0.999639
0.999458
0.999639
0.999819
0.999639
1.000000
0.999639
