439.206848
377.272400
332.801056
294.035614
260.188751
230.641830
204.664200
181.590652
161.507339
143.813705
128.171494
114.329201
102.046585
91.102745
81.419014
72.840424
65.204422
58.447140
52.421696
47.068722
42.314064
38.072624
34.298840
30.933226
27.927168
25.246073
22.846941
20.699949
18.778648
17.054924
15.512135
14.125745
12.879438
11.757780
10.750750
9.841042
9.024734
8.286706
7.620065
7.017741
6.471653
5.978060
5.531161
5.125649
4.755879
4.418943
4.113100
3.835162
3.582747
3.352795
3.141896
2.949951
2.773864
2.612782
2.465938
2.331944
2.209067
2.095853
1.993613
1.898101
1.811024
1.730780
1.657099
1.589036
1.525515
1.468162
1.414761
1.365141
1.319125
1.276637
1.237375
1.200903
1.167200
1.135566
1.106360
1.079531
1.053920
1.030395
1.008300
0.987902
0.968728
0.950819
0.934167
0.918344
0.903594
0.889707
0.876782
0.864744
0.853211
0.842300
0.832480
0.823278
0.813888
0.805719
0.796471
0.788796
0.781160
0.774639
0.768299
0.762400
0.756902
0.750850
0.745698
0.741485
0.736233
0.731988
0.727876
0.723660
0.720338
0.715836
0.713044
0.709877
0.706332
0.703092
0.700076
0.697324
0.694454
0.691694
0.688851
0.686563
0.684769
0.681976
0.680092
0.677478
0.674311
0.674229
0.671442
0.669208
0.667711
0.665476
0.663783
0.662316
0.660388
0.658696
0.656613
0.655312
0.654260
0.652820
0.651311
0.649756
0.648481
0.646453
0.645606
0.644705
0.644145
0.641745
0.640107
0.638998
0.637409
0.637207
0.635755
0.634038
0.633046
0.632583
0.630432
0.629542
0.628515
0.627518
0.626402
0.627206
0.624189
0.623390
0.620914
0.620855
0.619243
0.618694
0.617300
0.617099
0.614868
0.613925
0.612606
0.611486
0.610964
0.609354
0.608728
0.607732
0.606835
0.605093
0.605297
0.603022
0.602284
0.601375
0.599922
0.599871
0.598512
0.596213
0.595046
0.592948
0.590421
0.589332
0.588168
0.586373
0.586162
0.583560
0.581277
0.581236
0.578947
0.579889
0.576953
0.574432
0.573879
0.572955
0.572329
0.570231
0.568776
0.569954
0.566578
0.567218
0.565772
0.563375
0.562852
0.562060
0.564653
0.560591
0.558502
0.558139
0.557051
0.556198
0.553559
0.553817
0.554383
0.550941
0.551455
0.552673
0.548862
0.547169
0.547564
0.546398
0.543951
0.545878
0.542078
0.545815
0.542143
0.540967
0.542463
0.538915
0.537615
0.537828
0.538013
0.537149
