0.469156
0.598794
0.685065
0.714981
0.716373
0.717069
0.731911
0.731911
0.735158
0.739796
0.750464
0.746058
0.748840
0.749072
0.754870
0.763451
0.758117
0.764378
0.772032
0.774814
0.772959
0.776670
0.777366
0.777366
0.776206
0.779917
0.777829
0.776438
0.781076
0.782468
0.785250
0.786410
0.787106
0.788497
0.789425
0.789657
0.787338
0.789889
0.788961
0.789425
0.783395
0.784091
0.782468
0.780844
0.781772
0.779685
0.785946
0.786178
0.786178
0.785946
0.784787
0.787570
0.785019
0.787570
0.785019
0.785482
0.785946
0.785482
0.785250
0.780612
0.782931
0.782699
0.779221
0.780844
0.779453
0.781540
0.782468
0.782236
0.784323
0.783395
0.783163
0.784323
0.779685
0.782468
0.782468
0.781540
0.782236
0.783859
0.780380
0.782236
0.782236
0.783395
0.782699
0.780612
0.781308
0.783395
0.783163
0.782236
0.783163
0.782931
0.782931
0.783627
0.783395
0.782931
0.782236
0.782236
0.784323
0.782931
0.784555
0.782468
0.782699
0.784091
0.784323
0.781540
0.783627
0.782468
0.782699
0.783163
0.783395
0.781772
0.783163
0.784091
0.784323
0.784787
0.784555
0.787106
0.785482
0.784091
0.784323
0.788497
0.785019
0.787338
0.785482
0.784091
0.786410
0.788265
0.786178
0.783163
0.785250
0.787338
0.787802
0.784323
0.788033
0.783395
0.783627
0.785714
0.786642
0.788729
0.786178
0.786410
0.786178
0.786178
0.785019
0.786874
0.787106
0.786178
0.786410
0.783859
0.786410
0.788265
0.788497
0.787802
0.787106
0.787106
0.787802
0.787106
0.786642
0.787570
0.787338
0.787106
0.791280
0.785019
0.788729
0.791512
0.787106
0.789193
0.792904
0.789193
0.792440
0.795455
0.798006
0.796150
0.799629
0.796614
0.796382
0.798238
0.798701
0.796150
0.800093
0.802876
0.798933
0.801716
0.801484
0.800093
0.800093
0.806122
0.808905
0.804499
0.807050
0.805195
0.804731
0.804499
0.810065
0.804963
0.809833
0.807746
0.807282
0.810297
0.809369
0.811688
0.808905
0.814007
0.810761
0.813544
0.814007
0.814703
0.814007
0.813544
0.813080
0.813312
0.812384
0.813544
0.811688
0.815863
0.818646
0.813544
0.816095
0.817950
0.817486
0.815631
0.820501
0.817718
0.819341
0.819341
0.818414
0.818414
0.821429
0.821429
0.822820
0.821429
0.817254
0.823052
0.823516
0.820501
0.821429
0.822820
0.821197
0.823284
0.823748
0.830241
