439.868683
382.109863
338.677795
300.757782
267.373718
237.562561
211.150970
187.720413
167.132019
148.734558
132.439148
117.996468
105.109802
93.686920
83.507843
74.489944
66.434998
59.257084
52.885403
47.197304
42.142559
37.635040
33.616070
30.039959
26.852749
24.015345
21.485510
19.230623
17.220984
15.432072
13.838410
12.419924
11.155365
10.030074
9.028247
8.136085
7.341365
6.634450
6.005493
5.444664
4.946645
4.503646
4.108696
3.757764
3.444133
3.165585
2.916297
2.694848
2.497898
2.321821
2.164760
2.025190
1.900903
1.789983
1.690768
1.601451
1.521667
1.449317
1.384350
1.325945
1.272290
1.223996
1.179765
1.140834
1.104068
1.071573
1.041789
1.014899
0.989837
0.967215
0.945908
0.926851
0.908767
0.892390
0.877056
0.862661
0.849291
0.837136
0.825562
0.815338
0.804797
0.795470
0.787555
0.779107
0.771662
0.764548
0.757381
0.750542
0.745655
0.738918
0.733243
0.728761
0.724696
0.719594
0.714592
0.712026
0.707833
0.703109
0.700984
0.697519
0.693914
0.690473
0.687222
0.684770
0.681881
0.680157
0.678216
0.675206
0.672439
0.670419
0.668387
0.666549
0.664683
0.662192
0.661412
0.658758
0.656730
0.655210
0.653294
0.653405
0.650289
0.649510
0.647791
0.645747
0.643862
0.642471
0.641296
0.639768
0.638611
0.637216
0.636526
0.634259
0.633408
0.631926
0.630708
0.629281
0.629171
0.626664
0.625261
0.623757
0.622772
0.621898
0.622148
0.621010
0.618568
0.617049
0.615909
0.615984
0.614206
0.613366
0.611463
0.609697
0.611174
0.609066
0.609482
0.607035
0.605334
0.604182
0.603498
0.601718
0.600423
0.599755
0.599182
0.598277
0.597132
0.595674
0.594813
0.594369
0.594859
0.593861
0.591433
0.589912
0.589826
0.588197
0.587972
0.587878
0.586608
0.584301
0.584045
0.582788
0.583314
0.581927
0.581422
0.582778
0.580139
0.577910
0.580552
0.578139
0.578095
0.575510
0.573633
0.572184
0.572852
0.573077
0.570690
0.568582
0.568706
0.568216
0.567736
0.565428
0.564988
0.565254
0.563171
0.564756
0.562379
0.561256
0.560441
0.564178
0.559989
0.560063
0.556966
0.557364
0.558697
0.554249
0.553227
0.553350
0.554520
0.553813
0.554017
0.552784
0.550867
0.555717
0.548334
0.547073
0.547507
0.548306
0.545247
0.549931
0.544107
0.549173
0.543537
0.545118
0.543820
0.541055
0.540612
0.540464
0.546582
0.541699
0.539646
0.541699
