430.742615
383.799744
343.778870
308.114624
275.847107
246.847870
220.860291
197.540878
176.672974
158.001190
141.300049
126.378273
113.053017
101.150162
90.533333
81.049301
72.592896
65.043297
58.308151
52.301254
46.941605
42.157284
37.886517
34.074146
30.672478
27.634483
24.918211
22.492573
20.320112
18.380501
16.640532
15.084004
13.687937
12.436831
11.312838
10.303767
9.395668
8.579400
7.842579
7.178741
6.580102
6.038398
5.548605
5.105155
4.703616
4.338696
4.007110
3.705438
3.430884
3.180413
2.951700
2.743100
2.551753
2.376695
2.215448
2.067878
1.932291
1.807491
1.692863
1.587089
1.489325
1.399154
1.315897
1.238595
1.167048
1.100583
1.038775
0.981520
0.928050
0.878186
0.831621
0.788077
0.747548
0.709280
0.673510
0.639996
0.608352
0.578620
0.550839
0.524163
0.499387
0.475817
0.453691
0.432612
0.412718
0.393984
0.376176
0.359495
0.343387
0.328294
0.313919
0.300278
0.287298
0.275210
0.263308
0.252341
0.241802
0.231871
0.222080
0.213048
0.204471
0.196430
0.188526
0.181049
0.173753
0.167333
0.161017
0.154977
0.149329
0.143883
0.138771
0.133791
0.129224
0.124768
0.120755
0.116881
0.112849
0.109182
0.106004
0.102833
0.099865
0.096682
0.093924
0.091360
0.088895
0.086762
0.084379
0.082470
0.080132
0.078321
0.076326
0.074834
0.073115
0.071626
0.070122
0.068638
0.067407
0.065898
0.064624
0.063570
0.062371
0.061479
0.060426
0.059312
0.058362
0.057594
0.056715
0.055891
0.054976
0.054150
0.053298
0.052526
0.052017
0.051209
0.050574
0.050136
0.049246
0.048592
0.048112
0.047540
0.047049
0.046334
0.045772
0.045409
0.044938
0.044202
0.043884
0.043657
0.042883
0.042301
0.041775
0.041232
0.040963
0.040620
0.040020
0.039637
0.039472
0.038990
0.038337
0.038214
0.037673
0.037441
0.036919
0.036593
0.036099
0.035644
0.035289
0.035000
0.034872
0.034356
0.034092
0.033498
0.033292
0.032852
0.032585
0.032380
0.031856
0.031548
0.031397
0.030989
0.030721
0.031378
0.030041
0.029713
0.030087
0.029354
0.028989
0.028800
0.028394
0.028131
0.027749
0.027695
0.027320
0.027126
0.026898
0.026580
0.026309
0.026057
0.025829
0.025688
0.025463
0.025478
0.025204
0.024760
0.024456
0.024296
0.024124
0.024325
0.023985
0.023658
0.023320
0.023543
0.023067
0.022633
0.022501
0.022393
0.022335
0.022135
0.021724
0.021611
