431.448242
387.388947
346.878662
311.521820
280.954193
253.375443
228.581696
206.277008
186.170151
168.019836
151.712494
137.037674
123.760742
111.819901
101.059731
91.368912
82.616264
74.724518
67.616379
61.184757
55.389790
50.156544
45.430649
41.159389
37.304581
33.813370
30.666136
27.817137
25.243237
22.911179
20.807966
18.901382
17.178028
15.621713
14.210940
12.932297
11.777367
10.729987
9.783525
8.926606
8.150249
7.444796
6.806630
6.228558
5.703253
5.226665
4.795438
4.403804
4.046162
3.722108
3.427558
3.159478
2.914718
2.692272
2.489404
2.304640
2.135167
1.981040
1.839415
1.710422
1.592019
1.482937
1.383265
1.291594
1.207322
1.129901
1.058747
0.992547
0.931981
0.875779
0.823946
0.775948
0.731397
0.690211
0.652054
0.616343
0.583131
0.552174
0.523314
0.496449
0.471195
0.447832
0.425441
0.404346
0.384893
0.366492
0.349351
0.333133
0.317994
0.303488
0.289958
0.277198
0.265089
0.253671
0.242957
0.232771
0.223179
0.213885
0.205174
0.197012
0.189228
0.181921
0.175017
0.168394
0.162242
0.156333
0.150830
0.145756
0.140529
0.135833
0.131383
0.127218
0.123239
0.119564
0.115944
0.112717
0.109492
0.106367
0.103697
0.101009
0.098481
0.096120
0.093696
0.091590
0.089635
0.087562
0.085662
0.083744
0.082437
0.080647
0.078940
0.077592
0.075976
0.074714
0.073292
0.071952
0.070846
0.069509
0.068441
0.067306
0.066178
0.065264
0.064183
0.063163
0.062192
0.061289
0.060535
0.059884
0.058791
0.058131
0.057118
0.056409
0.055572
0.055152
0.054053
0.053416
0.052817
0.051971
0.051411
0.050710
0.050513
0.049482
0.048940
0.048300
0.048006
0.047290
0.046664
0.046174
0.045626
0.045264
0.044635
0.044007
0.043616
0.043049
0.042976
0.042202
0.041615
0.041184
0.040788
0.040314
0.039937
0.039487
0.039242
0.038630
0.038243
0.037684
0.037348
0.036790
0.037165
0.036392
0.035621
0.035346
0.034896
0.034637
0.034454
0.034497
0.033474
0.033230
0.032840
0.032736
0.032193
0.031834
0.031466
0.031216
0.031008
0.030600
0.030191
0.030598
0.029655
0.029332
0.029067
0.028720
0.028592
0.028394
0.027968
0.027619
0.027374
0.027126
0.027002
0.026613
0.026383
0.026294
0.025874
0.025543
0.025340
0.025268
0.024964
0.025089
0.024474
0.024138
0.024113
0.023751
0.023443
0.023341
0.023125
0.023270
0.022798
0.022439
0.022754
0.022111
