437.470612
383.499176
338.663818
301.917145
270.243927
242.233002
217.226273
194.838394
174.803482
156.892136
140.846771
126.512611
113.668938
102.169472
91.887245
82.669678
74.415390
67.025688
60.396809
54.452549
49.122231
44.339874
40.048481
36.195076
32.733425
29.624636
26.827768
24.313900
22.051174
20.014393
18.180325
16.528055
15.037834
13.693612
12.480735
11.385422
10.394921
9.499496
8.689180
7.955543
7.291537
6.689286
6.142632
5.646343
5.195714
4.786194
4.413596
4.074159
3.764838
3.483059
3.225561
2.990460
2.775678
2.578851
2.398439
2.233101
2.081363
1.942111
1.813798
1.695912
1.587000
1.486809
1.394190
1.308653
1.229378
1.155674
1.087386
1.023889
0.964989
0.909989
0.858838
0.810626
0.766015
0.724185
0.685227
0.648569
0.614404
0.582373
0.552347
0.524131
0.497670
0.472647
0.449072
0.426984
0.406118
0.386494
0.367959
0.350651
0.334191
0.318731
0.304068
0.290309
0.277515
0.265066
0.253584
0.242541
0.232369
0.222699
0.213378
0.204755
0.196624
0.189039
0.181569
0.174757
0.168400
0.162333
0.156510
0.150927
0.145974
0.140587
0.135631
0.131175
0.126768
0.122630
0.118954
0.115390
0.111934
0.108691
0.105584
0.102821
0.100126
0.097547
0.095189
0.093007
0.090973
0.088853
0.086911
0.085059
0.083460
0.081796
0.080136
0.078869
0.077551
0.075987
0.074781
0.073539
0.072381
0.071353
0.070312
0.069140
0.068130
0.067169
0.066287
0.065340
0.064302
0.063386
0.062624
0.062071
0.061148
0.060361
0.059874
0.058798
0.058188
0.057509
0.056771
0.056042
0.055648
0.054790
0.054184
0.053475
0.052900
0.052262
0.051799
0.051251
0.050691
0.049962
0.049383
0.048861
0.048434
0.048140
0.047264
0.046733
0.046325
0.045911
0.045280
0.045140
0.044524
0.043917
0.043553
0.043051
0.042538
0.042085
0.041987
0.041119
0.041146
0.040406
0.040014
0.039542
0.039076
0.038661
0.038560
0.037942
0.037650
0.037202
0.036883
0.036532
0.036044
0.035772
0.035454
0.035366
0.034734
0.034311
0.034130
0.033615
0.033504
0.032965
0.033029
0.032375
0.032058
0.031705
0.031556
0.031273
0.030784
0.030536
0.030217
0.029985
0.029848
0.029373
0.029036
0.029256
0.028802
0.028317
0.028188
0.027850
0.027720
0.027403
0.027030
0.026844
0.026533
0.026558
0.026301
0.025800
0.025679
0.025246
0.025120
0.024864
0.024549
0.024510
0.024924
0.024183
