0.740095
0.805977
0.896536
0.925515
0.969436
0.977134
0.979851
0.983020
0.984831
0.985737
0.989812
0.988227
0.991170
0.990718
0.992302
0.992982
0.994566
0.994340
0.995925
0.995246
0.997283
0.996378
0.997510
0.997962
0.998189
0.998189
0.998868
0.998868
0.999547
0.999774
0.999774
0.999774
0.999774
0.999774
0.999774
0.999774
0.999774
0.999774
0.999774
0.999774
0.999774
0.999774
0.999774
0.999774
0.999774
0.999774
0.999774
0.999774
1.000000
1.000000
1.000000
1.000000
1.000000
1.000000
1.000000
1.000000
1.000000
1.000000
1.000000
1.000000
1.000000
1.000000
1.000000
1.000000
1.000000
1.000000
1.000000
1.000000
1.000000
1.000000
1.000000
1.000000
1.000000
1.000000
1.000000
1.000000
1.000000
1.000000
1.000000
1.000000
1.000000
1.000000
1.000000
1.000000
1.000000
1.000000
1.000000
1.000000
1.000000
1.000000
0.999774
0.999774
1.000000
1.000000
1.000000
1.000000
0.999774
0.999547
1.000000
0.999774
1.000000
1.000000
0.999774
1.000000
0.999547
0.999094
0.999774
0.999774
0.999774
0.999774
1.000000
1.000000
1.000000
1.000000
1.000000
1.000000
1.000000
0.999094
1.000000
0.999774
1.000000
0.999547
0.999774
1.000000
0.999094
1.000000
1.000000
1.000000
1.000000
1.000000
1.000000
0.998868
0.999094
1.000000
1.000000
1.000000
1.000000
0.999774
1.000000
1.000000
1.000000
1.000000
1.000000
1.000000
1.000000
1.000000
1.000000
1.000000
1.000000
1.000000
1.000000
1.000000
1.000000
1.000000
1.000000
1.000000
1.000000
1.000000
1.000000
1.000000
1.000000
1.000000
1.000000
1.000000
1.000000
1.000000
1.000000
1.000000
1.000000
1.000000
1.000000
1.000000
1.000000
1.000000
1.000000
1.000000
1.000000
1.000000
1.000000
1.000000
1.000000
1.000000
1.000000
1.000000
1.000000
1.000000
1.000000
1.000000
1.000000
1.000000
1.000000
1.000000
1.000000
1.000000
1.000000
1.000000
1.000000
1.000000
1.000000
1.000000
1.000000
1.000000
1.000000
1.000000
1.000000
1.000000
1.000000
1.000000
1.000000
1.000000
1.000000
1.000000
1.000000
1.000000
1.000000
1.000000
1.000000
1.000000
1.000000
1.000000
1.000000
1.000000
1.000000
1.000000
1.000000
1.000000
1.000000
1.000000
1.000000
1.000000
1.000000
1.000000
1.000000
1.000000
1.000000
1.000000
1.000000
1.000000
1.000000
1.000000
