0.611727
0.846502
0.914422
0.947476
0.966040
0.976681
0.982341
0.986416
0.987322
0.988454
0.988907
0.989812
0.989812
0.988454
0.990718
0.991850
0.991850
0.991623
0.991623
0.992529
0.993208
0.994114
0.994114
0.995698
0.995019
0.995698
0.996151
0.995925
0.996830
0.996830
0.996378
0.996830
0.996830
0.997057
0.996830
0.999094
0.999094
0.998189
0.999774
0.999774
0.999094
0.999547
0.999774
0.999774
0.999774
0.999774
0.999774
0.999774
0.999774
0.999774
0.999774
0.999774
0.999774
0.999774
0.999774
0.999774
0.999774
0.999774
0.999774
0.999774
0.999774
0.999774
0.999774
1.000000
1.000000
1.000000
1.000000
1.000000
1.000000
1.000000
1.000000
1.000000
1.000000
1.000000
1.000000
1.000000
1.000000
1.000000
1.000000
0.999774
0.999547
0.999774
0.999774
0.999547
0.999547
0.999547
0.999547
0.999547
0.999547
0.999321
0.999547
0.999547
0.999547
0.999547
0.999547
0.999547
0.999547
0.999547
0.999547
0.999547
0.999547
0.999547
0.999547
0.999547
0.999547
0.999547
0.999547
0.999547
0.999547
0.999774
1.000000
1.000000
1.000000
1.000000
1.000000
0.999774
1.000000
1.000000
1.000000
1.000000
0.999774
1.000000
1.000000
1.000000
1.000000
1.000000
1.000000
1.000000
1.000000
0.999774
1.000000
1.000000
1.000000
1.000000
1.000000
1.000000
1.000000
1.000000
1.000000
1.000000
0.999774
1.000000
1.000000
1.000000
1.000000
1.000000
1.000000
1.000000
1.000000
1.000000
1.000000
1.000000
1.000000
1.000000
1.000000
1.000000
1.000000
1.000000
1.000000
1.000000
1.000000
1.000000
1.000000
1.000000
1.000000
1.000000
1.000000
1.000000
1.000000
1.000000
1.000000
1.000000
1.000000
1.000000
1.000000
1.000000
1.000000
1.000000
1.000000
1.000000
1.000000
1.000000
1.000000
1.000000
1.000000
1.000000
1.000000
1.000000
1.000000
1.000000
1.000000
1.000000
1.000000
1.000000
1.000000
1.000000
1.000000
1.000000
1.000000
1.000000
1.000000
1.000000
1.000000
1.000000
1.000000
1.000000
1.000000
1.000000
1.000000
1.000000
1.000000
1.000000
1.000000
1.000000
1.000000
1.000000
1.000000
1.000000
1.000000
1.000000
1.000000
1.000000
1.000000
1.000000
1.000000
1.000000
1.000000
1.000000
1.000000
1.000000
1.000000
1.000000
1.000000
1.000000
1.000000
1.000000
1.000000
1.000000
1.000000
1.000000
