434.121399
388.240601
350.768219
317.414276
287.626007
260.927856
236.841034
215.119522
195.520599
177.825653
161.854828
147.419708
134.372330
122.573982
111.865860
102.176674
93.396103
85.428360
78.186188
71.602722
65.614105
60.163670
55.201653
50.668003
46.546909
42.778061
39.334435
36.191158
33.309814
30.679346
28.271210
26.059711
24.037489
22.179831
20.476250
18.908804
17.471184
16.151690
14.935824
13.818671
12.791677
11.843747
10.971682
10.167787
9.427992
8.744381
8.113955
7.532479
6.995415
6.499020
6.041325
5.617925
5.226431
4.864066
4.529547
4.220033
3.933133
3.667690
3.422134
3.194521
2.983624
2.788502
2.607239
2.439489
2.283525
2.139128
2.005091
1.880710
1.765274
1.657673
1.557925
1.465134
1.378765
1.298512
1.223834
1.154307
1.089630
1.028963
0.972760
0.919969
0.870916
0.824937
0.781922
0.741868
0.704257
0.668983
0.635988
0.605007
0.576029
0.548804
0.522976
0.498787
0.475875
0.454374
0.433957
0.414877
0.396718
0.379588
0.363318
0.347804
0.333041
0.319204
0.305811
0.293113
0.281295
0.269985
0.259429
0.249168
0.239366
0.229970
0.221007
0.212491
0.204476
0.196825
0.189499
0.182575
0.175726
0.169629
0.163386
0.157700
0.151754
0.146715
0.141410
0.136651
0.131947
0.127625
0.123342
0.119187
0.115659
0.111749
0.108394
0.105056
0.101793
0.099227
0.095935
0.093203
0.090539
0.088163
0.086033
0.083629
0.081413
0.079382
0.077330
0.075437
0.074006
0.071843
0.070475
0.069590
0.067435
0.065992
0.064583
0.063186
0.062287
0.061200
0.059914
0.058874
0.057750
0.056603
0.055663
0.054410
0.054002
0.052909
0.051885
0.051070
0.050336
0.049888
0.048810
0.049136
0.047566
0.046798
0.046118
0.045717
0.044936
0.044422
0.043994
0.043412
0.042978
0.042726
0.041874
0.041186
0.040780
0.040402
0.039747
0.039759
0.038817
0.038483
0.037935
0.037877
0.037050
0.037230
0.036377
0.035993
0.035564
0.035389
0.035005
0.034370
0.034025
0.033866
0.033486
0.033111
0.032917
0.032514
0.032530
0.031997
0.031479
0.031292
0.031398
0.030505
0.030372
0.030047
0.029721
0.029182
0.028938
0.028773
0.028546
0.028322
0.027848
0.027762
0.027309
0.027246
0.026706
0.026589
0.026466
0.025928
0.026129
0.025746
0.025356
0.025390
0.024762
0.024550
0.024365
0.024426
0.024081
0.023716
0.023495
0.023373
0.023798
0.022934
0.022720
0.022470
