419.915283
368.915802
326.652618
289.878601
257.530396
228.918945
203.619034
181.224274
161.396454
143.811569
128.248657
114.434204
102.186401
91.317337
81.654434
73.074501
65.448692
58.663593
52.624203
47.251835
42.459919
38.194977
34.390858
30.999460
27.969751
25.265396
22.846045
20.685226
18.748938
17.018003
15.463454
14.070926
12.820463
11.696853
10.686771
9.777517
8.960546
8.220737
7.554699
6.951929
6.407405
5.914269
5.468030
5.061942
4.692031
4.356985
4.050732
3.771785
3.517478
3.284437
3.070878
2.875625
2.695841
2.531200
2.379084
2.239011
2.109764
1.990552
1.879702
1.777181
1.682288
1.593161
1.511018
1.434363
1.362815
1.296096
1.233386
1.174957
1.120147
1.068598
1.020165
0.974505
0.931508
0.890853
0.852561
0.816172
0.781946
0.749319
0.718271
0.688976
0.661056
0.634577
0.609091
0.585150
0.561943
0.539833
0.518904
0.498863
0.479577
0.461232
0.443606
0.426930
0.410608
0.395199
0.380359
0.366045
0.352416
0.339419
0.326513
0.314340
0.302474
0.291221
0.280399
0.270188
0.260110
0.250347
0.241351
0.232718
0.224232
0.215719
0.207997
0.200381
0.193457
0.186631
0.179977
0.173524
0.167479
0.161977
0.156259
0.150788
0.145774
0.140862
0.136270
0.131673
0.127330
0.123646
0.119704
0.115647
0.112183
0.109001
0.105657
0.102579
0.099704
0.097078
0.094346
0.091951
0.089620
0.087567
0.085008
0.082961
0.081394
0.079074
0.077486
0.075633
0.074239
0.072458
0.071061
0.069553
0.068154
0.066978
0.065857
0.064685
0.063684
0.062675
0.061535
0.060480
0.059488
0.058704
0.057739
0.056924
0.056033
0.055704
0.054781
0.054009
0.053086
0.052444
0.051896
0.051039
0.050446
0.049777
0.049266
0.048620
0.048588
0.047497
0.046977
0.046351
0.045870
0.045672
0.045063
0.044394
0.044049
0.043348
0.043207
0.042979
0.042059
0.041645
0.041494
0.041409
0.040353
0.040147
0.039735
0.039298
0.039058
0.038571
0.038233
0.037968
0.037402
0.036985
0.037043
0.036530
0.036232
0.036100
0.035464
0.035176
0.034789
0.034436
0.034131
0.034147
0.033859
0.033538
0.033184
0.032788
0.032718
0.032531
0.031857
0.031642
0.031419
0.031206
0.031560
0.030597
0.030565
0.030123
0.029885
0.029595
0.029460
0.029371
0.029262
0.028777
0.028608
0.028254
0.028185
0.027810
0.027632
0.027318
0.027546
0.026902
0.026747
0.026484
0.026904
0.026064
