0.676251
0.823862
0.911252
0.950192
0.969210
0.975323
0.978945
0.980077
0.982341
0.989133
0.989133
0.991170
0.991623
0.992076
0.993208
0.993887
0.993208
0.994340
0.994566
0.994114
0.995925
0.995472
0.995698
0.995698
0.996378
0.996604
0.997962
0.997736
0.998642
0.996378
0.997962
0.998868
0.998189
0.999094
0.999774
1.000000
0.998189
0.999547
0.999547
0.999774
0.999774
1.000000
0.998415
0.998415
1.000000
0.999094
0.999774
0.999774
0.999547
0.999774
1.000000
0.999774
1.000000
1.000000
1.000000
1.000000
1.000000
0.999774
1.000000
1.000000
1.000000
1.000000
1.000000
1.000000
1.000000
1.000000
0.999774
1.000000
0.999774
0.999774
0.999774
0.999774
0.999774
0.999774
0.999774
0.999774
0.999547
0.999547
0.999547
0.999547
0.999547
0.999321
0.999321
0.999321
0.999321
0.999321
0.999321
0.999321
0.999321
0.999321
0.999321
0.999321
0.999321
0.999321
0.999094
0.999321
0.999094
0.999094
0.999094
0.999094
0.999094
0.999321
0.999094
0.999321
0.999094
0.999094
0.999094
0.999094
0.999321
0.999321
0.999094
0.999321
0.999094
0.999094
0.999094
0.999321
0.999321
0.999547
0.999321
0.999321
0.999547
0.999321
0.999774
0.999321
0.999321
0.999321
0.999547
0.999547
0.999547
0.999547
0.999774
0.999774
0.999774
0.999774
0.999547
0.999774
0.999774
0.999774
0.999774
0.999774
0.999774
0.999774
0.999774
0.999774
0.999774
0.999774
0.999774
0.999774
0.999774
0.999774
0.999774
0.999774
0.999774
0.999774
0.999774
0.999774
1.000000
0.999774
0.999774
1.000000
1.000000
0.999774
1.000000
0.999774
1.000000
1.000000
1.000000
1.000000
1.000000
1.000000
1.000000
1.000000
1.000000
1.000000
1.000000
1.000000
1.000000
1.000000
1.000000
1.000000
1.000000
1.000000
1.000000
1.000000
1.000000
1.000000
1.000000
1.000000
1.000000
1.000000
1.000000
1.000000
1.000000
1.000000
1.000000
1.000000
1.000000
1.000000
1.000000
1.000000
1.000000
1.000000
1.000000
1.000000
1.000000
1.000000
1.000000
1.000000
1.000000
1.000000
1.000000
1.000000
1.000000
1.000000
1.000000
1.000000
1.000000
1.000000
1.000000
1.000000
1.000000
1.000000
1.000000
1.000000
1.000000
1.000000
1.000000
1.000000
1.000000
1.000000
1.000000
1.000000
1.000000
1.000000
1.000000
1.000000
1.000000
1.000000
1.000000
1.000000
