432.484497
383.791229
343.494446
308.261200
276.810028
248.655991
223.429611
200.868073
180.605240
162.466110
146.162552
131.536362
118.404289
106.618309
96.020042
86.490326
77.947601
70.251083
63.341454
57.121052
51.522072
46.486782
41.960030
37.900661
34.225410
30.922113
27.948866
25.274309
22.865763
20.696211
18.741772
16.981968
15.396927
13.967290
12.683215
11.522184
10.476873
9.535682
8.687098
7.921770
7.231596
6.608716
6.047260
5.541169
5.084072
4.671762
4.298791
3.961932
3.657843
3.381758
3.132659
2.906405
2.701836
2.515513
2.346496
2.192601
2.052365
1.924624
1.807546
1.700471
1.601940
1.511565
1.428447
1.351623
1.280683
1.214921
1.153834
1.097170
1.044432
0.995059
0.948879
0.905545
0.864898
0.826542
0.790527
0.756421
0.724206
0.693765
0.664476
0.636604
0.610562
0.585630
0.561882
0.539352
0.517791
0.497244
0.477419
0.458733
0.440689
0.423761
0.407295
0.391589
0.376551
0.362222
0.348592
0.335352
0.322739
0.310789
0.299114
0.288078
0.277588
0.267713
0.257870
0.248218
0.238608
0.230010
0.221816
0.213901
0.206545
0.199392
0.192561
0.186071
0.179858
0.173730
0.168044
0.162457
0.157327
0.152605
0.147992
0.143133
0.138824
0.134845
0.130945
0.127251
0.123807
0.120331
0.117005
0.114133
0.111277
0.108049
0.105789
0.102918
0.100732
0.098121
0.095813
0.093570
0.091473
0.089519
0.087756
0.085879
0.084035
0.082545
0.080862
0.079498
0.078057
0.076645
0.075330
0.074208
0.072879
0.071649
0.070301
0.069230
0.068107
0.067274
0.066294
0.065020
0.064934
0.063118
0.062356
0.061525
0.060809
0.060522
0.059348
0.058518
0.057566
0.056497
0.055898
0.055269
0.054552
0.053865
0.052888
0.052137
0.051633
0.051012
0.049962
0.049444
0.049113
0.048009
0.047313
0.046759
0.046499
0.045951
0.045309
0.044645
0.044305
0.043995
0.043457
0.042867
0.042216
0.042077
0.041634
0.041089
0.040562
0.040154
0.039879
0.039432
0.039132
0.038449
0.038249
0.037769
0.037710
0.037039
0.037208
0.036317
0.036088
0.035836
0.035183
0.035403
0.035244
0.034312
0.034359
0.033676
0.033480
0.032984
0.033032
0.032482
0.032198
0.032030
0.031468
0.031234
0.031030
0.030735
0.030307
0.030317
0.030087
0.029719
0.029551
0.029133
0.028924
0.028696
0.028464
0.028107
0.027688
0.027843
0.027268
0.027177
0.026867
0.026639
0.026635
0.026708
