0.642518
0.828617
0.898574
0.947928
0.960833
0.969663
0.979624
0.982567
0.986190
0.986416
0.988454
0.990491
0.991397
0.991170
0.992302
0.992529
0.992302
0.992982
0.992755
0.993208
0.993887
0.993887
0.994793
0.993208
0.993661
0.995698
0.996151
0.995698
0.996604
0.996604
0.997736
0.997736
0.998642
0.999547
0.997283
0.998642
0.999774
0.999321
0.999094
0.999774
0.999774
0.999774
0.999774
1.000000
0.999774
1.000000
0.999774
1.000000
1.000000
0.999774
0.999774
0.999774
1.000000
0.999774
0.999774
0.999774
0.999774
1.000000
0.999774
1.000000
0.999774
0.999774
0.999774
1.000000
1.000000
1.000000
0.999774
0.999774
0.999774
0.999774
0.999774
0.999774
0.999774
0.999774
0.999774
0.999774
0.999774
0.999774
0.999774
0.999774
0.999774
0.999774
0.999774
0.999774
0.999774
0.999774
0.999774
0.999774
0.999774
0.999774
0.999774
0.999774
0.999774
0.999774
0.999547
0.999774
0.999774
0.999774
0.999547
0.998868
0.999774
0.998868
0.999774
0.999321
0.999321
0.999321
0.999774
0.999774
1.000000
0.998868
1.000000
0.999321
0.999774
0.999774
1.000000
0.999547
1.000000
1.000000
1.000000
1.000000
1.000000
0.999547
0.999547
0.999547
1.000000
1.000000
0.999547
1.000000
1.000000
1.000000
1.000000
1.000000
0.999094
1.000000
1.000000
1.000000
1.000000
1.000000
1.000000
1.000000
1.000000
1.000000
1.000000
1.000000
1.000000
1.000000
1.000000
1.000000
1.000000
1.000000
1.000000
1.000000
1.000000
1.000000
1.000000
1.000000
1.000000
1.000000
1.000000
1.000000
1.000000
1.000000
1.000000
1.000000
1.000000
1.000000
1.000000
1.000000
1.000000
1.000000
1.000000
1.000000
1.000000
1.000000
1.000000
1.000000
1.000000
1.000000
1.000000
1.000000
1.000000
1.000000
1.000000
1.000000
1.000000
1.000000
1.000000
1.000000
1.000000
1.000000
1.000000
1.000000
1.000000
1.000000
1.000000
1.000000
1.000000
1.000000
1.000000
1.000000
1.000000
1.000000
1.000000
1.000000
1.000000
1.000000
1.000000
1.000000
1.000000
1.000000
1.000000
1.000000
1.000000
1.000000
1.000000
1.000000
1.000000
1.000000
1.000000
1.000000
1.000000
1.000000
1.000000
1.000000
1.000000
1.000000
1.000000
1.000000
1.000000
1.000000
1.000000
1.000000
1.000000
1.000000
1.000000
1.000000
1.000000
1.000000
1.000000
1.000000
