430.472412
374.012726
330.318695
293.519226
262.006134
234.531174
210.293045
188.799545
169.709335
152.716919
137.562149
124.061661
111.995743
101.183189
91.529633
82.866089
75.081703
68.087074
61.810036
56.152046
51.059185
46.464684
42.314644
38.571178
35.186165
32.127636
29.350981
26.832718
24.549921
22.482973
20.601635
18.895832
17.338875
15.928843
14.640087
13.468691
12.396915
11.421606
10.527651
9.713103
8.968822
8.285945
7.661859
7.090401
6.566388
6.086602
5.645680
5.240845
4.868839
4.528014
4.212920
3.924155
3.657577
3.412606
3.186976
2.977948
2.784964
2.608036
2.443688
2.291360
2.150739
2.020783
1.899545
1.787952
1.683643
1.587581
1.497665
1.414562
1.337818
1.264697
1.197477
1.134583
1.075924
1.021051
0.969857
0.921612
0.877129
0.834322
0.794517
0.757378
0.722176
0.688928
0.657934
0.628037
0.600014
0.573974
0.548711
0.525232
0.502723
0.481633
0.461441
0.442367
0.424302
0.406851
0.390461
0.374842
0.359959
0.345904
0.332297
0.319440
0.307309
0.295429
0.284255
0.273667
0.263503
0.253809
0.244700
0.235576
0.227052
0.218874
0.211211
0.203787
0.196432
0.189649
0.183118
0.176875
0.170537
0.164846
0.159242
0.153923
0.148620
0.143983
0.139150
0.134899
0.130560
0.126573
0.122842
0.119057
0.115624
0.111787
0.108650
0.105514
0.102623
0.099847
0.097187
0.094565
0.092296
0.089820
0.087655
0.085440
0.083528
0.081543
0.079475
0.077698
0.075899
0.074131
0.072536
0.070909
0.069503
0.068048
0.066615
0.065223
0.063900
0.063048
0.061719
0.060399
0.059382
0.058280
0.057508
0.056446
0.055309
0.054482
0.053564
0.052755
0.051863
0.051020
0.050667
0.049786
0.048708
0.048138
0.047534
0.046702
0.046157
0.045626
0.044861
0.044298
0.043749
0.043232
0.042607
0.042643
0.041614
0.041358
0.040587
0.040061
0.039812
0.039536
0.038873
0.038487
0.038101
0.037628
0.037082
0.037008
0.036350
0.035816
0.035821
0.035375
0.034846
0.034620
0.034176
0.033785
0.033599
0.033264
0.032853
0.032446
0.032092
0.031892
0.031455
0.031128
0.031016
0.030740
0.030512
0.030182
0.029769
0.029626
0.029092
0.028846
0.028560
0.028363
0.028088
0.027956
0.027452
0.027716
0.026981
0.026834
0.026526
0.026258
0.026192
0.025828
0.025783
0.025628
0.025086
0.024857
0.024591
0.024455
0.024230
0.023938
0.023717
0.023926
0.023336
0.023105
