0.559429
0.678288
0.842427
0.907403
0.954041
0.968078
0.977813
0.979171
0.980530
0.983247
0.987774
0.988454
0.989586
0.990944
0.991397
0.991850
0.994114
0.996151
0.993661
0.996604
0.995698
0.996151
0.997057
0.996830
0.997057
0.995472
0.995698
0.997510
0.998642
0.998189
0.998642
0.998189
0.998868
0.997510
0.998415
0.997962
0.997962
0.997510
0.999321
0.998868
0.997962
0.999321
0.999321
0.999321
0.999321
0.998868
0.999321
0.999321
0.999547
0.999547
0.999774
0.999547
0.999547
0.999547
0.999547
0.999774
0.999774
0.999547
0.999774
0.999774
0.999774
0.999774
0.999774
0.999774
1.000000
0.999774
1.000000
1.000000
0.999774
0.999547
0.999774
0.999547
0.999547
0.999547
0.999774
0.999547
0.999774
0.999547
0.999774
0.999547
0.999547
0.999547
0.999774
0.999774
0.999774
0.999547
0.999547
0.999547
0.999547
0.999774
0.999547
0.999547
0.999547
0.999547
0.999547
0.999774
0.999547
0.999547
0.999547
0.999547
0.999547
0.999774
1.000000
0.999547
0.999774
0.999547
0.999547
1.000000
1.000000
1.000000
0.999774
0.999547
1.000000
1.000000
1.000000
1.000000
1.000000
1.000000
1.000000
1.000000
1.000000
1.000000
1.000000
1.000000
1.000000
1.000000
1.000000
0.999774
0.999774
1.000000
1.000000
1.000000
1.000000
1.000000
0.999774
0.999774
1.000000
1.000000
1.000000
1.000000
1.000000
1.000000
1.000000
1.000000
1.000000
1.000000
1.000000
1.000000
1.000000
1.000000
1.000000
1.000000
1.000000
1.000000
1.000000
1.000000
1.000000
1.000000
1.000000
1.000000
1.000000
1.000000
1.000000
1.000000
1.000000
1.000000
1.000000
1.000000
1.000000
1.000000
1.000000
1.000000
1.000000
1.000000
1.000000
1.000000
1.000000
1.000000
1.000000
1.000000
1.000000
1.000000
1.000000
1.000000
1.000000
1.000000
1.000000
1.000000
1.000000
1.000000
1.000000
1.000000
1.000000
1.000000
1.000000
1.000000
1.000000
1.000000
1.000000
1.000000
1.000000
1.000000
1.000000
1.000000
1.000000
1.000000
1.000000
1.000000
1.000000
1.000000
1.000000
1.000000
1.000000
1.000000
1.000000
1.000000
1.000000
1.000000
1.000000
1.000000
1.000000
1.000000
1.000000
1.000000
1.000000
1.000000
1.000000
1.000000
1.000000
1.000000
1.000000
1.000000
1.000000
1.000000
1.000000
1.000000
1.000000
1.000000
1.000000
1.000000
