0.502830
0.767489
0.868916
0.915780
0.943627
0.963776
0.975323
0.982567
0.988454
0.989812
0.989133
0.989359
0.990039
0.990718
0.991397
0.991623
0.991850
0.992529
0.992302
0.991623
0.991850
0.993434
0.993887
0.994340
0.995246
0.995019
0.994793
0.995472
0.996151
0.995246
0.997057
0.997510
0.997736
0.998642
0.998189
0.998415
0.998189
0.998642
0.998642
0.998642
0.998642
0.998415
0.999094
0.999321
0.998642
0.999094
0.999094
0.999094
0.999547
0.999321
0.999547
0.999547
0.999321
0.999321
0.999321
0.999547
0.999321
0.999321
0.999321
0.999321
0.999321
0.999321
0.999321
0.999321
0.999321
0.999321
0.999321
0.999321
0.999321
0.999321
0.999321
0.999321
0.999321
0.999321
0.999321
0.999321
0.999321
0.999321
0.999321
0.999094
0.999321
0.999321
0.999321
0.999321
0.999094
0.999321
0.999321
0.999094
0.999094
0.999321
0.999321
0.999321
0.999321
0.999321
0.999321
0.999321
0.999547
0.999547
0.999547
0.999547
0.999547
0.999547
0.999547
0.999547
0.999547
0.999547
0.999547
0.999547
0.999547
0.999547
0.999547
0.999547
0.999547
0.999547
0.999547
0.999547
0.999774
0.999774
0.999547
0.999547
0.999547
0.999774
1.000000
0.999774
1.000000
0.999774
0.999547
1.000000
1.000000
1.000000
1.000000
1.000000
1.000000
1.000000
1.000000
1.000000
1.000000
1.000000
1.000000
1.000000
1.000000
1.000000
1.000000
1.000000
1.000000
1.000000
1.000000
1.000000
1.000000
1.000000
1.000000
1.000000
1.000000
1.000000
1.000000
1.000000
1.000000
1.000000
1.000000
1.000000
1.000000
1.000000
1.000000
1.000000
1.000000
1.000000
1.000000
1.000000
1.000000
1.000000
1.000000
1.000000
1.000000
1.000000
1.000000
1.000000
1.000000
1.000000
1.000000
1.000000
1.000000
1.000000
1.000000
1.000000
1.000000
1.000000
1.000000
1.000000
1.000000
1.000000
1.000000
1.000000
1.000000
1.000000
1.000000
1.000000
1.000000
1.000000
1.000000
1.000000
1.000000
1.000000
1.000000
1.000000
1.000000
1.000000
1.000000
1.000000
1.000000
1.000000
1.000000
1.000000
1.000000
1.000000
1.000000
1.000000
1.000000
1.000000
1.000000
1.000000
1.000000
1.000000
1.000000
1.000000
1.000000
1.000000
1.000000
1.000000
1.000000
1.000000
1.000000
1.000000
1.000000
1.000000
1.000000
1.000000
1.000000
1.000000
1.000000
1.000000
