449.837982
387.954193
349.967041
316.380554
286.629456
259.939240
235.948654
214.313110
194.855499
177.298615
161.468658
147.182510
134.267639
122.598412
112.050461
102.501106
93.859352
86.020447
78.918793
72.472420
66.612312
61.278431
56.426846
52.003628
47.969341
44.286983
40.926857
37.846981
35.027313
32.447315
30.075270
27.901112
25.900482
24.059603
22.367180
20.804382
19.366089
18.033501
16.806370
15.669837
14.618199
13.644256
12.740774
11.902353
11.125754
10.403109
9.731732
9.106538
8.525486
7.984900
7.480535
7.011322
6.573660
6.165337
5.783800
5.428892
5.097374
4.786787
4.496724
4.226161
3.973529
3.737124
3.516517
3.309380
3.116297
2.935416
2.766476
2.608464
2.460526
2.322180
2.192810
2.071641
1.958505
1.852242
1.752901
1.659880
1.572806
1.491125
1.414650
1.342955
1.275578
1.212482
1.153149
1.097513
1.045162
0.996044
0.949775
0.906258
0.865272
0.826659
0.790217
0.755695
0.723269
0.692399
0.663327
0.635527
0.609074
0.584204
0.560563
0.538127
0.516868
0.496676
0.477373
0.458957
0.441346
0.423980
0.407596
0.392083
0.377265
0.363222
0.349624
0.336743
0.324433
0.312515
0.301156
0.290289
0.279896
0.269904
0.260458
0.251183
0.242436
0.233989
0.225852
0.218041
0.210627
0.203533
0.196647
0.189907
0.183577
0.177473
0.171683
0.166087
0.160792
0.155580
0.150931
0.146067
0.141499
0.137145
0.132953
0.128942
0.125068
0.121411
0.117826
0.114675
0.111596
0.108219
0.105300
0.102422
0.099721
0.097086
0.094376
0.092156
0.089981
0.087940
0.085407
0.083469
0.081538
0.079858
0.077902
0.076713
0.074612
0.073163
0.072117
0.070357
0.068942
0.067780
0.066488
0.065206
0.064182
0.063049
0.062030
0.061087
0.060035
0.059156
0.058333
0.057282
0.056662
0.055678
0.054895
0.054378
0.053477
0.052776
0.052469
0.051403
0.050857
0.050267
0.049653
0.048975
0.048425
0.048157
0.047378
0.046800
0.046255
0.045715
0.045300
0.044709
0.044234
0.043882
0.043299
0.042987
0.042434
0.042123
0.041635
0.041176
0.041057
0.040377
0.039887
0.039539
0.039634
0.039151
0.038588
0.038132
0.037716
0.037402
0.036986
0.036684
0.036343
0.035993
0.036332
0.035514
0.034945
0.034587
0.034383
0.034046
0.033842
0.033413
0.033103
0.032872
0.032387
0.032359
0.031915
0.032040
0.031274
0.031474
0.030748
0.030496
0.030233
0.030093
0.030043
0.029433
