0.594748
0.781752
0.887254
0.926194
0.954041
0.962644
0.971927
0.975775
0.976907
0.988907
0.990039
0.995925
0.991170
0.997962
0.993661
0.997510
0.998642
0.999321
0.999321
0.999774
0.999774
0.999774
0.999094
0.999094
0.999094
0.999321
0.999094
0.999094
0.999094
0.999094
0.999094
0.999094
0.999094
0.999094
0.999094
0.999094
0.999094
0.999094
0.999094
0.998868
0.999774
0.999321
0.998868
0.998868
0.998868
0.999321
0.999321
0.999094
0.999321
0.999321
0.999547
0.999321
0.999321
0.999321
0.999321
0.999547
0.999321
0.999321
0.999321
0.999321
0.999321
0.999321
0.999774
0.999547
0.999321
0.999321
0.999321
0.999774
0.999321
0.999321
0.999774
1.000000
0.999094
0.999094
0.999094
0.999094
1.000000
0.999547
0.999547
0.999547
0.999774
0.998642
0.999774
0.998868
0.999774
0.998868
0.998189
0.999774
0.999094
0.998189
0.999094
0.998189
0.998642
0.998415
0.999321
0.997962
0.997962
0.997962
0.997283
0.998189
0.997736
0.997283
0.998642
0.997962
0.997736
0.997283
0.999321
0.997736
0.998189
0.998189
0.998642
0.997962
0.999094
0.998868
0.999094
0.999774
0.998642
0.999774
0.998189
0.999774
0.998868
0.998415
0.998868
0.999547
0.999094
1.000000
0.999774
0.999094
0.999774
1.000000
1.000000
0.999774
0.999321
1.000000
0.999321
0.999094
1.000000
0.999774
0.999774
1.000000
0.999774
1.000000
0.999774
0.999094
1.000000
0.999774
1.000000
1.000000
0.999774
1.000000
0.999774
1.000000
1.000000
1.000000
1.000000
0.999774
1.000000
0.999774
1.000000
1.000000
1.000000
1.000000
0.999774
1.000000
0.999774
1.000000
1.000000
1.000000
1.000000
1.000000
1.000000
1.000000
1.000000
1.000000
1.000000
1.000000
1.000000
1.000000
1.000000
1.000000
1.000000
1.000000
1.000000
1.000000
1.000000
1.000000
1.000000
1.000000
1.000000
1.000000
1.000000
1.000000
1.000000
1.000000
1.000000
1.000000
1.000000
1.000000
1.000000
1.000000
1.000000
1.000000
1.000000
1.000000
1.000000
1.000000
1.000000
1.000000
1.000000
1.000000
1.000000
1.000000
1.000000
1.000000
1.000000
1.000000
1.000000
1.000000
1.000000
1.000000
1.000000
1.000000
1.000000
1.000000
1.000000
1.000000
1.000000
1.000000
1.000000
1.000000
1.000000
1.000000
1.000000
1.000000
1.000000
1.000000
1.000000
1.000000
1.000000
1.000000
