423.144867
365.739410
320.621033
282.287628
248.744293
219.430161
193.669327
171.023499
151.122833
133.571548
118.150284
104.562233
92.609657
82.057991
72.772415
64.570305
57.341206
50.960136
45.328239
40.356956
35.966106
32.086964
28.658203
25.626783
22.943287
20.569242
18.466631
16.603891
14.950898
13.483819
12.180861
11.023837
9.992713
9.075629
8.256396
7.525331
6.871692
6.287039
5.762838
5.292530
4.869597
4.489576
4.146656
3.836624
3.555844
3.301362
3.070223
2.860453
2.668929
2.494285
2.334347
2.188319
2.053545
1.929934
1.816461
1.711015
1.613807
1.523843
1.440375
1.362756
1.290505
1.222817
1.159730
1.100820
1.045814
0.994260
0.945830
0.900285
0.857649
0.817270
0.779253
0.743484
0.709686
0.677706
0.647376
0.618829
0.591656
0.565923
0.541480
0.518325
0.496302
0.475391
0.455454
0.436618
0.418683
0.401344
0.385132
0.369541
0.354884
0.340785
0.327268
0.314379
0.302192
0.290508
0.279454
0.268791
0.258574
0.248806
0.239792
0.231020
0.222821
0.215079
0.207286
0.200118
0.193478
0.186810
0.180527
0.174404
0.168765
0.163291
0.158151
0.153211
0.148335
0.144434
0.139956
0.135662
0.131659
0.128054
0.125003
0.121503
0.118242
0.115345
0.112458
0.109707
0.107058
0.105269
0.102261
0.100063
0.097858
0.095800
0.093842
0.092001
0.090440
0.088574
0.087156
0.085535
0.083717
0.082161
0.080897
0.079840
0.078084
0.076907
0.075835
0.075114
0.073954
0.072527
0.071130
0.070188
0.069432
0.068207
0.067635
0.066446
0.065666
0.064556
0.063793
0.062972
0.062224
0.061488
0.060670
0.059914
0.059153
0.058759
0.058473
0.057187
0.057010
0.056117
0.055370
0.054705
0.054052
0.053366
0.052932
0.052726
0.051689
0.051182
0.050701
0.050076
0.049667
0.048825
0.048291
0.047352
0.046804
0.046234
0.046295
0.045516
0.044924
0.044588
0.044145
0.044068
0.043055
0.042575
0.042133
0.041643
0.041349
0.040954
0.040578
0.040226
0.039666
0.039614
0.038987
0.038710
0.038463
0.038099
0.037621
0.037039
0.036964
0.036434
0.036180
0.035791
0.035476
0.035033
0.034730
0.034604
0.034123
0.033719
0.033786
0.033227
0.032762
0.032421
0.032517
0.031859
0.031505
0.031224
0.030992
0.030656
0.030961
0.030016
0.029965
0.029564
0.029092
0.028917
0.028608
0.028703
0.028325
0.027940
0.027796
0.027442
0.027170
0.026962
0.026772
0.026656
