425.308411
379.001404
337.362000
300.352448
267.125824
237.383362
210.780273
187.070236
165.966476
147.184372
130.505951
115.696770
102.546097
90.894508
80.561478
71.412598
63.313370
56.141735
49.795490
44.183464
39.219124
34.830811
30.951120
27.522202
24.492706
21.814432
19.448542
17.357752
15.509692
13.875787
12.432051
11.154656
10.024514
9.024331
8.138432
7.352685
6.656994
6.038480
5.489314
5.000683
4.565732
4.176882
3.830157
3.519981
3.241752
2.992012
2.767444
2.564602
2.381704
2.216074
2.065601
1.928735
1.804062
1.690002
1.585464
1.489262
1.401013
1.319512
1.244034
1.174294
1.109476
1.049237
0.993121
0.940664
0.891761
0.845825
0.802852
0.762614
0.724682
0.689028
0.655372
0.623675
0.593972
0.565680
0.538820
0.513556
0.489617
0.467008
0.445581
0.425240
0.406023
0.387808
0.370500
0.354057
0.338520
0.323684
0.309796
0.296160
0.283517
0.271505
0.260130
0.249452
0.239173
0.229561
0.220393
0.211762
0.203616
0.195858
0.188626
0.181691
0.175154
0.168994
0.163014
0.157191
0.151935
0.146873
0.142135
0.137300
0.132921
0.128899
0.124796
0.121097
0.117526
0.114087
0.111028
0.107770
0.104957
0.102168
0.098770
0.096014
0.093538
0.091299
0.089004
0.086891
0.084965
0.082900
0.081225
0.079496
0.077866
0.076296
0.074805
0.073297
0.072045
0.070799
0.069560
0.068367
0.067402
0.065906
0.064938
0.063893
0.062871
0.062044
0.060982
0.060220
0.059307
0.058505
0.057507
0.056610
0.055737
0.055101
0.054428
0.053574
0.052804
0.052678
0.051249
0.050768
0.050123
0.049308
0.048660
0.048043
0.047829
0.046866
0.046454
0.045756
0.045323
0.044711
0.044604
0.043883
0.043096
0.042678
0.042213
0.041597
0.041195
0.040688
0.040231
0.039748
0.039351
0.038822
0.038492
0.037998
0.037617
0.037275
0.036888
0.036468
0.036185
0.035823
0.035639
0.035321
0.034810
0.034398
0.033900
0.033487
0.033097
0.032765
0.032575
0.032249
0.031991
0.031688
0.031332
0.031069
0.030881
0.030530
0.030080
0.030136
0.029472
0.029557
0.029131
0.028759
0.028565
0.028111
0.027906
0.027565
0.027384
0.027552
0.026901
0.026610
0.026388
0.026005
0.025880
0.026095
0.025386
0.025258
0.024891
0.024830
0.024485
0.024655
0.024075
0.023833
0.023563
0.023395
0.023621
0.023040
0.022950
0.022711
0.022443
0.022157
0.022338
0.021858
0.021722
0.021606
